
0.000000	0.000000	0.000000	0.110000
-1799.999023	-1599.999146	1599.999146	0.115000
-6600.006348	-6000.005859	6000.005859	0.120000
-10599.994141	-10599.994141	10599.994141	0.125000
-14400.013672	-14400.013672	14400.013672	0.130000
-17599.964844	-17799.964844	17799.964844	0.135000
-20600.019531	-21000.019531	20600.019531	0.140000
-22800.021484	-23200.021484	23200.021484	0.145000
-25399.949219	-25599.947266	25199.949219	0.150000
-27000.025391	-27600.025391	27200.025391	0.155000
-29200.027344	-29600.027344	29200.027344	0.160000
-30599.937500	-30999.937500	30399.937500	0.165000
-32200.031250	-32400.031250	32000.031250	0.170000
-33200.031250	-33800.031250	32800.031250	0.175000
-34599.929688	-34799.929688	34199.929688	0.180000
-35600.035156	-35800.035156	34800.031250	0.185000
-36600.035156	-36800.035156	36000.035156	0.190000
-37200.035156	-37600.035156	36400.035156	0.195000
-38399.921875	-38199.921875	37399.925781	0.200000
-38600.035156	-39000.039062	37800.035156	0.205000
-39800.039062	-39600.039062	38600.035156	0.210000
-39999.917969	-39999.917969	38599.921875	0.215000
-40600.039062	-40600.039062	39400.039062	0.220000
-41000.039062	-41000.039062	39600.039062	0.225000
-41799.914062	-41599.914062	40199.917969	0.230000
-41800.039062	-41600.039062	40400.039062	0.235000
-42600.039062	-42400.039062	40600.039062	0.240000
-42399.914062	-42199.914062	40999.917969	0.245000
-43200.042969	-43000.039062	41200.039062	0.250000
-43200.042969	-42800.039062	41400.039062	0.255000
-43800.042969	-43400.042969	41800.039062	0.260000
-43600.042969	-43600.042969	41600.039062	0.265000
-44199.777344	-43799.781250	42199.789062	0.270000
-44200.042969	-43800.042969	42000.039062	0.275000
-44600.042969	-44200.042969	42400.039062	0.280000
-44600.042969	-44000.042969	42400.039062	0.285000
-44800.042969	-44800.042969	42800.039062	0.290000
-44800.042969	-44200.042969	42400.039062	0.295000
-45199.773438	-44999.773438	42999.785156	0.300000
-45200.042969	-44800.042969	42800.039062	0.305000
-45400.042969	-45000.042969	43000.039062	0.310000
-45400.042969	-45000.042969	43000.039062	0.315000
-45600.042969	-45400.042969	43200.042969	0.320000
-45400.042969	-45200.042969	43200.042969	0.325000
-45799.769531	-45599.773438	43399.781250	0.330000
-45800.042969	-45200.042969	43200.042969	0.335000
-45600.042969	-45800.042969	43600.042969	0.340000
-45800.042969	-45400.042969	43200.042969	0.345000
-46000.042969	-45800.042969	43600.042969	0.350000
-45600.042969	-45800.042969	43600.042969	0.355000
-46199.769531	-45999.769531	43599.781250	0.360000
-45600.042969	-45800.042969	43600.042969	0.365000
-46400.042969	-46200.042969	43800.042969	0.370000
-46300.042969	-45900.042969	43800.042969	0.380000
-46000.042969	-46000.042969	43400.042969	0.385000
-46600.042969	-46400.042969	44000.042969	0.390000
-46399.769531	-45999.769531	43799.781250	0.395000
-46600.042969	-46600.042969	44000.042969	0.400000
-46400.042969	-46200.042969	43900.042969	0.410000
-46400.042969	-46200.042969	43800.042969	0.415000
-46600.042969	-46400.042969	44000.042969	0.420000
-46399.769531	-46199.769531	43799.781250	0.425000
-46800.042969	-46800.042969	44400.042969	0.430000
-46400.042969	-46400.042969	43900.042969	0.440000
-46400.042969	-46200.042969	44000.042969	0.445000
-46800.042969	-46600.042969	44000.042969	0.450000
-46399.769531	-46399.769531	43999.781250	0.455000
-46800.042969	-46800.042969	44200.042969	0.460000
-46600.042969	-46200.042969	43800.042969	0.465000
-46800.042969	-46800.042969	44400.042969	0.470000
-46600.042969	-46400.042969	43800.042969	0.475000
-46800.042969	-46800.042969	44400.042969	0.480000
-46399.769531	-46399.769531	43999.781250	0.485000
-47000.042969	-46800.042969	44200.042969	0.490000
-46400.042969	-46400.042969	44000.042969	0.495000
-47000.042969	-47000.042969	44200.042969	0.500000
-46400.042969	-46200.042969	44000.042969	0.505000
-47000.042969	-47000.042969	44400.042969	0.510000
-46700.042969	-46600.042969	44100.042969	0.520000
-46600.042969	-46600.042969	44200.042969	0.525000
-46800.042969	-46800.042969	44200.042969	0.530000
-46599.488281	-46599.488281	44199.515625	0.535000
-46800.042969	-47000.042969	44200.042969	0.540000
-46600.042969	-46400.042969	44200.042969	0.545000
-46800.042969	-47000.042969	44200.042969	0.550000
-46700.042969	-46700.042969	44000.042969	0.560000
-46600.042969	-46600.042969	44000.042969	0.565000
-47000.042969	-47000.042969	44400.042969	0.570000
-46000.042969	-46600.042969	44000.042969	0.575000
-47000.042969	-47000.042969	44400.042969	0.580000
-46600.042969	-46600.042969	44200.042969	0.585000
-46800.042969	-46800.042969	44200.042969	0.590000
-46799.488281	-46799.488281	44199.515625	0.595000
-46800.042969	-46800.042969	44400.042969	0.600000
-46600.042969	-46600.042969	44000.042969	0.605000
-47000.042969	-47000.042969	44600.042969	0.610000
-46600.042969	-46800.042969	44000.042969	0.615000
-46800.042969	-46800.042969	44400.042969	0.620000
-46800.042969	-46800.042969	44200.042969	0.625000
-46800.042969	-47000.042969	44400.042969	0.630000
-46800.042969	-46600.042969	44200.042969	0.635000
-46800.042969	-47000.042969	44400.042969	0.640000
-46800.042969	-46800.042969	44200.042969	0.645000
-46800.042969	-47000.042969	44400.042969	0.650000
-46800.042969	-46800.042969	44200.042969	0.655000
-46999.484375	-46999.484375	44399.511719	0.660000
-46600.042969	-46600.042969	44200.042969	0.665000
-47000.042969	-47200.046875	44400.042969	0.670000
-46800.042969	-46600.042969	44200.042969	0.675000
-46800.042969	-47000.042969	44400.042969	0.680000
-46800.042969	-47000.042969	44200.042969	0.685000
-47000.042969	-47000.042969	44600.042969	0.690000
-46600.042969	-46600.042969	44000.042969	0.695000
-47000.042969	-47200.046875	44400.042969	0.700000
-46600.042969	-46600.042969	44200.042969	0.705000
-47200.046875	-47200.046875	44400.042969	0.710000
-46600.042969	-46800.042969	44400.042969	0.715000
-46999.484375	-46999.484375	44199.515625	0.720000
-46600.042969	-46800.042969	44200.042969	0.725000
-47200.046875	-47200.046875	44600.042969	0.730000
-46600.042969	-46800.042969	44000.042969	0.735000
-47000.042969	-47000.042969	44600.042969	0.740000
-46800.042969	-46800.042969	44200.042969	0.745000
-47000.042969	-47200.046875	44400.042969	0.750000
-46800.042969	-46800.042969	44200.042969	0.755000
-47000.042969	-47000.042969	44400.042969	0.760000
-46800.042969	-47000.042969	44200.042969	0.765000
-47200.046875	-47200.046875	44600.042969	0.770000
-46600.042969	-46800.042969	44000.042969	0.775000
-47200.046875	-47200.046875	44200.042969	0.780000
-46599.488281	-46799.488281	44199.515625	0.785000
-47000.042969	-47000.042969	44400.042969	0.790000
-47000.042969	-47000.042969	44400.042969	0.795000
-47000.042969	-47200.046875	44200.042969	0.800000
-46800.042969	-46800.042969	44400.042969	0.805000
-47200.046875	-47200.046875	44200.042969	0.810000
-46800.042969	-46800.042969	44200.042969	0.815000
-47000.042969	-47000.042969	44600.042969	0.820000
-46800.042969	-47000.042969	44000.042969	0.825000
-47000.042969	-47000.042969	44600.042969	0.830000
-46800.042969	-46800.042969	44200.042969	0.835000
-47200.046875	-47200.046875	44400.042969	0.840000
-46799.488281	-46999.484375	44399.511719	0.845000
-47200.046875	-47000.042969	44400.042969	0.850000
-46800.042969	-47000.042969	44200.042969	0.855000
-47200.046875	-47000.042969	44600.042969	0.860000
-46800.042969	-46800.042969	44200.042969	0.865000
-47200.046875	-47400.046875	44400.042969	0.870000
-46800.042969	-46800.042969	44400.042969	0.875000
-47200.046875	-47200.046875	44400.042969	0.880000
-46800.042969	-46800.042969	44200.042969	0.885000
-47000.042969	-47200.046875	44600.042969	0.890000
-47000.042969	-47000.042969	44200.042969	0.895000
-47000.042969	-47200.046875	44600.042969	0.900000
-46800.042969	-46800.042969	44000.042969	0.905000
-47199.480469	-47199.480469	44599.511719	0.910000
-46800.042969	-46800.042969	44200.042969	0.915000
-47200.046875	-47200.046875	44400.042969	0.920000
-46800.042969	-47000.042969	44400.042969	0.925000
-47200.046875	-47200.046875	44400.042969	0.930000
-46800.042969	-46800.042969	44200.042969	0.935000
-47000.042969	-47200.046875	44600.042969	0.940000
-46800.042969	-46800.042969	44000.042969	0.945000
-47200.046875	-47200.046875	44600.042969	0.950000
-46800.042969	-47000.042969	44200.042969	0.955000
-47200.046875	-47200.046875	44400.042969	0.960000
-46400.042969	-46800.042969	44400.042969	0.965000
-47199.480469	-47199.480469	44399.511719	0.970000
-46800.042969	-47000.042969	44400.042969	0.975000
-47000.042969	-47000.042969	44400.042969	0.980000
-46800.042969	-47000.042969	44200.042969	0.985000
-47200.046875	-47200.046875	44600.042969	0.990000
-46800.042969	-47000.042969	44200.042969	0.995000
-47000.042969	-47200.046875	44600.042969	1.000000
-46800.042969	-46800.042969	44200.042969	1.005000
-47200.046875	-47200.046875	44400.042969	1.010000
-46600.042969	-47000.042969	44400.042969	1.015000
-47200.046875	-47200.046875	44400.042969	1.020000
-46800.042969	-46800.042969	44200.042969	1.025000
-47000.042969	-47200.046875	44600.042969	1.030000
-46800.042969	-47000.042969	44200.042969	1.035000
-47200.046875	-47200.046875	44600.042969	1.040000
-46600.042969	-46800.042969	44200.042969	1.045000
-47200.046875	-47200.046875	44400.042969	1.050000
-46800.042969	-47000.042969	44400.042969	1.055000
-47000.042969	-47200.046875	44400.042969	1.060000
-46398.937500	-46798.929688	44398.984375	1.065000
-47200.046875	-47400.046875	44600.042969	1.070000
-46800.042969	-46800.042969	44000.042969	1.075000
-47000.042969	-47200.046875	44800.042969	1.080000
-46800.042969	-46800.042969	44000.042969	1.085000
-47000.042969	-47200.046875	44600.042969	1.090000
-47000.042969	-47000.042969	44000.042969	1.095000
-47000.042969	-47200.046875	44400.042969	1.100000
-46800.042969	-46800.042969	44400.042969	1.105000
-47000.042969	-47000.042969	44400.042969	1.110000
-47000.042969	-47000.042969	44400.042969	1.115000
-47000.042969	-47200.046875	44400.042969	1.120000
-46600.042969	-46600.042969	44000.042969	1.125000
-47200.046875	-47400.046875	44600.042969	1.130000
-46800.042969	-46800.042969	44400.042969	1.135000
-47000.042969	-47200.046875	44400.042969	1.140000
-46800.042969	-46800.042969	44400.042969	1.145000
-47200.046875	-47200.046875	44200.042969	1.150000
-46900.042969	-47100.042969	44400.042969	1.160000
-46600.042969	-46800.042969	44000.042969	1.165000
-47200.046875	-47200.046875	44200.042969	1.170000
-46800.042969	-47000.042969	44400.042969	1.175000
-47000.042969	-47000.042969	44400.042969	1.180000
-46800.042969	-47000.042969	44400.042969	1.185000
-46998.925781	-47198.917969	44398.984375	1.190000
-46800.042969	-46600.042969	44400.042969	1.195000
-47000.042969	-47200.046875	44600.042969	1.200000
-46800.042969	-47000.042969	44200.042969	1.205000
-47000.042969	-47000.042969	44600.042969	1.210000
-46800.042969	-47000.042969	44200.042969	1.215000
-47000.042969	-47200.046875	44600.042969	1.220000
-46600.042969	-46800.042969	44400.042969	1.225000
-47200.046875	-47400.046875	44400.042969	1.230000
-46600.042969	-46800.042969	44000.042969	1.235000
-47200.046875	-47200.046875	44600.042969	1.240000
-46800.042969	-47000.042969	44200.042969	1.245000
-47000.042969	-47200.046875	44600.042969	1.250000
-46800.042969	-47000.042969	44200.042969	1.255000
-47000.042969	-47200.046875	44600.042969	1.260000
-46800.042969	-47000.042969	44400.042969	1.265000
-47200.046875	-47200.046875	44400.042969	1.270000
-46900.042969	-47000.042969	44500.042969	1.280000
-46800.042969	-47000.042969	44200.042969	1.285000
-47000.042969	-47200.046875	44600.042969	1.290000
-46800.042969	-46800.042969	44200.042969	1.295000
-47200.046875	-47400.046875	44600.042969	1.300000
-46800.042969	-47000.042969	44400.042969	1.305000
-47200.046875	-47200.046875	44400.042969	1.310000
-46798.929688	-46998.925781	44398.984375	1.315000
-47000.042969	-47200.046875	44600.042969	1.320000
-46800.042969	-46800.042969	44200.042969	1.325000
-47200.046875	-47400.046875	44600.042969	1.330000
-46800.042969	-47000.042969	44000.042969	1.335000
-47200.046875	-47200.046875	44800.042969	1.340000
-46800.042969	-46800.042969	44200.042969	1.345000
-47000.042969	-47400.046875	44600.042969	1.350000
-46800.042969	-46800.042969	44400.042969	1.355000
-47200.046875	-47400.046875	44400.042969	1.360000
-46800.042969	-47000.042969	44400.042969	1.365000
-47200.046875	-47200.046875	44600.042969	1.370000
-46800.042969	-47000.042969	44200.042969	1.375000
-47200.046875	-47200.046875	44600.042969	1.380000
-47000.042969	-47000.042969	44400.042969	1.385000
-47000.042969	-47400.046875	44400.042969	1.390000
-47000.042969	-47000.042969	44400.042969	1.395000
-47200.046875	-47200.046875	44600.042969	1.400000
-46600.042969	-47000.042969	44200.042969	1.405000
-47200.046875	-47400.046875	44600.042969	1.410000
-47000.042969	-47000.042969	44200.042969	1.415000
-47000.042969	-47200.046875	44600.042969	1.420000
-47000.042969	-47000.042969	44400.042969	1.425000
-47200.046875	-47400.046875	44400.042969	1.430000
-46800.042969	-47200.046875	44600.042969	1.435000
-47198.917969	-47198.917969	44398.984375	1.440000
-46800.042969	-47000.042969	44200.042969	1.445000
-47200.046875	-47400.046875	44800.042969	1.450000
-46800.042969	-47000.042969	44200.042969	1.455000
-47200.046875	-47400.046875	44600.042969	1.460000
-46800.042969	-47200.046875	44200.042969	1.465000
-47000.042969	-47200.046875	44600.042969	1.470000
-47000.042969	-47000.042969	44400.042969	1.475000
-47000.042969	-47400.046875	44400.042969	1.480000
-47000.042969	-47000.042969	44600.042969	1.485000
-47000.042969	-47400.046875	44400.042969	1.490000
-46800.042969	-47000.042969	44400.042969	1.495000
-47200.046875	-47200.046875	44600.042969	1.500000
-47000.042969	-47200.046875	44200.042969	1.505000
-47200.046875	-47400.046875	44800.042969	1.510000
-46800.042969	-47000.042969	44200.042969	1.515000
-47200.046875	-47400.046875	44600.042969	1.520000
-46800.042969	-46800.042969	44400.042969	1.525000
-47200.046875	-47400.046875	44400.042969	1.530000
-47000.042969	-47200.046875	44400.042969	1.535000
-47200.046875	-47200.046875	44600.042969	1.540000
-47000.042969	-47000.042969	44200.042969	1.545000
-47000.042969	-47400.046875	44600.042969	1.550000
-47000.042969	-47000.042969	44400.042969	1.555000
-47200.046875	-47200.046875	44400.042969	1.560000
-46798.929688	-46998.925781	44398.984375	1.565000
-47200.046875	-47200.046875	44400.042969	1.570000
-47000.042969	-47200.046875	44600.042969	1.575000
-47200.046875	-47400.046875	44600.042969	1.580000
-47000.042969	-46800.042969	44200.042969	1.585000
-47200.046875	-47400.046875	44600.042969	1.590000
-46800.042969	-47000.042969	44200.042969	1.595000
-47200.046875	-47200.046875	44600.042969	1.600000
-47000.042969	-47000.042969	44400.042969	1.605000
-47200.046875	-47400.046875	44600.042969	1.610000
-46800.042969	-46800.042969	44400.042969	1.615000
-47200.046875	-47400.046875	44600.042969	1.620000
-47000.042969	-47000.042969	44200.042969	1.625000
-47200.046875	-47200.046875	44800.042969	1.630000
-46800.042969	-47200.046875	44200.042969	1.635000
-47200.046875	-47200.046875	44600.042969	1.640000
-46800.042969	-46800.042969	44200.042969	1.645000
-47200.046875	-47400.046875	44600.042969	1.650000
-47000.042969	-47000.042969	44400.042969	1.655000
-47200.046875	-47400.046875	44400.042969	1.660000
-46800.042969	-47000.042969	44400.042969	1.665000
-47200.046875	-47200.046875	44600.042969	1.670000
-47000.042969	-47000.042969	44200.042969	1.675000
-47200.046875	-47400.046875	44800.042969	1.680000
-47000.042969	-47000.042969	44200.042969	1.685000
-47198.917969	-47398.914062	44598.980469	1.690000
-46800.042969	-47000.042969	44400.042969	1.695000
-47200.046875	-47200.046875	44400.042969	1.700000
-47000.042969	-47000.042969	44400.042969	1.705000
-47200.046875	-47400.046875	44600.042969	1.710000
-47000.042969	-47000.042969	44400.042969	1.715000
-47400.046875	-47400.046875	44600.042969	1.720000
-47000.042969	-47000.042969	44400.042969	1.725000
-47200.046875	-47200.046875	44400.042969	1.730000
-47000.042969	-47200.046875	44600.042969	1.735000
-47200.046875	-47200.046875	44400.042969	1.740000
-47200.046875	-47000.042969	44400.042969	1.745000
-47200.046875	-47400.046875	44600.042969	1.750000
-47000.042969	-47000.042969	44200.042969	1.755000
-47400.046875	-47200.046875	44800.042969	1.760000
-47000.042969	-47200.046875	44200.042969	1.765000
-47400.046875	-47400.046875	44800.042969	1.770000
-47200.046875	-47100.042969	44400.042969	1.780000
-47000.042969	-47000.042969	44400.042969	1.785000
-47400.046875	-47200.046875	44600.042969	1.790000
-47000.042969	-47200.046875	44200.042969	1.795000
-47400.046875	-47200.046875	44600.042969	1.800000
-47200.046875	-47000.042969	44400.042969	1.805000
-47200.046875	-47400.046875	44800.042969	1.810000
-47198.917969	-46998.925781	44198.988281	1.815000
-47400.046875	-47400.046875	44600.042969	1.820000
-46800.042969	-47000.042969	44400.042969	1.825000
-47400.046875	-47200.046875	44600.042969	1.830000
-47200.046875	-47200.046875	44400.042969	1.835000
-47200.046875	-47200.046875	44600.042969	1.840000
-47200.046875	-47200.046875	44400.042969	1.845000
-47400.046875	-47200.046875	44600.042969	1.850000
-47000.042969	-47200.046875	44400.042969	1.855000
-47000.042969	-47200.046875	44600.042969	1.860000
-47000.042969	-47000.042969	44400.042969	1.865000
-47400.046875	-47600.046875	44600.042969	1.870000
-47200.046875	-47000.042969	44400.042969	1.875000
-47200.046875	-47200.046875	44600.042969	1.880000
-47200.046875	-47200.046875	44400.042969	1.885000
-47200.046875	-47200.046875	44600.042969	1.890000
-47200.046875	-47400.046875	44400.042969	1.895000
-47200.046875	-47200.046875	44600.042969	1.900000
-47200.046875	-47200.046875	44400.042969	1.905000
-47400.046875	-47400.046875	44600.042969	1.910000
-47000.042969	-47200.046875	44400.042969	1.915000
-47400.046875	-47200.046875	44600.042969	1.920000
-47200.046875	-47200.046875	44400.042969	1.925000
-47400.046875	-47600.046875	44800.042969	1.930000
-47199.480469	-47199.480469	44399.511719	1.940000
-47000.042969	-47000.042969	44400.042969	1.945000
-47600.046875	-47400.046875	44600.042969	1.950000
-47000.042969	-47200.046875	44400.042969	1.955000
-47400.046875	-47400.046875	44800.042969	1.960000
-46600.042969	-47000.042969	44200.042969	1.965000
-47400.046875	-47600.046875	44800.042969	1.970000
-47300.046875	-47200.046875	44500.042969	1.980000
-47000.042969	-47200.046875	44400.042969	1.985000
-47600.046875	-47400.046875	44600.042969	1.990000
-47000.042969	-47000.042969	44400.042969	1.995000
-47400.046875	-47600.046875	44600.042969	2.000000
-46598.933594	-46998.925781	44398.984375	2.005000
-47401.175781	-47401.175781	44601.105469	2.010000
-47198.917969	-47198.917969	44398.984375	2.015000
-47401.175781	-47401.175781	44601.105469	2.020000
-46998.925781	-47198.917969	44398.984375	2.025000
-47401.175781	-47401.175781	44601.105469	2.030000
-46998.925781	-46998.925781	44398.984375	2.035000
-47401.175781	-47601.179688	44601.105469	2.040000
-46998.925781	-46998.925781	44398.984375	2.045000
-47401.175781	-47401.175781	44601.105469	2.050000
-47198.917969	-47198.917969	44398.984375	2.055000
-47201.171875	-47401.175781	44601.105469	2.060000
-47198.917969	-47198.917969	44398.984375	2.065000
-47201.171875	-47401.175781	44601.105469	2.070000
-46998.925781	-46998.925781	44398.984375	2.075000
-47601.179688	-47401.175781	44201.097656	2.080000
-46998.925781	-47198.917969	44598.980469	2.085000
-47401.175781	-47601.179688	44601.105469	2.090000
-46998.925781	-46998.925781	44198.988281	2.095000
-47401.175781	-47401.175781	44801.109375	2.100000
-46998.925781	-47198.917969	44198.988281	2.105000
-47601.179688	-47401.175781	44801.109375	2.110000
-46998.925781	-47198.917969	44398.984375	2.115000
-47401.175781	-47401.175781	44401.101562	2.120000
-46998.925781	-47198.917969	44598.980469	2.125000
-47398.914062	-47398.914062	44598.980469	2.130000
-47001.164062	-47201.171875	44201.097656	2.135000
-47398.914062	-47198.917969	44798.976562	2.140000
-47001.164062	-47201.171875	44201.097656	2.145000
-47598.910156	-47598.910156	44798.976562	2.150000
-47001.164062	-47001.164062	44001.089844	2.155000
-47398.914062	-47598.910156	44598.980469	2.160000
-47201.171875	-47001.164062	44401.101562	2.165000
-47198.917969	-47398.914062	44598.980469	2.170000
-47201.171875	-47201.171875	44401.101562	2.175000
-46998.925781	-47398.914062	44598.980469	2.180000
-47001.164062	-47201.171875	44201.097656	2.185000
-47398.914062	-47398.914062	44798.976562	2.190000
-47201.171875	-47001.164062	44401.101562	2.195000
-47198.917969	-47398.914062	44398.984375	2.200000
-47201.171875	-47401.175781	44601.105469	2.205000
-47398.914062	-47198.917969	44598.980469	2.210000
-47201.171875	-47401.175781	44401.101562	2.215000
-47398.914062	-47398.914062	44598.980469	2.220000
-47001.164062	-47001.164062	44201.097656	2.225000
-47398.914062	-47598.910156	44798.976562	2.230000
-47201.171875	-47201.171875	44201.097656	2.235000
-47398.914062	-47398.914062	44598.980469	2.240000
-47001.164062	-47201.171875	44401.101562	2.245000
-47398.914062	-47598.910156	44598.980469	2.250000
-47198.917969	-46998.925781	44398.984375	2.255000
-47201.171875	-47601.179688	44601.105469	2.260000
-47198.917969	-47198.917969	44398.984375	2.265000
-47201.171875	-47401.175781	44601.105469	2.270000
-47198.917969	-47398.914062	44398.984375	2.275000
-47201.171875	-47401.175781	44601.105469	2.280000
-47198.917969	-47198.917969	44398.984375	2.285000
-47201.171875	-47401.175781	44601.105469	2.290000
-47198.917969	-47198.917969	44398.984375	2.295000
-47401.175781	-47601.179688	44601.105469	2.300000
-46998.925781	-47198.917969	44398.984375	2.305000
-47401.175781	-47401.175781	44801.109375	2.310000
-46998.925781	-47198.917969	44198.988281	2.315000
-47401.175781	-47601.179688	44601.105469	2.320000
-46998.925781	-47198.917969	44598.980469	2.325000
-47401.175781	-47401.175781	44401.101562	2.330000
-47198.917969	-47398.914062	44598.980469	2.335000
-47401.175781	-47401.175781	44601.105469	2.340000
-46998.925781	-47198.917969	44398.984375	2.345000
-47401.175781	-47601.179688	44601.105469	2.350000
-47198.917969	-47198.917969	44398.984375	2.355000
-47401.175781	-47601.179688	44601.105469	2.360000
-46998.925781	-47198.917969	44398.984375	2.365000
-47601.179688	-47601.179688	44601.105469	2.370000
-46598.933594	-47198.917969	44598.980469	2.375000
-47398.914062	-47598.910156	44398.984375	2.380000
-46801.160156	-47201.171875	44401.101562	2.385000
-47398.914062	-47598.910156	44798.976562	2.390000
-47201.171875	-47201.171875	44201.097656	2.395000
-47398.914062	-47598.910156	44798.976562	2.400000
-47201.171875	-47201.171875	44401.101562	2.405000
-47398.914062	-47598.910156	44598.980469	2.410000
-47201.171875	-47201.171875	44401.101562	2.415000
-47398.914062	-47598.910156	44598.980469	2.420000
-47201.171875	-47401.175781	44401.101562	2.425000
-47398.914062	-47398.914062	44798.976562	2.430000
-47201.171875	-47401.175781	44401.101562	2.435000
-47598.910156	-47398.914062	44798.976562	2.440000
-47201.171875	-47201.171875	44201.097656	2.445000
-47398.914062	-47598.910156	44798.976562	2.450000
-47401.175781	-47201.171875	44401.101562	2.455000
-47398.914062	-47598.910156	44598.980469	2.460000
-47201.171875	-47401.175781	44601.105469	2.465000
-47598.910156	-47398.914062	44598.980469	2.470000
-47300.046875	-47400.046875	44600.042969	2.480000
-47201.171875	-47201.171875	44201.097656	2.485000
-47398.914062	-47598.910156	44798.976562	2.490000
-47201.171875	-47201.171875	44401.101562	2.495000
-47598.910156	-47598.910156	44598.980469	2.500000
-47198.917969	-46998.925781	44398.984375	2.505000
-47601.179688	-47801.183594	44801.109375	2.510000
-47300.046875	-47300.046875	44500.042969	2.520000
-47198.917969	-47398.914062	44398.984375	2.525000
-47601.179688	-47401.175781	44801.109375	2.530000
-47198.917969	-47198.917969	44398.984375	2.535000
-47401.175781	-47601.179688	44601.105469	2.540000
-46798.929688	-46998.925781	44398.984375	2.545000
-47201.171875	-47601.179688	44801.109375	2.550000
-47198.917969	-47198.917969	44398.984375	2.555000
-47801.183594	-47601.179688	44801.109375	2.560000
-47300.046875	-47400.046875	44500.042969	2.570000
-47398.914062	-46998.925781	44398.984375	2.575000
-47401.175781	-47601.179688	44601.105469	2.580000
-47398.914062	-47198.917969	44198.988281	2.585000
-47601.179688	-47601.179688	44601.105469	2.590000
-47198.917969	-47198.917969	44398.984375	2.595000
-47401.175781	-47601.179688	44801.109375	2.600000
-47398.914062	-46998.925781	44198.988281	2.605000
-47601.179688	-47601.179688	44801.109375	2.610000
-47198.917969	-47198.917969	44398.984375	2.615000
-47601.179688	-47601.179688	44601.105469	2.620000
-47198.917969	-47198.917969	44598.980469	2.625000
-47398.914062	-47398.914062	44598.980469	2.630000
-47401.175781	-47201.171875	44401.101562	2.635000
-46998.925781	-47598.910156	44798.976562	2.640000
-47201.171875	-47201.171875	44201.097656	2.645000
-47198.917969	-47398.914062	44798.976562	2.650000
-47401.175781	-47401.175781	44401.101562	2.655000
-47598.910156	-47398.914062	44598.980469	2.660000
-47201.171875	-47201.171875	44601.105469	2.665000
-47598.910156	-47598.910156	44598.980469	2.670000
-47201.171875	-47201.171875	44401.101562	2.675000
-47398.914062	-47398.914062	44598.980469	2.680000
-47401.175781	-47401.175781	44401.101562	2.685000
-47598.910156	-47398.914062	44798.976562	2.690000
-47201.171875	-47401.175781	44401.101562	2.695000
-47398.914062	-47398.914062	44598.980469	2.700000
-47401.175781	-47401.175781	44601.105469	2.705000
-47598.910156	-47398.914062	44598.980469	2.710000
-47201.171875	-47401.175781	44401.101562	2.715000
-47198.917969	-47398.914062	44598.980469	2.720000
-46801.160156	-47201.171875	44401.101562	2.725000
-47598.910156	-47598.910156	44798.976562	2.730000
-47401.175781	-47201.171875	44201.097656	2.735000
-47398.914062	-47598.910156	44798.976562	2.740000
-47201.171875	-47201.171875	44401.101562	2.745000
-47798.906250	-47598.910156	44598.980469	2.750000
-47198.917969	-47198.917969	44598.980469	2.755000
-47601.179688	-47601.179688	44601.105469	2.760000
-47398.914062	-47198.917969	44398.984375	2.765000
-47401.175781	-47601.179688	44801.109375	2.770000
-47398.914062	-47398.914062	43998.992188	2.775000
-47601.179688	-47601.179688	44801.109375	2.780000
-47198.917969	-47198.917969	44398.984375	2.785000
-47601.179688	-47601.179688	44601.105469	2.790000
-47398.914062	-47198.917969	44598.980469	2.795000
-47401.175781	-47401.175781	44401.101562	2.800000
-47398.914062	-47398.914062	44598.980469	2.805000
-47801.183594	-47401.175781	44601.105469	2.810000
-47198.917969	-47398.914062	44398.984375	2.815000
-47601.179688	-47401.175781	44601.105469	2.820000
-47398.914062	-47198.917969	44398.984375	2.825000
-47401.175781	-47401.175781	44601.105469	2.830000
-47398.914062	-47398.914062	44598.980469	2.835000
-47601.179688	-47401.175781	44601.105469	2.840000
-47198.917969	-47198.917969	44398.984375	2.845000
-47601.179688	-47401.175781	44601.105469	2.850000
-47198.917969	-47198.917969	44398.984375	2.855000
-47601.179688	-47401.175781	44801.109375	2.860000
-47398.914062	-47198.917969	44398.984375	2.865000
-47401.175781	-47401.175781	44601.105469	2.870000
-47398.914062	-47398.914062	44398.984375	2.875000
-47598.910156	-47398.914062	44598.980469	2.880000
-47201.171875	-47201.171875	44601.105469	2.885000
-47398.914062	-47398.914062	44598.980469	2.890000
-47401.175781	-47201.171875	44401.101562	2.895000
-47398.914062	-47398.914062	44598.980469	2.900000
-47401.175781	-47401.175781	44201.097656	2.905000
-47598.910156	-47398.914062	44798.976562	2.910000
-47201.171875	-47201.171875	44401.101562	2.915000
-47398.914062	-47398.914062	44598.980469	2.920000
-47201.171875	-47201.171875	44401.101562	2.925000
-47598.910156	-47598.910156	44798.976562	2.930000
-47201.171875	-47201.171875	44401.101562	2.935000
-47598.910156	-47398.914062	44598.980469	2.940000
-47201.171875	-47001.164062	44401.101562	2.945000
-47598.910156	-47598.910156	44598.980469	2.950000
-47401.175781	-47201.171875	44601.105469	2.955000
-47598.910156	-47398.914062	44398.984375	2.960000
-47401.175781	-47201.171875	44601.105469	2.965000
-47598.910156	-47398.914062	44598.980469	2.970000
-47401.175781	-47201.171875	44401.101562	2.975000
-47598.910156	-47598.910156	44798.976562	2.980000
-47401.175781	-47001.164062	44401.101562	2.985000
-47598.910156	-47598.910156	44598.980469	2.990000
-47201.171875	-47001.164062	44401.101562	2.995000
-47798.906250	-47398.914062	44598.980469	3.000000
-47198.917969	-47198.917969	44598.980469	3.005000
-47401.175781	-47601.179688	44601.105469	3.010000
-47398.914062	-46998.925781	44598.980469	3.015000
-47601.179688	-47601.179688	44601.105469	3.020000
-47398.914062	-47198.917969	44398.984375	3.025000
-47801.183594	-47401.175781	44801.109375	3.030000
-47398.914062	-47198.917969	44398.984375	3.035000
-47201.171875	-47401.175781	44601.105469	3.040000
-47398.914062	-46998.925781	44598.980469	3.045000
-47601.179688	-47601.179688	44601.105469	3.050000
-47398.914062	-46998.925781	44398.984375	3.055000
-47801.183594	-47601.179688	44801.109375	3.060000
-47398.914062	-47198.917969	44198.988281	3.065000
-47801.183594	-47401.175781	44801.109375	3.070000
-47398.914062	-46998.925781	44398.984375	3.075000
-47601.179688	-47601.179688	44601.105469	3.080000
-47598.910156	-46998.925781	44598.980469	3.085000
-47801.183594	-47601.179688	44601.105469	3.090000
-47398.914062	-47198.917969	44398.984375	3.095000
-47801.183594	-47401.175781	44801.109375	3.100000
-47398.914062	-47198.917969	44198.988281	3.105000
-47601.179688	-47401.175781	44801.109375	3.110000
-47598.910156	-47198.917969	44398.984375	3.115000
-47601.179688	-47401.175781	44601.105469	3.120000
-47398.914062	-47398.914062	44598.980469	3.125000
-47798.906250	-47398.914062	44598.980469	3.130000
-47001.164062	-47201.171875	44401.101562	3.135000
-47598.910156	-47598.910156	44598.980469	3.140000
-47601.179688	-47201.171875	44601.105469	3.145000
-47598.910156	-47398.914062	44598.980469	3.150000
-47401.175781	-47201.171875	44401.101562	3.155000
-47798.906250	-47598.910156	44798.976562	3.160000
-47401.175781	-47201.171875	44401.101562	3.165000
-47598.910156	-47598.910156	44798.976562	3.170000
-47401.175781	-47001.164062	44401.101562	3.175000
-47798.906250	-47598.910156	44598.980469	3.180000
-47201.171875	-47201.171875	44401.101562	3.185000
-47598.910156	-47398.914062	44798.976562	3.190000
-47401.175781	-47401.175781	44401.101562	3.195000
-47598.910156	-47398.914062	44798.976562	3.200000
-47401.175781	-47201.171875	44401.101562	3.205000
-47598.910156	-47598.910156	44598.980469	3.210000
-47401.175781	-47201.171875	44601.105469	3.215000
-47598.910156	-47398.914062	44198.988281	3.220000
-47500.046875	-47400.046875	44600.042969	3.230000
-47201.171875	-47201.171875	44201.097656	3.235000
-47598.910156	-47598.910156	44798.976562	3.240000
-47201.171875	-47201.171875	44401.101562	3.245000
-47798.906250	-47398.914062	44398.984375	3.250000
-47198.917969	-47398.914062	44398.984375	3.255000
-47401.175781	-47401.175781	44601.105469	3.260000
-47398.914062	-47198.917969	44598.980469	3.265000
-47401.175781	-47601.179688	44601.105469	3.270000
-47398.914062	-47198.917969	43998.992188	3.275000
-47601.179688	-47601.179688	44801.109375	3.280000
-47300.046875	-47400.046875	44500.042969	3.290000
-47398.914062	-47198.917969	44598.980469	3.295000
-47601.179688	-47601.179688	44601.105469	3.300000
-47198.917969	-47198.917969	44398.984375	3.305000
-47601.179688	-47601.179688	44801.109375	3.310000
-47198.917969	-47198.917969	44198.988281	3.315000
-47601.179688	-47401.175781	45001.117188	3.320000
-47400.046875	-47400.046875	44500.042969	3.330000
-47198.917969	-47198.917969	44398.984375	3.335000
-47601.179688	-47601.179688	44601.105469	3.340000
-47198.917969	-47198.917969	44398.984375	3.345000
-47201.171875	-47401.175781	44601.105469	3.350000
-47198.917969	-47198.917969	44398.984375	3.355000
-47601.179688	-47601.179688	44801.109375	3.360000
-47398.914062	-47198.917969	44198.988281	3.365000
-47601.179688	-47601.179688	44801.109375	3.370000
-47198.917969	-47198.917969	44198.988281	3.375000
-47598.910156	-47398.914062	44798.976562	3.380000
-47401.175781	-47401.175781	44401.101562	3.385000
-47598.910156	-47598.910156	44598.980469	3.390000
-47401.175781	-47001.164062	44401.101562	3.395000
-47598.910156	-47598.910156	44798.976562	3.400000
-47401.175781	-47201.171875	44201.097656	3.405000
-47598.910156	-47598.910156	44798.976562	3.410000
-47401.175781	-47201.171875	44401.101562	3.415000
-47598.910156	-47398.914062	44598.980469	3.420000
-47601.179688	-47201.171875	44601.105469	3.425000
-47598.910156	-47598.910156	44598.980469	3.430000
-47401.175781	-47201.171875	44401.101562	3.435000
-47598.910156	-47398.914062	44598.980469	3.440000
-47401.175781	-47401.175781	44201.097656	3.445000
-47598.910156	-47398.914062	44398.984375	3.450000
-47401.175781	-47201.171875	44401.101562	3.455000
-47598.910156	-47598.910156	44598.980469	3.460000
-47401.175781	-47201.171875	44601.105469	3.465000
-47598.910156	-47398.914062	44398.984375	3.470000
-47401.175781	-47401.175781	44601.105469	3.475000
-47598.910156	-47398.914062	44598.980469	3.480000
-47401.175781	-47201.171875	44401.101562	3.485000
-47598.910156	-47598.910156	44798.976562	3.490000
-47601.179688	-47201.171875	44401.101562	3.495000
-47598.910156	-47598.910156	44598.980469	3.500000
-47198.917969	-47198.917969	44398.984375	3.505000
-47801.183594	-47601.179688	44601.105469	3.510000
-47398.914062	-47198.917969	44598.980469	3.515000
-47601.179688	-47601.179688	44601.105469	3.520000
-47198.917969	-46998.925781	44398.984375	3.525000
-47801.183594	-47801.183594	44801.109375	3.530000
-47198.917969	-47198.917969	44198.988281	3.535000
-47801.183594	-47401.175781	44801.109375	3.540000
-47398.914062	-47398.914062	44398.984375	3.545000
-47601.179688	-47601.179688	44601.105469	3.550000
-47398.914062	-47198.917969	44598.980469	3.555000
-47601.179688	-47601.179688	44601.105469	3.560000
-47198.917969	-47198.917969	44398.984375	3.565000
-47601.179688	-47401.175781	44601.105469	3.570000
-47598.910156	-47398.914062	44398.984375	3.575000
-47601.179688	-47601.179688	44801.109375	3.580000
-47398.914062	-47198.917969	44398.984375	3.585000
-47601.179688	-47601.179688	44601.105469	3.590000
-47198.917969	-47398.914062	44598.980469	3.595000
-47801.183594	-47401.175781	44601.105469	3.600000
-46798.929688	-47398.914062	44398.984375	3.605000
-47601.179688	-47601.179688	44601.105469	3.610000
-47398.914062	-47198.917969	44398.984375	3.615000
-47601.179688	-47601.179688	44801.109375	3.620000
-47398.914062	-47198.917969	44398.984375	3.625000
-47598.910156	-47598.910156	44598.980469	3.630000
-47201.171875	-47201.171875	44601.105469	3.635000
-47598.910156	-47598.910156	44598.980469	3.640000
-47401.175781	-47401.175781	44401.101562	3.645000
-47598.910156	-47598.910156	44798.976562	3.650000
-47401.175781	-47201.171875	44401.101562	3.655000
-47598.910156	-47598.910156	44798.976562	3.660000
-47201.171875	-47201.171875	44201.097656	3.665000
-47798.906250	-47598.910156	44798.976562	3.670000
-47201.171875	-47201.171875	44401.101562	3.675000
-47598.910156	-47598.910156	44598.980469	3.680000
-47401.175781	-47401.175781	44601.105469	3.685000
-47798.906250	-47598.910156	44598.980469	3.690000
-47201.171875	-47401.175781	44401.101562	3.695000
-47598.910156	-47398.914062	44798.976562	3.700000
-47401.175781	-47401.175781	44401.101562	3.705000
-47598.910156	-47598.910156	44598.980469	3.710000
-47401.175781	-47201.171875	44201.097656	3.715000
-47598.910156	-47598.910156	44598.980469	3.720000
-47401.175781	-47401.175781	44401.101562	3.725000
-47598.910156	-47598.910156	44798.976562	3.730000
-47401.175781	-47201.171875	44401.101562	3.735000
-47798.906250	-47798.906250	44798.976562	3.740000
-47201.171875	-47201.171875	44401.101562	3.745000
-47798.906250	-47598.910156	44598.980469	3.750000
-47198.917969	-47398.914062	44598.980469	3.755000
-47801.183594	-47601.179688	44601.105469	3.760000
-47198.917969	-47398.914062	44598.980469	3.765000
-47801.183594	-47601.179688	44601.105469	3.770000
-47198.917969	-47198.917969	44398.984375	3.775000
-47801.183594	-47601.179688	44801.109375	3.780000
-47198.917969	-47398.914062	44398.984375	3.785000
-47601.179688	-47401.175781	44801.109375	3.790000
-47398.914062	-47398.914062	44398.984375	3.795000
-47601.179688	-47801.183594	44801.109375	3.800000
-47398.914062	-47198.917969	44398.984375	3.805000
-47601.179688	-47601.179688	44801.109375	3.810000
-47398.914062	-47398.914062	44398.984375	3.815000
-47801.183594	-47401.175781	44801.109375	3.820000
-47398.914062	-47398.914062	44198.988281	3.825000
-47601.179688	-47601.179688	45001.117188	3.830000
-47598.910156	-47198.917969	44398.984375	3.835000
-47601.179688	-47601.179688	44601.105469	3.840000
-47398.914062	-47198.917969	44598.980469	3.845000
-48001.191406	-47601.179688	44601.105469	3.850000
-46998.925781	-47398.914062	44598.980469	3.855000
-47801.183594	-47601.179688	44401.101562	3.860000
-47598.910156	-47198.917969	44198.988281	3.865000
-47801.183594	-47601.179688	45001.117188	3.870000
-47398.914062	-47198.917969	44198.988281	3.875000
-47998.902344	-47598.910156	44798.976562	3.880000
-47401.175781	-47401.175781	44601.105469	3.885000
-47798.906250	-47598.910156	44598.980469	3.890000
-47700.046875	-47400.046875	44600.042969	3.900000
-47401.175781	-47201.171875	44401.101562	3.905000
-47798.906250	-47598.910156	44798.976562	3.910000
-47601.179688	-47401.175781	44201.097656	3.915000
-47798.906250	-47398.914062	44798.976562	3.920000
-47401.175781	-47401.175781	44401.101562	3.925000
-47798.906250	-47598.910156	44598.980469	3.930000
-47401.175781	-47201.171875	44601.105469	3.935000
-47798.906250	-47598.910156	44798.976562	3.940000
-47500.046875	-47300.046875	44500.042969	3.950000
-47601.179688	-47401.175781	44401.101562	3.955000
-47598.910156	-47598.910156	44798.976562	3.960000
-47401.175781	-47001.164062	44001.089844	3.965000
-47798.906250	-47598.910156	44598.980469	3.970000
-47401.175781	-47401.175781	44601.105469	3.975000
-47598.910156	-47398.914062	44598.980469	3.980000
-47401.175781	-47201.171875	44401.101562	3.985000
-47798.906250	-47598.910156	44798.976562	3.990000
-47401.175781	-47201.171875	44401.101562	3.995000
-47798.906250	-47598.910156	44798.976562	4.000000
-47398.914062	-47398.914062	44398.984375	4.005000
-47598.910156	-47398.914062	44598.980469	4.010000
-47403.437500	-47403.437500	44603.234375	4.015000
-47598.910156	-47398.914062	44598.980469	4.020000
-47398.914062	-47198.917969	44398.984375	4.025000
-47598.910156	-47598.910156	44798.976562	4.030000
-47403.437500	-47203.421875	44203.203125	4.035000
-47198.917969	-47598.910156	44998.968750	4.040000
-47398.914062	-47398.914062	44198.988281	4.045000
-47598.910156	-47398.914062	44798.976562	4.050000
-47501.179688	-47501.179688	44501.101562	4.060000
-47398.914062	-47198.917969	44598.980469	4.065000
-47598.910156	-47398.914062	44798.976562	4.070000
-47403.437500	-47403.437500	44203.203125	4.075000
-47398.914062	-47398.914062	44798.976562	4.080000
-47398.914062	-47398.914062	44398.984375	4.085000
-47798.906250	-47598.910156	44798.976562	4.090000
-47203.421875	-47203.421875	44403.218750	4.095000
-47598.910156	-47598.910156	44598.980469	4.100000
-47398.914062	-47398.914062	44598.980469	4.105000
-47598.910156	-47398.914062	44598.980469	4.110000
-47403.437500	-47403.437500	44403.218750	4.115000
-47598.910156	-47598.910156	44798.976562	4.120000
-47198.917969	-47198.917969	43998.992188	4.125000
-47798.906250	-47598.910156	44798.976562	4.130000
-47401.175781	-47401.175781	44501.101562	4.140000
-47398.914062	-47198.917969	44398.984375	4.145000
-47598.910156	-47798.906250	44798.976562	4.150000
-47198.917969	-47198.917969	43998.992188	4.155000
-47603.449219	-47403.437500	44603.234375	4.160000
-47398.914062	-47398.914062	44398.984375	4.165000
-47598.910156	-47398.914062	44598.980469	4.170000
-47398.914062	-47398.914062	44398.984375	4.175000
-47803.464844	-47603.449219	44603.234375	4.180000
-47198.917969	-47198.917969	44598.980469	4.185000
-47798.906250	-47598.910156	44598.980469	4.190000
-47198.917969	-47198.917969	44398.984375	4.195000
-47603.449219	-47603.449219	44803.246094	4.200000
-47398.914062	-46798.929688	44398.984375	4.205000
-47798.906250	-47598.910156	44798.976562	4.210000
-47198.917969	-47198.917969	44398.984375	4.215000
-47803.464844	-47603.449219	44603.234375	4.220000
-47198.917969	-47198.917969	44598.980469	4.225000
-47798.906250	-47598.910156	44598.980469	4.230000
-47398.914062	-47198.917969	44398.984375	4.235000
-47603.449219	-47603.449219	44803.246094	4.240000
-47398.914062	-47198.917969	44198.988281	4.245000
-47598.910156	-47598.910156	44798.976562	4.250000
-47398.914062	-47198.917969	44398.984375	4.255000
-47198.917969	-47598.910156	44598.980469	4.260000
-47403.437500	-47403.437500	44603.234375	4.265000
-47598.910156	-47398.914062	44598.980469	4.270000
-47398.914062	-47398.914062	44598.980469	4.275000
-47598.910156	-47598.910156	44598.980469	4.280000
-47403.437500	-47203.421875	44403.218750	4.285000
-47198.917969	-47598.910156	44798.976562	4.290000
-47398.914062	-47198.917969	44398.984375	4.295000
-47598.910156	-47598.910156	44798.976562	4.300000
-47203.421875	-47203.421875	44603.234375	4.305000
-47798.906250	-47798.906250	44598.980469	4.310000
-47198.917969	-47198.917969	44598.980469	4.315000
-47598.910156	-47398.914062	44598.980469	4.320000
-47403.437500	-47403.437500	44403.218750	4.325000
-47598.910156	-47598.910156	44798.976562	4.330000
-47398.914062	-47198.917969	44398.984375	4.335000
-47598.910156	-47598.910156	44798.976562	4.340000
-47403.437500	-47203.421875	44603.234375	4.345000
-47598.910156	-47598.910156	44598.980469	4.350000
-47198.917969	-47198.917969	44398.984375	4.355000
-47598.910156	-47598.910156	44798.976562	4.360000
-47403.437500	-47403.437500	44403.218750	4.365000
-47598.910156	-47598.910156	44798.976562	4.370000
-47198.917969	-47198.917969	44398.984375	4.375000
-47598.910156	-47598.910156	44798.976562	4.380000
-47398.914062	-47198.917969	44398.984375	4.385000
-47603.449219	-47403.437500	44803.246094	4.390000
-47198.917969	-47398.914062	44598.980469	4.395000
-47598.910156	-47598.910156	44598.980469	4.400000
-47198.917969	-47198.917969	44398.984375	4.405000
-47803.464844	-47603.449219	44803.246094	4.410000
-47198.917969	-46798.929688	44398.984375	4.415000
-47598.910156	-47598.910156	44798.976562	4.420000
-47398.914062	-47198.917969	44398.984375	4.425000
-47603.449219	-47603.449219	44603.234375	4.430000
-47398.914062	-47198.917969	44598.980469	4.435000
-47598.910156	-47598.910156	44598.980469	4.440000
-47198.917969	-47198.917969	44398.984375	4.445000
-47603.449219	-47603.449219	44803.246094	4.450000
-47398.914062	-47398.914062	44398.984375	4.455000
-47598.910156	-47398.914062	44798.976562	4.460000
-47398.914062	-47198.917969	44598.980469	4.465000
-47603.449219	-47603.449219	44603.234375	4.470000
-47398.914062	-47198.917969	44598.980469	4.475000
-47598.910156	-47598.910156	44598.980469	4.480000
-47398.914062	-47198.917969	44598.980469	4.485000
-47403.437500	-47403.437500	44603.234375	4.490000
-47398.914062	-47398.914062	44398.984375	4.495000
-47598.910156	-47398.914062	44598.980469	4.500000
-47398.914062	-47398.914062	44398.984375	4.505000
-47598.910156	-47398.914062	44798.976562	4.510000
-47403.437500	-47403.437500	44603.234375	4.515000
-47598.910156	-47398.914062	44398.984375	4.520000
-47398.914062	-47198.917969	44598.980469	4.525000
-47798.906250	-47598.910156	44798.976562	4.530000
-47403.437500	-47003.406250	44403.218750	4.535000
-47598.910156	-47598.910156	44798.976562	4.540000
-47598.910156	-47198.917969	44398.984375	4.545000
-47598.910156	-47398.914062	44198.988281	4.550000
-47403.437500	-47203.421875	44603.234375	4.555000
-47798.906250	-47598.910156	44598.980469	4.560000
-47398.914062	-46998.925781	44598.980469	4.565000
-47798.906250	-47598.910156	44198.988281	4.570000
-47403.437500	-47203.421875	44403.218750	4.575000
-47798.906250	-47398.914062	44998.968750	4.580000
-47398.914062	-47198.917969	44198.988281	4.585000
-47798.906250	-47398.914062	44798.976562	4.590000
-47403.437500	-47203.421875	44603.234375	4.595000
-47598.910156	-47598.910156	44598.980469	4.600000
-47398.914062	-46998.925781	44598.980469	4.605000
-47798.906250	-47598.910156	44598.980469	4.610000
-47403.437500	-47203.421875	44403.218750	4.615000
-47798.906250	-47398.914062	44998.968750	4.620000
-47498.914062	-47298.917969	44498.980469	4.630000
-47398.914062	-47198.917969	44398.984375	4.635000
-47603.449219	-47403.437500	44603.234375	4.640000
-47398.914062	-47198.917969	44598.980469	4.645000
-47798.906250	-47398.914062	44598.980469	4.650000
-47198.917969	-47198.917969	44398.984375	4.655000
-47803.464844	-47603.449219	44803.246094	4.660000
-47198.917969	-46998.925781	44398.984375	4.665000
-47598.910156	-47598.910156	44798.976562	4.670000
-47398.914062	-47198.917969	44398.984375	4.675000
-47603.449219	-47403.437500	44603.234375	4.680000
-47398.914062	-47198.917969	44598.980469	4.685000
-47598.910156	-47598.910156	44598.980469	4.690000
-47398.914062	-47198.917969	44398.984375	4.695000
-47603.449219	-47403.437500	44803.246094	4.700000
-47198.917969	-47198.917969	44198.988281	4.705000
-47798.906250	-47598.910156	44998.968750	4.710000
-47198.917969	-47198.917969	44198.988281	4.715000
-47603.449219	-47603.449219	44803.246094	4.720000
-47198.917969	-46998.925781	44398.984375	4.725000
-47598.910156	-47598.910156	44598.980469	4.730000
-47398.914062	-47198.917969	44598.980469	4.735000
-47603.449219	-47603.449219	44803.246094	4.740000
-47498.914062	-47298.917969	44498.980469	4.750000
-47198.917969	-47198.917969	44398.984375	4.755000
-47198.917969	-47398.914062	44798.976562	4.760000
-47403.437500	-47203.421875	44403.218750	4.765000
-47598.910156	-47598.910156	44398.984375	4.770000
-47498.914062	-47298.917969	44598.980469	4.780000
-47203.421875	-47203.421875	44403.218750	4.785000
-47798.906250	-47398.914062	44798.976562	4.790000
-47198.917969	-47198.917969	44398.984375	4.795000
-47198.917969	-47398.914062	44598.980469	4.800000
-47403.437500	-47203.421875	44603.234375	4.805000
-47598.910156	-47598.910156	44598.980469	4.810000
-47498.914062	-47398.914062	44598.980469	4.820000
-47403.437500	-47003.406250	44403.218750	4.825000
-47398.914062	-47398.914062	44798.976562	4.830000
-47398.914062	-47398.914062	44398.984375	4.835000
-47598.910156	-47398.914062	44798.976562	4.840000
-47403.437500	-47203.421875	44603.234375	4.845000
-47598.910156	-47598.910156	44598.980469	4.850000
-47398.914062	-47198.917969	44398.984375	4.855000
-47598.910156	-47398.914062	44798.976562	4.860000
-47203.421875	-47203.421875	44403.218750	4.865000
-47598.910156	-47598.910156	44798.976562	4.870000
-47398.914062	-47198.917969	44398.984375	4.875000
-47598.910156	-47598.910156	44598.980469	4.880000
-47198.917969	-47198.917969	44598.980469	4.885000
-47603.449219	-47403.437500	44603.234375	4.890000
-47398.914062	-47398.914062	44598.980469	4.895000
-47598.910156	-47398.914062	44598.980469	4.900000
-47198.917969	-47198.917969	44598.980469	4.905000
-47603.449219	-47603.449219	44603.234375	4.910000
-47198.917969	-46998.925781	44398.984375	4.915000
-47598.910156	-47598.910156	44798.976562	4.920000
-47398.914062	-47398.914062	44598.980469	4.925000
-47603.449219	-47403.437500	44603.234375	4.930000
-46798.929688	-47198.917969	44598.980469	4.935000
-47598.910156	-47598.910156	44598.980469	4.940000
-47198.917969	-46998.925781	44598.980469	4.945000
-47803.464844	-47603.449219	44803.246094	4.950000
-47198.917969	-47198.917969	44198.988281	4.955000
-47598.910156	-47598.910156	44998.968750	4.960000
-47398.914062	-47198.917969	44398.984375	4.965000
-47603.449219	-47403.437500	44803.246094	4.970000
-47198.917969	-47198.917969	44398.984375	4.975000
-47598.910156	-47598.910156	44598.980469	4.980000
-47198.917969	-46998.925781	44598.980469	4.985000
-47803.464844	-47603.449219	44803.246094	4.990000
-47198.917969	-47198.917969	44398.984375	4.995000
-47598.910156	-47398.914062	44798.976562	5.000000
-47398.914062	-47198.917969	44398.984375	5.005000
-47598.910156	-47598.910156	44798.976562	5.010000
-47403.437500	-47203.421875	44603.234375	5.015000
-47598.910156	-47598.910156	44598.980469	5.020000
-46798.929688	-47198.917969	44198.988281	5.025000
-47598.910156	-47598.910156	44598.980469	5.030000
-47203.421875	-47003.406250	44403.218750	5.035000
-47798.906250	-47798.906250	44998.968750	5.040000
-47198.917969	-46998.925781	44198.988281	5.045000
-47798.906250	-47598.910156	44998.968750	5.050000
-47203.421875	-47203.421875	44403.218750	5.055000
-47598.910156	-47398.914062	44598.980469	5.060000
-47398.914062	-47398.914062	44798.976562	5.065000
-47798.906250	-47598.910156	44598.980469	5.070000
-47403.437500	-47003.406250	44603.234375	5.075000
-47598.910156	-47198.917969	44798.976562	5.080000
-47398.914062	-47198.917969	44198.988281	5.085000
-47598.910156	-47398.914062	44798.976562	5.090000
-47403.437500	-47203.421875	44603.234375	5.095000
-47798.906250	-47598.910156	44798.976562	5.100000
-47398.914062	-47198.917969	44398.984375	5.105000
-47598.910156	-47598.910156	44798.976562	5.110000
-47403.437500	-47203.421875	44403.218750	5.115000
-47598.910156	-47398.914062	44798.976562	5.120000
-47398.914062	-47198.917969	44398.984375	5.125000
-47598.910156	-47598.910156	44798.976562	5.130000
-47398.914062	-47198.917969	44398.984375	5.135000
-47603.449219	-47403.437500	44803.246094	5.140000
-47198.917969	-47198.917969	44398.984375	5.145000
-47598.910156	-47398.914062	44598.980469	5.150000
-47398.914062	-47398.914062	44598.980469	5.155000
-47803.464844	-47603.449219	44803.246094	5.160000
-47198.917969	-46998.925781	44398.984375	5.165000
-47798.906250	-47598.910156	44798.976562	5.170000
-47398.914062	-47198.917969	44398.984375	5.175000
-47603.449219	-47603.449219	44803.246094	5.180000
-47198.917969	-47198.917969	44398.984375	5.185000
-47798.906250	-47398.914062	44598.980469	5.190000
-47398.914062	-47198.917969	44598.980469	5.195000
-47603.449219	-47603.449219	44803.246094	5.200000
-47398.914062	-47198.917969	44398.984375	5.205000
-47598.910156	-47398.914062	44798.976562	5.210000
-47398.914062	-47198.917969	44398.984375	5.215000
-47803.464844	-47603.449219	44803.246094	5.220000
-47398.914062	-46998.925781	44398.984375	5.225000
-47598.910156	-47598.910156	44598.980469	5.230000
-47598.910156	-47198.917969	44598.980469	5.235000
-47603.449219	-47403.437500	44803.246094	5.240000
-47398.914062	-47198.917969	44398.984375	5.245000
-47598.910156	-47398.914062	44798.976562	5.250000
-47398.914062	-47198.917969	44198.988281	5.255000
-47798.906250	-47598.910156	44998.968750	5.260000
-47403.437500	-47203.421875	44403.218750	5.265000
-47598.910156	-47598.910156	44598.980469	5.270000
-47398.914062	-47198.917969	44598.980469	5.275000
-47598.910156	-47398.914062	44598.980469	5.280000
-47403.437500	-47403.437500	44603.234375	5.285000
-47798.906250	-47598.910156	44798.976562	5.290000
-47398.914062	-47198.917969	44398.984375	5.295000
-47598.910156	-47398.914062	44798.976562	5.300000
-47603.449219	-47403.437500	44403.218750	5.305000
-47598.910156	-47398.914062	44398.984375	5.310000
-47398.914062	-47398.914062	44398.984375	5.315000
-47598.910156	-47398.914062	44798.976562	5.320000
-47003.406250	-47203.421875	44403.218750	5.325000
-47798.906250	-47798.906250	44798.976562	5.330000
-47398.914062	-47198.917969	44398.984375	5.335000
-47598.910156	-47398.914062	44798.976562	5.340000
-47403.437500	-47403.437500	44403.218750	5.345000
-47598.910156	-47398.914062	44798.976562	5.350000
-47398.914062	-47398.914062	44598.980469	5.355000
-47798.906250	-47598.910156	44598.980469	5.360000
-47203.421875	-47003.406250	44403.218750	5.365000
-47798.906250	-47598.910156	44798.976562	5.370000
-47498.914062	-47398.914062	44598.980469	5.380000
-47198.917969	-47198.917969	44398.984375	5.385000
-47803.464844	-47803.464844	44803.246094	5.390000
-46998.925781	-47198.917969	44598.980469	5.395000
-47598.910156	-47398.914062	44598.980469	5.400000
-47398.914062	-47398.914062	44598.980469	5.405000
-47603.449219	-47403.437500	44803.246094	5.410000
-47198.917969	-47198.917969	44198.988281	5.415000
-47598.910156	-47598.910156	44998.968750	5.420000
-47398.914062	-46798.929688	44398.984375	5.425000
-47603.449219	-47603.449219	44603.234375	5.430000
-47398.914062	-47398.914062	44598.980469	5.435000
-47798.906250	-47398.914062	44598.980469	5.440000
-47198.917969	-47398.914062	44598.980469	5.445000
-47803.464844	-47603.449219	44803.246094	5.450000
-47398.914062	-47198.917969	44398.984375	5.455000
-47598.910156	-47598.910156	44798.976562	5.460000
-47398.914062	-47198.917969	44398.984375	5.465000
-47803.464844	-47603.449219	44803.246094	5.470000
-47198.917969	-47198.917969	44398.984375	5.475000
-47798.906250	-47598.910156	44798.976562	5.480000
-47398.914062	-47198.917969	44598.980469	5.485000
-47603.449219	-47603.449219	44603.234375	5.490000
-47198.917969	-47198.917969	44398.984375	5.495000
-47798.906250	-47598.910156	44598.980469	5.500000
-47498.914062	-47498.914062	44598.980469	5.510000
-47403.437500	-47203.421875	44403.218750	5.515000
-47798.906250	-47598.910156	44598.980469	5.520000
-47498.914062	-47398.914062	44598.980469	5.530000
-47403.437500	-47403.437500	44603.234375	5.535000
-47598.910156	-47598.910156	44798.976562	5.540000
-47598.910156	-47398.914062	44598.980469	5.550000
-47501.179688	-47401.175781	44601.105469	5.560000
-47198.917969	-47398.914062	44598.980469	5.565000
-47798.906250	-47598.910156	44798.976562	5.570000
-47403.437500	-47203.421875	44403.218750	5.575000
-47598.910156	-47598.910156	44798.976562	5.580000
-47398.914062	-47398.914062	44398.984375	5.585000
-47598.910156	-47398.914062	44798.976562	5.590000
-47403.437500	-47603.449219	44603.234375	5.595000
-47798.906250	-47398.914062	44598.980469	5.600000
-47198.917969	-47398.914062	44598.980469	5.605000
-47598.910156	-47598.910156	44598.980469	5.610000
-47603.449219	-47403.437500	44603.234375	5.615000
-47598.910156	-47598.910156	44798.976562	5.620000
-47398.914062	-47398.914062	44398.984375	5.625000
-47598.910156	-47598.910156	44998.968750	5.630000
-47398.914062	-47398.914062	44398.984375	5.635000
-47603.449219	-47603.449219	44803.246094	5.640000
-46998.925781	-47398.914062	44598.980469	5.645000
-47598.910156	-47598.910156	44598.980469	5.650000
-47398.914062	-47398.914062	44598.980469	5.655000
-47803.464844	-47603.449219	44803.246094	5.660000
-47198.917969	-47398.914062	44398.984375	5.665000
-47798.906250	-47798.906250	44998.968750	5.670000
-47398.914062	-47198.917969	44398.984375	5.675000
-47603.449219	-47803.464844	44803.246094	5.680000
-47398.914062	-47398.914062	44598.980469	5.685000
-47798.906250	-47598.910156	44798.976562	5.690000
-47198.917969	-47398.914062	44598.980469	5.695000
-47803.464844	-47603.449219	44803.246094	5.700000
-47198.917969	-47198.917969	44398.984375	5.705000
-47798.906250	-47798.906250	44798.976562	5.710000
-47198.917969	-47398.914062	44398.984375	5.715000
-47803.464844	-47603.449219	44803.246094	5.720000
-47198.917969	-47198.917969	44598.980469	5.725000
-47798.906250	-47798.906250	44798.976562	5.730000
-47198.917969	-47198.917969	44598.980469	5.735000
-47603.449219	-47803.464844	44803.246094	5.740000
-47398.914062	-47198.917969	44398.984375	5.745000
-47598.910156	-47598.910156	44798.976562	5.750000
-47398.914062	-47398.914062	44398.984375	5.755000
-47598.910156	-47598.910156	44998.968750	5.760000
-47203.421875	-47203.421875	44403.218750	5.765000
-47598.910156	-47798.906250	44798.976562	5.770000
-47398.914062	-47198.917969	44598.980469	5.775000
-47598.910156	-47598.910156	44598.980469	5.780000
-47203.421875	-47403.437500	44603.234375	5.785000
-47598.910156	-47598.910156	44998.968750	5.790000
-47398.914062	-47198.917969	44398.984375	5.795000
-47398.914062	-47798.906250	44798.976562	5.800000
-47403.437500	-47203.421875	44403.218750	5.805000
-47598.910156	-47598.910156	44798.976562	5.810000
-47198.917969	-47398.914062	44598.980469	5.815000
-47598.910156	-47598.910156	44598.980469	5.820000
-47203.421875	-47203.421875	44603.234375	5.825000
-47198.917969	-47598.910156	44798.976562	5.830000
-47398.914062	-47198.917969	44398.984375	5.835000
-47598.910156	-47598.910156	44998.968750	5.840000
-47203.421875	-47403.437500	44403.218750	5.845000
-47598.910156	-47398.914062	44598.980469	5.850000
-47198.917969	-47398.914062	44798.976562	5.855000
-47198.917969	-47598.910156	44598.980469	5.860000
-47403.437500	-47203.421875	44603.234375	5.865000
-47598.910156	-47598.910156	44798.976562	5.870000
-47198.917969	-47198.917969	44398.984375	5.875000
-47598.910156	-47598.910156	44998.968750	5.880000
-47198.917969	-47198.917969	44398.984375	5.885000
-47603.449219	-47803.464844	44803.246094	5.890000
-47198.917969	-47198.917969	44598.980469	5.895000
-47398.914062	-47598.910156	44598.980469	5.900000
-47398.914062	-47398.914062	44598.980469	5.905000
-47403.437500	-47403.437500	44803.246094	5.910000
-47398.914062	-47398.914062	44398.984375	5.915000
-47398.914062	-47598.910156	44998.968750	5.920000
-47398.914062	-47398.914062	44398.984375	5.925000
-47403.437500	-47603.449219	44803.246094	5.930000
-47398.914062	-47398.914062	44598.980469	5.935000
-47598.910156	-47398.914062	44598.980469	5.940000
-47198.917969	-47398.914062	44598.980469	5.945000
-47603.449219	-47603.449219	44803.246094	5.950000
-47198.917969	-47198.917969	44398.984375	5.955000
-47598.910156	-47598.910156	44798.976562	5.960000
-47198.917969	-47198.917969	44398.984375	5.965000
-47603.449219	-47603.449219	45003.261719	5.970000
-47198.917969	-47198.917969	44398.984375	5.975000
-47598.910156	-47598.910156	44798.976562	5.980000
-47398.914062	-46798.929688	44598.980469	5.985000
-47403.437500	-47603.449219	44603.234375	5.990000
-47398.914062	-47398.914062	44598.980469	5.995000
-47598.910156	-47398.914062	44798.976562	6.000000
-47198.917969	-47198.917969	44398.984375	6.005000
-47598.910156	-47598.910156	44798.976562	6.010000
-47403.437500	-47203.421875	44603.234375	6.015000
-47398.914062	-47598.910156	44798.976562	6.020000
-47398.914062	-47398.914062	44598.980469	6.025000
-47598.910156	-47398.914062	44798.976562	6.030000
-47203.421875	-47403.437500	44403.218750	6.035000
-47598.910156	-47398.914062	44998.968750	6.040000
-47398.914062	-47198.917969	44398.984375	6.045000
-47398.914062	-47598.910156	44798.976562	6.050000
-47501.179688	-47401.175781	44601.105469	6.060000
-47398.914062	-47298.917969	44598.980469	6.070000
-47203.421875	-47203.421875	44603.234375	6.075000
-47598.910156	-47598.910156	44798.976562	6.080000
-47398.914062	-47198.917969	44398.984375	6.085000
-47598.910156	-47598.910156	44998.968750	6.090000
-47203.421875	-47203.421875	44403.218750	6.095000
-47598.910156	-47398.914062	44798.976562	6.100000
-47198.917969	-47398.914062	44598.980469	6.105000
-47598.910156	-47598.910156	44798.976562	6.110000
-47401.175781	-47301.171875	44601.105469	6.120000
-47398.914062	-47198.917969	44598.980469	6.125000
-47598.910156	-47598.910156	44798.976562	6.130000
-47501.179688	-47401.175781	44601.105469	6.140000
-47398.914062	-47198.917969	44798.976562	6.145000
-47398.914062	-47598.910156	44598.980469	6.150000
-47501.179688	-47401.175781	44701.109375	6.160000
-47198.917969	-47198.917969	44398.984375	6.165000
-47598.910156	-47598.910156	44998.968750	6.170000
-47398.914062	-47198.917969	44598.980469	6.175000
-47603.449219	-47603.449219	44803.246094	6.180000
-47198.917969	-47398.914062	44598.980469	6.185000
-47598.910156	-47398.914062	44598.980469	6.190000
-47398.914062	-47398.914062	44598.980469	6.195000
-47603.449219	-47603.449219	44803.246094	6.200000
-47398.914062	-47498.914062	44698.976562	6.210000
-47398.914062	-47198.917969	44398.984375	6.215000
-47603.449219	-47603.449219	44803.246094	6.220000
-47198.917969	-47198.917969	44598.980469	6.225000
-47598.910156	-47598.910156	44798.976562	6.230000
-47398.914062	-47198.917969	44598.980469	6.235000
-47603.449219	-47603.449219	44803.246094	6.240000
-47198.917969	-47198.917969	44398.984375	6.245000
-47598.910156	-47598.910156	44998.968750	6.250000
-47398.914062	-47398.914062	44398.984375	6.255000
-47598.910156	-47598.910156	44998.968750	6.260000
-47401.175781	-47401.175781	44601.105469	6.270000
-47398.914062	-47198.917969	44598.980469	6.275000
-47598.910156	-47598.910156	44798.976562	6.280000
-47403.437500	-47403.437500	44603.234375	6.285000
-47598.910156	-47598.910156	44798.976562	6.290000
-47198.917969	-47198.917969	44398.984375	6.295000
-47598.910156	-47598.910156	44798.976562	6.300000
-47403.437500	-47203.421875	44603.234375	6.305000
-47598.910156	-47598.910156	44798.976562	6.310000
-47398.914062	-47398.914062	44598.980469	6.315000
-47598.910156	-47598.910156	44598.980469	6.320000
-47403.437500	-47403.437500	44603.234375	6.325000
-47598.910156	-47598.910156	44798.976562	6.330000
-47398.914062	-47198.917969	44398.984375	6.335000
-47598.910156	-47598.910156	44998.968750	6.340000
-47403.437500	-47403.437500	44603.234375	6.345000
-47798.906250	-47598.910156	44798.976562	6.350000
-47198.917969	-47398.914062	44198.988281	6.355000
-47798.906250	-47598.910156	44598.980469	6.360000
-47403.437500	-47203.421875	44403.218750	6.365000
-47198.917969	-47798.906250	44998.968750	6.370000
-47398.914062	-47398.914062	44398.984375	6.375000
-47598.910156	-47398.914062	44798.976562	6.380000
-47398.914062	-47398.914062	44598.980469	6.385000
-47803.464844	-47803.464844	44803.246094	6.390000
-47398.914062	-47198.917969	44598.980469	6.395000
-47398.914062	-47598.910156	44598.980469	6.400000
-47398.914062	-47398.914062	44598.980469	6.405000
-47803.464844	-47603.449219	45003.261719	6.410000
-47198.917969	-47398.914062	44398.984375	6.415000
-47798.906250	-47598.910156	44998.968750	6.420000
-47398.914062	-47398.914062	44398.984375	6.425000
-47603.449219	-47603.449219	44803.246094	6.430000
-47398.914062	-47398.914062	44598.980469	6.435000
-47798.906250	-47598.910156	44798.976562	6.440000
-47198.917969	-47398.914062	44398.984375	6.445000
-47803.464844	-47603.449219	44803.246094	6.450000
-47198.917969	-47198.917969	44398.984375	6.455000
-47798.906250	-47798.906250	44998.968750	6.460000
-47398.914062	-47198.917969	44398.984375	6.465000
-47603.449219	-47603.449219	44403.218750	6.470000
-47398.914062	-47398.914062	44598.980469	6.475000
-47598.910156	-47598.910156	44798.976562	6.480000
-47398.914062	-47198.917969	44598.980469	6.485000
-47803.464844	-47603.449219	44803.246094	6.490000
-46798.929688	-47198.917969	44398.984375	6.495000
-47798.906250	-47798.906250	44998.968750	6.500000
-47198.917969	-47198.917969	44398.984375	6.505000
-47798.906250	-47598.910156	44798.976562	6.510000
-47403.437500	-47403.437500	44603.234375	6.515000
-47598.910156	-47598.910156	44598.980469	6.520000
-47398.914062	-47198.917969	44598.980469	6.525000
-47598.910156	-47598.910156	44798.976562	6.530000
-47403.437500	-47403.437500	44603.234375	6.535000
-47798.906250	-47398.914062	44798.976562	6.540000
-47398.914062	-47398.914062	44398.984375	6.545000
-47598.910156	-47598.910156	44798.976562	6.550000
-47403.437500	-47203.421875	44603.234375	6.555000
-47598.910156	-47598.910156	44598.980469	6.560000
-47598.910156	-47398.914062	44798.976562	6.565000
-47598.910156	-47598.910156	44798.976562	6.570000
-47403.437500	-47403.437500	44403.218750	6.575000
-47598.910156	-47398.914062	44798.976562	6.580000
-47598.910156	-47398.914062	44398.984375	6.585000
-47598.910156	-47598.910156	44798.976562	6.590000
-47403.437500	-47403.437500	44603.234375	6.595000
-47798.906250	-47398.914062	44798.976562	6.600000
-47398.914062	-47398.914062	44598.980469	6.605000
-47798.906250	-47598.910156	44798.976562	6.610000
-47403.437500	-47203.421875	44403.218750	6.615000
-47798.906250	-47798.906250	44998.968750	6.620000
-47398.914062	-47198.917969	44398.984375	6.625000
-47398.914062	-47598.910156	44798.976562	6.630000
-47398.914062	-47398.914062	44598.980469	6.635000
-47803.464844	-47603.449219	44803.246094	6.640000
-47398.914062	-47198.917969	44598.980469	6.645000
-47798.906250	-47598.910156	44798.976562	6.650000
-47398.914062	-47198.917969	44398.984375	6.655000
-47603.449219	-47603.449219	44803.246094	6.660000
-47398.914062	-47398.914062	44598.980469	6.665000
-47598.910156	-47398.914062	44798.976562	6.670000
-47598.910156	-47398.914062	44398.984375	6.675000
-47603.449219	-47603.449219	44803.246094	6.680000
-47398.914062	-47198.917969	44598.980469	6.685000
-47798.906250	-47598.910156	44798.976562	6.690000
-47398.914062	-47398.914062	44598.980469	6.695000
-47803.464844	-47603.449219	44603.234375	6.700000
-47398.914062	-47198.917969	44398.984375	6.705000
-47598.910156	-47598.910156	44998.968750	6.710000
-47398.914062	-47398.914062	44398.984375	6.715000
-47803.464844	-47603.449219	44803.246094	6.720000
-47398.914062	-47198.917969	44598.980469	6.725000
-47798.906250	-47598.910156	44798.976562	6.730000
-47398.914062	-47398.914062	44598.980469	6.735000
-47603.449219	-47603.449219	44803.246094	6.740000
-47398.914062	-47198.917969	44398.984375	6.745000
-47798.906250	-47598.910156	44998.968750	6.750000
-47398.914062	-47398.914062	44398.984375	6.755000
-47598.910156	-47598.910156	44798.976562	6.760000
-47403.437500	-47203.421875	44203.203125	6.765000
-47598.910156	-47598.910156	44598.980469	6.770000
-47598.910156	-47198.917969	44798.976562	6.775000
-47598.910156	-47198.917969	44598.980469	6.780000
-47403.437500	-47403.437500	44603.234375	6.785000
-47798.906250	-47398.914062	44798.976562	6.790000
-47398.914062	-47398.914062	44598.980469	6.795000
-47598.910156	-47598.910156	44798.976562	6.800000
-47403.437500	-47203.421875	44403.218750	6.805000
-47598.910156	-47598.910156	44798.976562	6.810000
-47398.914062	-47398.914062	44598.980469	6.815000
-47798.906250	-47598.910156	44798.976562	6.820000
-47501.179688	-47401.175781	44701.109375	6.830000
-47598.910156	-47198.917969	44398.984375	6.835000
-47198.917969	-47798.906250	44998.968750	6.840000
-47403.437500	-47403.437500	44403.218750	6.845000
-47798.906250	-47398.914062	44798.976562	6.850000
-47398.914062	-47398.914062	44598.980469	6.855000
-47598.910156	-47598.910156	44398.984375	6.860000
-47601.179688	-47501.179688	44701.109375	6.870000
-47398.914062	-47398.914062	44398.984375	6.875000
-47798.906250	-47398.914062	44998.968750	6.880000
-47398.914062	-47398.914062	44398.984375	6.885000
-47803.464844	-47603.449219	44803.246094	6.890000
-47398.914062	-47198.917969	44598.980469	6.895000
-47598.910156	-47798.906250	44798.976562	6.900000
-47598.910156	-47198.917969	44598.980469	6.905000
-47403.437500	-47603.449219	44803.246094	6.910000
-47398.914062	-47398.914062	44598.980469	6.915000
-47598.910156	-47598.910156	44798.976562	6.920000
-47398.914062	-47198.917969	44398.984375	6.925000
-47803.464844	-47603.449219	44803.246094	6.930000
-47398.914062	-47398.914062	44798.976562	6.935000
-47798.906250	-47398.914062	44598.980469	6.940000
-47398.914062	-47398.914062	44598.980469	6.945000
-47803.464844	-47603.449219	45003.261719	6.950000
-47398.914062	-47398.914062	44398.984375	6.955000
-47798.906250	-47598.910156	44998.968750	6.960000
-47501.179688	-47401.175781	44601.105469	6.970000
-47598.910156	-47398.914062	44698.976562	6.980000
-47598.910156	-47398.914062	44598.980469	6.985000
-47603.449219	-47603.449219	44803.246094	6.990000
-47598.910156	-47398.914062	44598.980469	6.995000
-47798.906250	-47598.910156	44998.968750	7.000000
-47398.914062	-47198.917969	44398.984375	7.005000
-47798.906250	-47398.914062	44798.976562	7.010000
-47603.449219	-47403.437500	44603.234375	7.015000
-47598.910156	-47598.910156	44798.976562	7.020000
-47598.910156	-47198.917969	44598.980469	7.025000
-47798.906250	-47598.910156	44798.976562	7.030000
-47403.437500	-47203.421875	44403.218750	7.035000
-47798.906250	-47598.910156	44998.968750	7.040000
-47598.910156	-47198.917969	44398.984375	7.045000
-47598.910156	-47598.910156	44798.976562	7.050000
-47603.449219	-47203.421875	44603.234375	7.055000
-47798.906250	-47798.906250	44798.976562	7.060000
-47398.914062	-47198.917969	44598.980469	7.065000
-47798.906250	-47598.910156	44798.976562	7.070000
-47403.437500	-47203.421875	44403.218750	7.075000
-47798.906250	-47598.910156	44998.968750	7.080000
-47398.914062	-47198.917969	44398.984375	7.085000
-47798.906250	-47598.910156	44798.976562	7.090000
-47603.449219	-47403.437500	44803.246094	7.095000
-47798.906250	-47598.910156	44598.980469	7.100000
-47398.914062	-47398.914062	44598.980469	7.105000
-47798.906250	-47598.910156	44798.976562	7.110000
-47003.406250	-47203.421875	44203.203125	7.115000
-47798.906250	-47798.906250	44798.976562	7.120000
-47398.914062	-47198.917969	44398.984375	7.125000
-47798.906250	-47598.910156	44998.968750	7.130000
-47598.910156	-47398.914062	44598.980469	7.135000
-47603.449219	-47603.449219	44603.234375	7.140000
-47598.910156	-47198.917969	44798.976562	7.145000
-47598.910156	-47598.910156	44598.980469	7.150000
-47598.910156	-47398.914062	44598.980469	7.155000
-47803.464844	-47603.449219	44803.246094	7.160000
-47198.917969	-47198.917969	44398.984375	7.165000
-47798.906250	-47598.910156	44998.968750	7.170000
-47598.910156	-47398.914062	44598.980469	7.175000
-47803.464844	-47603.449219	44803.246094	7.180000
-47398.914062	-47198.917969	44598.980469	7.185000
-47798.906250	-47798.906250	44798.976562	7.190000
-47398.914062	-47398.914062	44598.980469	7.195000
-47803.464844	-47403.437500	44803.246094	7.200000
-47398.914062	-47398.914062	44398.984375	7.205000
-47798.906250	-47598.910156	44998.968750	7.210000
-47398.914062	-47198.917969	44398.984375	7.215000
-47803.464844	-47603.449219	44803.246094	7.220000
-46998.925781	-47398.914062	44598.980469	7.225000
-47798.906250	-47598.910156	44798.976562	7.230000
-47598.910156	-47398.914062	44598.980469	7.235000
-47803.464844	-47603.449219	45003.261719	7.240000
-47398.914062	-47198.917969	44398.984375	7.245000
-47798.906250	-47598.910156	44798.976562	7.250000
-47398.914062	-47398.914062	44598.980469	7.255000
-47598.910156	-47398.914062	44798.976562	7.260000
-47603.449219	-47403.437500	44603.234375	7.265000
-47598.910156	-47598.910156	44598.980469	7.270000
-47598.910156	-47198.917969	44798.976562	7.275000
-47598.910156	-47598.910156	44798.976562	7.280000
-47403.437500	-47403.437500	44403.218750	7.285000
-47798.906250	-47598.910156	44998.968750	7.290000
-47398.914062	-47198.917969	44398.984375	7.295000
-47798.906250	-47598.910156	44798.976562	7.300000
-47403.437500	-47203.421875	44403.218750	7.305000
-47598.910156	-47798.906250	44798.976562	7.310000
-47398.914062	-47198.917969	44598.980469	7.315000
-47598.910156	-47398.914062	44798.976562	7.320000
-47603.449219	-47403.437500	44603.234375	7.325000
-47598.910156	-47598.910156	44798.976562	7.330000
-47398.914062	-47398.914062	44598.980469	7.335000
-47598.910156	-47598.910156	44798.976562	7.340000
-47403.437500	-47203.421875	44603.234375	7.345000
-47798.906250	-47598.910156	44798.976562	7.350000
-47398.914062	-47398.914062	44598.980469	7.355000
-47598.910156	-47598.910156	44798.976562	7.360000
-47403.437500	-47403.437500	44603.234375	7.365000
-47798.906250	-47598.910156	44798.976562	7.370000
-47398.914062	-47398.914062	44398.984375	7.375000
-47798.906250	-47598.910156	44998.968750	7.380000
-47398.914062	-47398.914062	44598.980469	7.385000
-47603.449219	-47603.449219	44803.246094	7.390000
-47598.910156	-47198.917969	44598.980469	7.395000
-47598.910156	-47798.906250	44798.976562	7.400000
-47598.910156	-47198.917969	44598.980469	7.405000
-47803.464844	-47603.449219	45003.261719	7.410000
-47398.914062	-47398.914062	44398.984375	7.415000
-47598.910156	-47598.910156	44798.976562	7.420000
-47598.910156	-47398.914062	44798.976562	7.425000
-47803.464844	-47603.449219	44203.203125	7.430000
-47398.914062	-47198.917969	44798.976562	7.435000
-47998.902344	-47798.906250	44798.976562	7.440000
-47398.914062	-47398.914062	44598.980469	7.445000
-47803.464844	-47403.437500	45003.261719	7.450000
-47398.914062	-47398.914062	44398.984375	7.455000
-47798.906250	-47598.910156	44998.968750	7.460000
-47598.910156	-47398.914062	44598.980469	7.465000
-47803.464844	-47803.464844	44803.246094	7.470000
-47598.910156	-47398.914062	44698.976562	7.480000
-47598.910156	-47398.914062	44598.980469	7.485000
-47603.449219	-47603.449219	45003.261719	7.490000
-47598.910156	-47398.914062	44598.980469	7.495000
-47798.906250	-47598.910156	44798.976562	7.500000
-47398.914062	-47398.914062	44598.980469	7.505000
-47798.906250	-47598.910156	44798.976562	7.510000
-47603.449219	-47203.421875	44603.234375	7.515000
-47798.906250	-47798.906250	44798.976562	7.520000
-60998.605469	-60798.609375	57398.687500	7.525000
-40801.011719	-40701.007812	38300.949219	7.535000
-47798.906250	-47598.910156	44998.968750	7.540000
-47598.910156	-47398.914062	44698.976562	7.550000
-47403.437500	-47203.421875	44603.234375	7.555000
-47798.906250	-47598.910156	44798.976562	7.560000
-47398.914062	-47198.917969	44598.980469	7.565000
-47798.906250	-47598.910156	44998.968750	7.570000
-47603.449219	-47403.437500	44403.218750	7.575000
-47798.906250	-47598.910156	44998.968750	7.580000
-47598.910156	-47398.914062	44698.976562	7.590000
-47403.437500	-47203.421875	44603.234375	7.595000
-47998.902344	-47598.910156	44798.976562	7.600000
-47398.914062	-47398.914062	44598.980469	7.605000
-47798.906250	-47598.910156	44798.976562	7.610000
-47403.437500	-47203.421875	44203.203125	7.615000
-47998.902344	-47798.906250	44998.968750	7.620000
-47598.910156	-47398.914062	44698.976562	7.630000
-47398.914062	-47398.914062	44598.980469	7.635000
-47803.464844	-47603.449219	44603.234375	7.640000
-47398.914062	-46998.925781	44798.976562	7.645000
-47798.906250	-47598.910156	44798.976562	7.650000
-47398.914062	-47198.917969	44398.984375	7.655000
-47803.464844	-47603.449219	45003.261719	7.660000
-47398.914062	-47398.914062	44398.984375	7.665000
-47798.906250	-47598.910156	44998.968750	7.670000
-47398.914062	-47198.917969	44598.980469	7.675000
-47803.464844	-47803.464844	44803.246094	7.680000
-47198.917969	-47198.917969	44598.980469	7.685000
-47998.902344	-47798.906250	44998.968750	7.690000
-47501.179688	-47301.171875	44701.109375	7.700000
-47598.910156	-47398.914062	44398.984375	7.705000
-47798.906250	-47798.906250	44998.968750	7.710000
-47398.914062	-47198.917969	44598.980469	7.715000
-47603.449219	-47603.449219	44803.246094	7.720000
-47398.914062	-47398.914062	44598.980469	7.725000
-47398.914062	-47598.910156	44798.976562	7.730000
-47398.914062	-47398.914062	44598.980469	7.735000
-47803.464844	-47603.449219	45003.261719	7.740000
-47398.914062	-47198.917969	44398.984375	7.745000
-47798.906250	-47798.906250	44998.968750	7.750000
-47398.914062	-47198.917969	44598.980469	7.755000
-47598.910156	-47598.910156	44798.976562	7.760000
-47603.449219	-47403.437500	44603.234375	7.765000
-47598.910156	-47598.910156	44798.976562	7.770000
-47398.914062	-47198.917969	44598.980469	7.775000
-47798.906250	-47798.906250	44998.968750	7.780000
-47403.437500	-47203.421875	44403.218750	7.785000
-47798.906250	-47598.910156	44998.968750	7.790000
-47598.910156	-47398.914062	44598.980469	7.795000
-47598.910156	-47598.910156	44798.976562	7.800000
-47603.449219	-47203.421875	44603.234375	7.805000
-47598.910156	-47598.910156	44798.976562	7.810000
-47598.910156	-47398.914062	44598.980469	7.815000
-47798.906250	-47598.910156	44798.976562	7.820000
-47403.437500	-47403.437500	44403.218750	7.825000
-47798.906250	-47598.910156	44998.968750	7.830000
-47398.914062	-47198.917969	44398.984375	7.835000
-47798.906250	-47798.906250	44798.976562	7.840000
-47403.437500	-47203.421875	44803.246094	7.845000
-47598.910156	-47598.910156	44598.980469	7.850000
-47598.910156	-47398.914062	44598.980469	7.855000
-47598.910156	-47598.910156	44998.968750	7.860000
-47403.437500	-47403.437500	44403.218750	7.865000
-47798.906250	-47798.906250	44998.968750	7.870000
-47398.914062	-47398.914062	44598.980469	7.875000
-47598.910156	-47598.910156	44598.980469	7.880000
-47598.910156	-47398.914062	44798.976562	7.885000
-47603.449219	-47603.449219	44803.246094	7.890000
-47598.910156	-47398.914062	44598.980469	7.895000
-47598.910156	-47598.910156	44798.976562	7.900000
-47398.914062	-47398.914062	44398.984375	7.905000
-47803.464844	-47803.464844	45003.261719	7.910000
-47598.910156	-47398.914062	44598.980469	7.915000
-47598.910156	-47598.910156	44798.976562	7.920000
-46998.925781	-47398.914062	44598.980469	7.925000
-47803.464844	-47803.464844	44603.234375	7.930000
-47398.914062	-47198.917969	44598.980469	7.935000
-47798.906250	-47798.906250	44798.976562	7.940000
-47398.914062	-47398.914062	44398.984375	7.945000
-47803.464844	-47603.449219	45003.261719	7.950000
-47398.914062	-47598.910156	44598.980469	7.955000
-47798.906250	-47598.910156	44798.976562	7.960000
-47398.914062	-47398.914062	44598.980469	7.965000
-47603.449219	-47603.449219	44603.234375	7.970000
-47598.910156	-47398.914062	44798.976562	7.975000
-47598.910156	-47798.906250	44798.976562	7.980000
-47598.910156	-47398.914062	44598.980469	7.985000
-47603.449219	-47603.449219	44803.246094	7.990000
-47398.914062	-47398.914062	44598.980469	7.995000
-47798.906250	-47598.910156	44798.976562	8.000000
-47398.914062	-47398.914062	44598.980469	8.005000
-47798.906250	-47598.910156	44798.976562	8.010000
-47598.910156	-47598.910156	44798.976562	8.015000
-47598.910156	-47598.910156	44798.976562	8.020000
-47407.957031	-47207.921875	44607.488281	8.025000
-47798.906250	-47798.906250	44798.976562	8.030000
-47398.914062	-47398.914062	44598.980469	8.035000
-47798.906250	-47598.910156	44998.968750	8.040000
-47398.914062	-47398.914062	44598.980469	8.045000
-47598.910156	-47598.910156	44598.980469	8.050000
-47598.910156	-47398.914062	44798.976562	8.055000
-47598.910156	-47798.906250	44798.976562	8.060000
-47407.957031	-47207.921875	44607.488281	8.065000
-47798.906250	-47798.906250	44998.968750	8.070000
-47598.910156	-47398.914062	44398.984375	8.075000
-47598.910156	-47598.910156	44998.968750	8.080000
-47598.910156	-47398.914062	44598.980469	8.085000
-47798.906250	-47798.906250	44798.976562	8.090000
-47398.914062	-47398.914062	44598.980469	8.095000
-47798.906250	-47598.910156	44798.976562	8.100000
-47007.890625	-47407.957031	44607.488281	8.105000
-47798.906250	-47598.910156	44998.968750	8.110000
-47398.914062	-47398.914062	44398.984375	8.115000
-47798.906250	-47798.906250	44798.976562	8.120000
-47398.914062	-47398.914062	44598.980469	8.125000
-47798.906250	-47598.910156	44798.976562	8.130000
-47398.914062	-47398.914062	44798.976562	8.135000
-47798.906250	-47798.906250	44798.976562	8.140000
-47598.910156	-47398.914062	44598.980469	8.145000
-47607.992188	-47808.023438	45007.554688	8.150000
-47398.914062	-47198.917969	44398.984375	8.155000
-47798.906250	-47798.906250	44998.968750	8.160000
-47598.910156	-47598.910156	44598.980469	8.165000
-47798.906250	-47598.910156	44798.976562	8.170000
-47398.914062	-47598.910156	44798.976562	8.175000
-47598.910156	-47598.910156	44598.980469	8.180000
-47598.910156	-47398.914062	44398.984375	8.185000
-47207.921875	-47808.023438	44807.519531	8.190000
-47198.917969	-47598.910156	44598.980469	8.195000
-47598.910156	-47598.910156	44598.980469	8.200000
-47598.910156	-47398.914062	44398.984375	8.205000
-47798.906250	-47798.906250	44998.968750	8.210000
-47398.914062	-47398.914062	44598.980469	8.215000
-47798.906250	-47798.906250	44398.984375	8.220000
-47198.917969	-47198.917969	44598.980469	8.225000
-47808.023438	-47808.023438	44807.519531	8.230000
-47398.914062	-47398.914062	44598.980469	8.235000
-47998.902344	-47798.906250	44998.968750	8.240000
-47498.914062	-47498.914062	44698.976562	8.250000
-47598.910156	-47398.914062	44598.980469	8.255000
-47598.910156	-47598.910156	44798.976562	8.260000
-47398.914062	-47398.914062	44598.980469	8.265000
-47998.902344	-47798.906250	44998.968750	8.270000
-47407.957031	-47407.957031	44607.488281	8.275000
-47798.906250	-47798.906250	44998.968750	8.280000
-47498.914062	-47498.914062	44598.980469	8.290000
-47598.910156	-47598.910156	44798.976562	8.295000
-47798.906250	-47798.906250	44798.976562	8.300000
-47398.914062	-47198.917969	44598.980469	8.305000
-47798.906250	-47798.906250	44998.968750	8.310000
-47603.449219	-47603.449219	44603.234375	8.320000
-47398.914062	-47398.914062	44398.984375	8.325000
-47798.906250	-47798.906250	44998.968750	8.330000
-47598.910156	-47498.914062	44598.980469	8.340000
-47398.914062	-47398.914062	44798.976562	8.345000
-47798.906250	-47798.906250	44798.976562	8.350000
-47603.449219	-47603.449219	44703.238281	8.360000
-47398.914062	-47398.914062	44598.980469	8.365000
-47798.906250	-47798.906250	44798.976562	8.370000
-47398.914062	-47198.917969	44198.988281	8.375000
-47798.906250	-47798.906250	44798.976562	8.380000
-47398.914062	-47598.910156	44598.980469	8.385000
-47798.906250	-47598.910156	44798.976562	8.390000
-47398.914062	-47398.914062	44598.980469	8.395000
-47808.023438	-47808.023438	45007.554688	8.400000
-47398.914062	-47398.914062	44398.984375	8.405000
-47398.914062	-47798.906250	44998.968750	8.410000
-47398.914062	-47398.914062	44598.980469	8.415000
-47798.906250	-47598.910156	44798.976562	8.420000
-47398.914062	-47598.910156	44598.980469	8.425000
-47398.914062	-47798.906250	44798.976562	8.430000
-47398.914062	-47398.914062	44598.980469	8.435000
-47607.992188	-47607.992188	44807.519531	8.440000
-47598.910156	-47598.910156	44598.980469	8.445000
-47198.917969	-47598.910156	44598.980469	8.450000
-47398.914062	-47398.914062	44398.984375	8.455000
-47798.906250	-47798.906250	44798.976562	8.460000
-47598.910156	-47398.914062	44798.976562	8.465000
-47798.906250	-47798.906250	44798.976562	8.470000
-47398.914062	-47598.910156	44598.980469	8.475000
-47808.023438	-47607.992188	44807.519531	8.480000
-47398.914062	-47398.914062	44598.980469	8.485000
-47798.906250	-47798.906250	44798.976562	8.490000
-47398.914062	-47398.914062	44798.976562	8.495000
-47798.906250	-47798.906250	44598.980469	8.500000
-47598.910156	-47398.914062	44798.976562	8.505000
-47798.906250	-47798.906250	44798.976562	8.510000
-47398.914062	-47398.914062	44598.980469	8.515000
-47798.906250	-47798.906250	44998.968750	8.520000
-47407.957031	-47407.957031	44407.453125	8.525000
-47798.906250	-47798.906250	44998.968750	8.530000
-47398.914062	-47398.914062	44598.980469	8.535000
-47798.906250	-47598.910156	44798.976562	8.540000
-47398.914062	-47598.910156	44598.980469	8.545000
-47798.906250	-47598.910156	44598.980469	8.550000
-47398.914062	-47398.914062	44798.976562	8.555000
-47798.906250	-47798.906250	44798.976562	8.560000
-47607.992188	-47407.957031	44407.453125	8.565000
-47598.910156	-47598.910156	44998.968750	8.570000
-47598.910156	-47598.910156	44598.980469	8.575000
-47798.906250	-47598.910156	44798.976562	8.580000
-47398.914062	-47398.914062	44598.980469	8.585000
-47798.906250	-47798.906250	44798.976562	8.590000
-47398.914062	-47398.914062	44598.980469	8.595000
-47598.910156	-47598.910156	44798.976562	8.600000
-47607.992188	-47607.992188	44207.421875	8.605000
-47798.906250	-47798.906250	44998.968750	8.610000
-47398.914062	-47398.914062	44398.984375	8.615000
-47798.906250	-47798.906250	44798.976562	8.620000
-47598.910156	-47398.914062	44598.980469	8.625000
-47598.910156	-47598.910156	44798.976562	8.630000
-47598.910156	-47598.910156	44798.976562	8.635000
-47798.906250	-47798.906250	44798.976562	8.640000
-47398.914062	-47398.914062	44598.980469	8.645000
-47808.023438	-47808.023438	44807.519531	8.650000
-47598.910156	-47398.914062	44598.980469	8.655000
-47798.906250	-47798.906250	44998.968750	8.660000
-47598.910156	-47398.914062	44598.980469	8.665000
-47598.910156	-47598.910156	44598.980469	8.670000
-47598.910156	-47398.914062	44798.976562	8.675000
-47798.906250	-47998.902344	44798.976562	8.680000
-47398.914062	-47198.917969	44598.980469	8.685000
-47808.023438	-47808.023438	44807.519531	8.690000
-47598.910156	-47598.910156	44598.980469	8.695000
-47798.906250	-47598.910156	44998.968750	8.700000
-47598.910156	-47398.914062	44598.980469	8.705000
-47798.906250	-47798.906250	44798.976562	8.710000
-47398.914062	-47398.914062	44598.980469	8.715000
-47998.902344	-47598.910156	44998.968750	8.720000
-47598.910156	-47598.910156	44598.980469	8.725000
-47808.023438	-47607.992188	45007.554688	8.730000
-47398.914062	-47398.914062	44398.984375	8.735000
-47398.914062	-47798.906250	44998.968750	8.740000
-47398.914062	-47398.914062	44598.980469	8.745000
-47798.906250	-47798.906250	44798.976562	8.750000
-47598.910156	-47398.914062	44598.980469	8.755000
-47798.906250	-47598.910156	44798.976562	8.760000
-47598.910156	-47398.914062	44598.980469	8.765000
-47798.906250	-47798.906250	44998.968750	8.770000
-47407.957031	-47407.957031	44607.488281	8.775000
-47798.906250	-47598.910156	44798.976562	8.780000
-47598.910156	-47598.910156	44798.976562	8.785000
-47798.906250	-47598.910156	44798.976562	8.790000
-47598.910156	-47398.914062	44798.976562	8.795000
-47798.906250	-47798.906250	44198.988281	8.800000
-47398.914062	-47398.914062	44398.984375	8.805000
-47798.906250	-47798.906250	44798.976562	8.810000
-47607.992188	-47407.957031	44607.488281	8.815000
-47798.906250	-47598.910156	44998.968750	8.820000
-47398.914062	-47598.910156	44598.980469	8.825000
-47798.906250	-47598.910156	44598.980469	8.830000
-47398.914062	-47398.914062	44798.976562	8.835000
-47798.906250	-47798.906250	44798.976562	8.840000
-47598.910156	-47598.910156	44798.976562	8.845000
-47798.906250	-47598.910156	44798.976562	8.850000
-47607.992188	-47607.992188	44607.488281	8.855000
-47598.910156	-47598.910156	44998.968750	8.860000
-47598.910156	-47398.914062	44398.984375	8.865000
-47798.906250	-47998.902344	44998.968750	8.870000
-47398.914062	-47398.914062	44598.980469	8.875000
-47798.906250	-47598.910156	44798.976562	8.880000
-47598.910156	-47598.910156	44398.984375	8.885000
-47798.906250	-47798.906250	44798.976562	8.890000
-47398.914062	-47398.914062	44598.980469	8.895000
-47808.023438	-48008.058594	45007.554688	8.900000
-47598.910156	-47398.914062	44398.984375	8.905000
-47598.910156	-47598.910156	44798.976562	8.910000
-47598.910156	-47798.906250	44398.984375	8.915000
-47798.906250	-47198.917969	44398.984375	8.920000
-47398.914062	-47398.914062	44598.980469	8.925000
-47998.902344	-47998.902344	44798.976562	8.930000
-47398.914062	-47398.914062	44598.980469	8.935000
-47407.957031	-47808.023438	45007.554688	8.940000
-47698.910156	-47698.910156	44598.980469	8.950000
-47398.914062	-47598.910156	44798.976562	8.955000
-47398.914062	-47798.906250	44798.976562	8.960000
-47598.910156	-47398.914062	44598.980469	8.965000
-47798.906250	-47798.906250	44798.976562	8.970000
-47703.457031	-47703.457031	44603.234375	8.980000
-47598.910156	-47698.910156	44698.976562	8.990000
-47198.917969	-46998.925781	44598.980469	8.995000
-47798.906250	-47798.906250	44798.976562	9.000000
-47398.914062	-47398.914062	44598.980469	9.005000
-47798.906250	-47798.906250	44798.976562	9.010000
-47598.910156	-47598.910156	44598.980469	9.015000
-47998.902344	-47798.906250	44998.968750	9.020000
-47407.957031	-47407.957031	44407.453125	9.025000
-47798.906250	-47998.902344	44998.968750	9.030000
-47598.910156	-47398.914062	44598.980469	9.035000
-47798.906250	-47798.906250	44798.976562	9.040000
-47598.910156	-47598.910156	44798.976562	9.045000
-47998.902344	-47798.906250	44598.980469	9.050000
-47598.910156	-47398.914062	44598.980469	9.055000
-47798.906250	-47798.906250	44998.968750	9.060000
-47808.023438	-47607.992188	44407.453125	9.065000
-47998.902344	-47798.906250	44998.968750	9.070000
-47598.910156	-47398.914062	44598.980469	9.075000
-47998.902344	-47798.906250	44798.976562	9.080000
-47798.906250	-47598.910156	44798.976562	9.085000
-47998.902344	-47798.906250	44798.976562	9.090000
-47798.906250	-47598.910156	44598.980469	9.095000
-47798.906250	-47598.910156	44998.968750	9.100000
-47808.023438	-47607.992188	44407.453125	9.105000
-47598.910156	-47798.906250	44998.968750	9.110000
-47798.906250	-47598.910156	44598.980469	9.115000
-47998.902344	-47798.906250	44798.976562	9.120000
-47598.910156	-47398.914062	44598.980469	9.125000
-47598.910156	-47798.906250	44798.976562	9.130000
-47798.906250	-47598.910156	44598.980469	9.135000
-47998.902344	-47798.906250	44998.968750	9.140000
-47803.464844	-47703.457031	44703.238281	9.150000
-47598.910156	-47598.910156	44598.980469	9.155000
-47998.902344	-47598.910156	44798.976562	9.160000
-47598.910156	-47598.910156	44198.988281	9.165000
-47998.902344	-47798.906250	44798.976562	9.170000
-47598.910156	-47398.914062	44398.984375	9.175000
-47998.902344	-47798.906250	44798.976562	9.180000
-47598.910156	-47398.914062	44598.980469	9.185000
-48008.058594	-47808.023438	45007.554688	9.190000
-47598.910156	-47598.910156	44598.980469	9.195000
-47598.910156	-47798.906250	44598.980469	9.200000
-47598.910156	-47398.914062	44798.976562	9.205000
-47798.906250	-47798.906250	44598.980469	9.210000
-47798.906250	-47598.910156	44798.976562	9.215000
-47798.906250	-47598.910156	44798.976562	9.220000
-47598.910156	-47598.910156	44598.980469	9.225000
-48008.058594	-47808.023438	45007.554688	9.230000
-47598.910156	-47398.914062	44398.984375	9.235000
-47798.906250	-47798.906250	44998.968750	9.240000
-47598.910156	-47398.914062	44598.980469	9.245000
-47998.902344	-47798.906250	44798.976562	9.250000
-47398.914062	-47398.914062	44598.980469	9.255000
-47998.902344	-47798.906250	44798.976562	9.260000
-47598.910156	-47398.914062	44598.980469	9.265000
-47798.906250	-47798.906250	44998.968750	9.270000
-47607.992188	-47407.957031	44607.488281	9.275000
-47798.906250	-47598.910156	44798.976562	9.280000
-47798.906250	-47598.910156	44798.976562	9.285000
-47798.906250	-47798.906250	44798.976562	9.290000
-47598.910156	-47398.914062	44598.980469	9.295000
-47798.906250	-47598.910156	44798.976562	9.300000
-47598.910156	-47398.914062	44198.988281	9.305000
-47798.906250	-47798.906250	44798.976562	9.310000
-47808.023438	-47407.957031	44607.488281	9.315000
-47798.906250	-47798.906250	44798.976562	9.320000
-47598.910156	-47198.917969	44598.980469	9.325000
-47798.906250	-47798.906250	44798.976562	9.330000
-47598.910156	-47398.914062	44598.980469	9.335000
-47998.902344	-47598.910156	44998.968750	9.340000
-47598.910156	-47398.914062	44398.984375	9.345000
-47798.906250	-47798.906250	44998.968750	9.350000
-47607.992188	-47407.957031	44607.488281	9.355000
-47998.902344	-47598.910156	44798.976562	9.360000
-47598.910156	-47398.914062	44598.980469	9.365000
-47998.902344	-47598.910156	44798.976562	9.370000
-47598.910156	-47398.914062	44798.976562	9.375000
-47998.902344	-47598.910156	44798.976562	9.380000
-47598.910156	-47398.914062	44598.980469	9.385000
-47998.902344	-47598.910156	44998.968750	9.390000
-47598.910156	-47398.914062	44398.984375	9.395000
-47808.023438	-47607.992188	45007.554688	9.400000
-47598.910156	-47398.914062	44598.980469	9.405000
-47998.902344	-47598.910156	44798.976562	9.410000
-47598.910156	-47598.910156	44798.976562	9.415000
-47798.906250	-47398.914062	44598.980469	9.420000
-47798.906250	-47398.914062	44598.980469	9.425000
-47798.906250	-47598.910156	44998.968750	9.430000
-47598.910156	-47398.914062	44598.980469	9.435000
-48008.058594	-47607.992188	44807.519531	9.440000
-47598.910156	-47398.914062	44598.980469	9.445000
-47998.902344	-47598.910156	44798.976562	9.450000
-47598.910156	-47198.917969	44798.976562	9.455000
-47798.906250	-47798.906250	44798.976562	9.460000
-47798.906250	-47198.917969	44198.988281	9.465000
-47998.902344	-47598.910156	44798.976562	9.470000
-47598.910156	-47398.914062	44598.980469	9.475000
-48008.058594	-47607.992188	45007.554688	9.480000
-47598.910156	-47398.914062	44598.980469	9.485000
-47998.902344	-47598.910156	44798.976562	9.490000
-47798.906250	-47398.914062	44598.980469	9.495000
-47998.902344	-47598.910156	44798.976562	9.500000
-47598.910156	-47398.914062	44598.980469	9.505000
-48198.898438	-47598.910156	44998.968750	9.510000
-47798.906250	-47398.914062	44598.980469	9.515000
-47798.906250	-47598.910156	44798.976562	9.520000
-47808.023438	-47407.957031	44607.488281	9.525000
-48198.898438	-47598.910156	44798.976562	9.530000
-47598.910156	-46998.925781	44798.976562	9.535000
-47998.902344	-47598.910156	44598.980469	9.540000
-47798.906250	-47398.914062	44798.976562	9.545000
-47998.902344	-47798.906250	44798.976562	9.550000
-47798.906250	-47398.914062	44598.980469	9.555000
-47998.902344	-47598.910156	44998.968750	9.560000
-47808.023438	-47607.992188	44407.453125	9.565000
-47998.902344	-47598.910156	44998.968750	9.570000
-47798.906250	-47398.914062	44598.980469	9.575000
-47998.902344	-47798.906250	44798.976562	9.580000
-47798.906250	-47398.914062	44598.980469	9.585000
-47998.902344	-47598.910156	44998.968750	9.590000
-47598.910156	-47598.910156	44398.984375	9.595000
-48198.898438	-47598.910156	44998.968750	9.600000
-47207.921875	-47407.957031	44607.488281	9.605000
-48198.898438	-47798.906250	44798.976562	9.610000
-47798.906250	-47398.914062	44798.976562	9.615000
-47998.902344	-47798.906250	44798.976562	9.620000
-47798.906250	-47498.914062	44698.976562	9.630000
-47798.906250	-47598.910156	44598.980469	9.635000
-47998.902344	-47798.906250	44798.976562	9.640000
-47198.917969	-47198.917969	44598.980469	9.645000
-48008.058594	-47808.023438	44807.519531	9.650000
-47198.917969	-47398.914062	44598.980469	9.655000
-47998.902344	-47598.910156	44798.976562	9.660000
-47798.906250	-47598.910156	44598.980469	9.665000
-47598.910156	-47798.906250	44998.968750	9.670000
-47598.910156	-47198.917969	44398.984375	9.675000
-47198.917969	-47798.906250	44998.968750	9.680000
-47798.906250	-47398.914062	44398.984375	9.685000
-48008.058594	-47808.023438	45007.554688	9.690000
-47798.906250	-47498.914062	44698.976562	9.700000
-47598.910156	-47398.914062	44598.980469	9.705000
-47998.902344	-47798.906250	44798.976562	9.710000
-47598.910156	-47398.914062	44598.980469	9.715000
-47598.910156	-47598.910156	44998.968750	9.720000
-47598.910156	-47398.914062	44398.984375	9.725000
-48008.058594	-47808.023438	45007.554688	9.730000
-47598.910156	-47398.914062	44598.980469	9.735000
-47798.906250	-47598.910156	44798.976562	9.740000
-47798.906250	-47398.914062	44598.980469	9.745000
-47998.902344	-47798.906250	44798.976562	9.750000
-47398.914062	-47398.914062	44598.980469	9.755000
-47998.902344	-47598.910156	44798.976562	9.760000
-47598.910156	-47398.914062	44598.980469	9.765000
-47798.906250	-47798.906250	44798.976562	9.770000
-47803.464844	-47503.441406	44703.238281	9.780000
-47598.910156	-47398.914062	44598.980469	9.785000
-47798.906250	-47798.906250	44798.976562	9.790000
-47598.910156	-47198.917969	44598.980469	9.795000
-47998.902344	-47798.906250	44998.968750	9.800000
-47598.910156	-47398.914062	44398.984375	9.805000
-47798.906250	-47598.910156	44998.968750	9.810000
-47607.992188	-47607.992188	44407.453125	9.815000
-47798.906250	-47398.914062	44798.976562	9.820000
-47598.910156	-47398.914062	44798.976562	9.825000
-47998.902344	-47798.906250	44798.976562	9.830000
-47698.910156	-47498.914062	44698.976562	9.840000
-47598.910156	-47398.914062	44598.980469	9.845000
-47998.902344	-47798.906250	44998.968750	9.850000
-47007.890625	-47207.921875	44407.453125	9.855000
-47998.902344	-47798.906250	44998.968750	9.860000
-47598.910156	-47398.914062	44598.980469	9.865000
-47798.906250	-47198.917969	44398.984375	9.870000
-47598.910156	-47398.914062	44598.980469	9.875000
-47998.902344	-47598.910156	44798.976562	9.880000
-47598.910156	-47398.914062	44598.980469	9.885000
-47798.906250	-47798.906250	44798.976562	9.890000
-47598.910156	-47198.917969	44598.980469	9.895000
-47808.023438	-47607.992188	44807.519531	9.900000
-47598.910156	-47398.914062	44598.980469	9.905000
-47998.902344	-47598.910156	44798.976562	9.910000
-47598.910156	-47398.914062	44798.976562	9.915000
-47798.906250	-47598.910156	44798.976562	9.920000
-47598.910156	-47398.914062	44398.984375	9.925000
-47998.902344	-47598.910156	44998.968750	9.930000
-47598.910156	-47398.914062	44598.980469	9.935000
-48008.058594	-47607.992188	44807.519531	9.940000
-47598.910156	-47398.914062	44598.980469	9.945000
-47798.906250	-47598.910156	44798.976562	9.950000
-47598.910156	-47198.917969	44598.980469	9.955000
-47998.902344	-47798.906250	44998.968750	9.960000
-47598.910156	-47398.914062	44398.984375	9.965000
-47998.902344	-47598.910156	44998.968750	9.970000
-47798.906250	-47398.914062	44598.980469	9.975000
-47808.023438	-47607.992188	44807.519531	9.980000
-47798.906250	-47398.914062	44598.980469	9.985000
-47998.902344	-47598.910156	44798.976562	9.990000
-47798.906250	-47398.914062	44598.980469	9.995000
-48198.898438	-47598.910156	44798.976562	10.000000
-47798.906250	-47498.914062	44798.976562	10.010000
-47998.902344	-47498.914062	44698.976562	10.020000
-47903.472656	-47503.441406	44703.238281	10.030000
-47898.902344	-47498.914062	44698.976562	10.040000
-47898.902344	-47498.914062	44798.976562	10.050000
-47898.902344	-47498.914062	44698.976562	10.060000
-47703.457031	-47503.441406	44703.238281	10.070000
-47898.902344	-47498.914062	44798.976562	10.080000
-47798.906250	-47498.914062	44698.976562	10.090000
-47798.906250	-47498.914062	44798.976562	10.100000
-47903.472656	-47603.449219	44703.238281	10.110000
-47798.906250	-47498.914062	44798.976562	10.120000
-47798.906250	-47498.914062	44798.976562	10.130000
-47798.906250	-47498.914062	44698.976562	10.140000
-47903.472656	-47503.441406	44703.238281	10.150000
-47698.910156	-47498.914062	44698.976562	10.160000
-47798.906250	-47598.910156	44798.976562	10.170000
-47798.906250	-47598.910156	44798.976562	10.180000
-47703.457031	-47403.437500	44703.238281	10.190000