0.000000	0.000000	0.000000	0.110000
-799.999573	-799.999573	799.999573	0.115000
-3000.002930	-3200.003174	2600.002441	0.120000
-4999.997559	-4999.997559	4199.997559	0.125000
-6400.006348	-6600.006348	6200.005859	0.130000
-7799.984375	-7999.983887	7399.984863	0.135000
-9200.008789	-9200.008789	9000.008789	0.140000
-10200.009766	-10200.009766	9800.009766	0.145000
-10999.977539	-11199.977539	10999.977539	0.150000
-12000.011719	-11800.011719	11600.010742	0.155000
-12600.011719	-12800.012695	12400.011719	0.160000
-13199.973633	-13599.972656	12999.973633	0.165000
-13800.012695	-14000.013672	13400.012695	0.170000
-14200.013672	-14200.013672	14000.013672	0.175000
-14799.969727	-14999.969727	14599.970703	0.180000
-15000.014648	-15200.014648	14800.013672	0.185000
-15600.014648	-15800.014648	15200.014648	0.190000
-15800.014648	-16000.015625	15400.014648	0.195000
-15999.967773	-16199.966797	15799.967773	0.200000
-16400.015625	-16400.015625	15800.014648	0.205000
-16600.015625	-17000.015625	16200.015625	0.210000
-16599.966797	-16799.966797	16199.966797	0.215000
-17000.015625	-17200.015625	16600.015625	0.220000
-17200.015625	-17400.015625	16800.015625	0.225000
-17199.964844	-17599.964844	16799.966797	0.230000
-17400.015625	-17600.017578	16800.015625	0.235000
-17600.017578	-17800.017578	17200.015625	0.240000
-17599.964844	-17799.964844	17199.964844	0.245000
-17800.017578	-18200.017578	17400.015625	0.250000
-17800.017578	-18200.017578	17200.015625	0.255000
-18000.017578	-18200.017578	17400.015625	0.260000
-18000.017578	-18200.017578	17600.017578	0.265000
-18199.908203	-18599.906250	17799.910156	0.270000
-18000.017578	-18400.017578	17600.017578	0.275000
-18200.017578	-18600.017578	17600.017578	0.280000
-18400.017578	-18600.017578	17800.017578	0.285000
-18400.017578	-18800.017578	18000.017578	0.290000
-18200.017578	-18800.017578	17800.017578	0.295000
-18599.906250	-18799.906250	17999.910156	0.300000
-18400.017578	-18800.017578	17800.017578	0.305000
-18600.017578	-19000.017578	18200.017578	0.310000
-18400.017578	-18800.017578	17800.017578	0.315000
-18800.017578	-19000.017578	18200.017578	0.320000
-18600.017578	-19000.017578	18000.017578	0.325000
-18599.906250	-19199.904297	18399.908203	0.330000
-18600.017578	-19200.017578	18000.017578	0.335000
-18800.017578	-19000.017578	18200.017578	0.340000
-18800.017578	-19200.017578	18200.017578	0.345000
-18800.017578	-19200.017578	18400.017578	0.350000
-18800.017578	-19200.017578	18000.017578	0.355000
-18799.906250	-19199.904297	18399.908203	0.360000
-18800.017578	-19400.017578	18200.017578	0.365000
-18800.017578	-19200.017578	18400.017578	0.370000
-18800.017578	-19200.017578	18200.017578	0.375000
-19000.017578	-19400.017578	18400.017578	0.380000
-19000.017578	-19400.017578	18200.017578	0.385000
-18800.017578	-19400.017578	18600.017578	0.390000
-18999.904297	-19199.904297	18199.908203	0.395000
-19000.017578	-19400.017578	18400.017578	0.400000
-18800.017578	-19400.017578	18400.017578	0.405000
-19000.017578	-19600.019531	18400.017578	0.410000
-19000.017578	-19200.017578	18200.017578	0.415000
-19000.017578	-19600.019531	18400.017578	0.420000
-18999.904297	-19399.902344	18399.908203	0.425000
-19000.017578	-19400.017578	18600.017578	0.430000
-19000.017578	-19400.017578	18200.017578	0.435000
-19200.017578	-19600.019531	18400.017578	0.440000
-18800.017578	-19600.019531	18600.017578	0.445000
-19200.017578	-19400.017578	18400.017578	0.450000
-18999.904297	-19399.902344	18199.908203	0.455000
-19000.017578	-19600.019531	18600.017578	0.460000
-19000.017578	-19600.019531	18400.017578	0.465000
-19200.017578	-19400.017578	18600.017578	0.470000
-19000.017578	-19600.019531	18200.017578	0.475000
-19000.017578	-19600.019531	18600.017578	0.480000
-18999.904297	-19399.902344	18399.908203	0.485000
-19200.017578	-19600.019531	18600.017578	0.490000
-19000.017578	-19600.019531	18200.017578	0.495000
-19200.017578	-19600.019531	18600.017578	0.500000
-19000.017578	-19400.017578	18400.017578	0.505000
-19200.017578	-19600.019531	18600.017578	0.510000
-19000.017578	-19600.019531	18400.017578	0.515000
-19000.017578	-19600.019531	18600.017578	0.520000
-19200.017578	-19600.019531	18400.017578	0.525000
-19000.017578	-19600.019531	18400.017578	0.530000
-19199.789062	-19599.785156	18399.798828	0.535000
-19000.017578	-19600.019531	18600.017578	0.540000
-19200.017578	-19400.017578	18600.017578	0.545000
-19200.017578	-19800.019531	18400.017578	0.550000
-19000.017578	-19600.019531	18400.017578	0.555000
-19200.017578	-19600.019531	18600.017578	0.560000
-19000.017578	-19400.017578	18400.017578	0.565000
-19200.017578	-19800.019531	18600.017578	0.570000
-19000.017578	-19600.019531	18200.017578	0.575000
-19200.017578	-19600.019531	18800.017578	0.580000
-19000.017578	-19600.019531	18400.017578	0.585000
-19200.017578	-19600.019531	18400.017578	0.590000
-18999.791016	-19599.785156	18399.798828	0.595000
-19200.017578	-19600.019531	18800.017578	0.600000
-19200.017578	-19600.019531	18400.017578	0.605000
-19200.017578	-19600.019531	18400.017578	0.610000
-19000.017578	-19600.019531	18400.017578	0.615000
-19200.017578	-19600.019531	18600.017578	0.620000
-19000.017578	-19600.019531	18600.017578	0.625000
-19200.017578	-19800.019531	18400.017578	0.630000
-19200.017578	-19400.017578	18400.017578	0.635000
-19200.017578	-19800.019531	18800.017578	0.640000
-19000.017578	-19600.019531	18400.017578	0.645000
-19200.017578	-19600.019531	18400.017578	0.650000
-19000.017578	-19600.019531	18400.017578	0.655000
-19199.789062	-19599.785156	18799.792969	0.660000
-19200.017578	-19600.019531	18400.017578	0.665000
-19200.017578	-19800.019531	18400.017578	0.670000
-19000.017578	-19400.017578	18600.017578	0.675000
-19200.017578	-19800.019531	18600.017578	0.680000
-19200.017578	-19600.019531	18400.017578	0.685000
-19000.017578	-19600.019531	18400.017578	0.690000
-19200.017578	-19600.019531	18600.017578	0.695000
-19200.017578	-19800.019531	18600.017578	0.700000
-19200.017578	-19600.019531	18400.017578	0.705000
-19000.017578	-19600.019531	18600.017578	0.710000
-19200.017578	-19600.019531	18400.017578	0.715000
-19199.789062	-19799.783203	18799.792969	0.720000
-19000.017578	-19400.017578	18200.017578	0.725000
-19200.017578	-19800.019531	18600.017578	0.730000
-19200.017578	-19600.019531	18600.017578	0.735000
-19200.017578	-19800.019531	18400.017578	0.740000
-19000.017578	-19400.017578	18400.017578	0.745000
-19200.017578	-19800.019531	18600.017578	0.750000
-19200.017578	-19600.019531	18400.017578	0.755000
-19200.017578	-19600.019531	18600.017578	0.760000
-19000.017578	-19600.019531	18400.017578	0.765000
-19200.017578	-19800.019531	18600.017578	0.770000
-19200.017578	-19600.019531	18600.017578	0.775000
-19200.017578	-19600.019531	18600.017578	0.780000
-18999.791016	-19599.785156	18399.798828	0.785000
-19200.017578	-19800.019531	18600.017578	0.790000
-19200.017578	-19600.019531	18600.017578	0.795000
-19200.017578	-19600.019531	18600.017578	0.800000
-19000.017578	-19600.019531	18400.017578	0.805000
-19200.017578	-19800.019531	18600.017578	0.810000
-19200.017578	-19600.019531	18600.017578	0.815000
-19200.017578	-19600.019531	18400.017578	0.820000
-19000.017578	-19600.019531	18400.017578	0.825000
-19200.017578	-19800.019531	18600.017578	0.830000
-19200.017578	-19600.019531	18600.017578	0.835000
-19200.017578	-19600.019531	18600.017578	0.840000
-18999.791016	-19599.785156	18399.798828	0.845000
-19200.017578	-19800.019531	18600.017578	0.850000
-19200.017578	-19600.019531	18600.017578	0.855000
-19200.017578	-19600.019531	18400.017578	0.860000
-19000.017578	-19600.019531	18400.017578	0.865000
-19200.017578	-19800.019531	18600.017578	0.870000
-19200.017578	-19600.019531	18600.017578	0.875000
-19200.017578	-19600.019531	18600.017578	0.880000
-19000.017578	-19800.019531	18400.017578	0.885000
-19200.017578	-19600.019531	18600.017578	0.890000
-19200.017578	-19600.019531	18600.017578	0.895000
-19000.017578	-19800.019531	18400.017578	0.900000
-19200.017578	-19600.019531	18600.017578	0.905000
-19199.789062	-19599.785156	18599.796875	0.910000
-19000.017578	-19600.019531	18600.017578	0.915000
-19200.017578	-19800.019531	18400.017578	0.920000
-19200.017578	-19600.019531	18400.017578	0.925000
-19200.017578	-19600.019531	18800.017578	0.930000
-19000.017578	-19600.019531	18400.017578	0.935000
-19200.017578	-19800.019531	18600.017578	0.940000
-19200.017578	-19600.019531	18400.017578	0.945000
-19200.017578	-19600.019531	18800.017578	0.950000
-19000.017578	-19800.019531	18400.017578	0.955000
-19200.017578	-19600.019531	18600.017578	0.960000
-19000.017578	-19600.019531	18400.017578	0.965000
-19199.789062	-19799.783203	18799.792969	0.970000
-19200.017578	-19600.019531	18400.017578	0.975000
-19200.017578	-19800.019531	18600.017578	0.980000
-19000.017578	-19400.017578	18400.017578	0.985000
-19200.017578	-19800.019531	18800.017578	0.990000
-19200.017578	-19800.019531	18400.017578	0.995000
-19200.017578	-19600.019531	18600.017578	1.000000
-19000.017578	-19600.019531	18400.017578	1.005000
-19200.017578	-19800.019531	18800.017578	1.010000
-19200.017578	-19600.019531	18400.017578	1.015000
-19200.017578	-19600.019531	18400.017578	1.020000
-19000.017578	-19600.019531	18600.017578	1.025000
-19200.017578	-19800.019531	18800.017578	1.030000
-19200.017578	-19600.019531	18400.017578	1.035000
-19200.017578	-19600.019531	18400.017578	1.040000
-19000.017578	-19600.019531	18600.017578	1.045000
-19200.017578	-19800.019531	18800.017578	1.050000
-19200.017578	-19600.019531	18400.017578	1.055000
-19200.017578	-19600.019531	18400.017578	1.060000
-18999.564453	-19799.546875	18599.574219	1.065000
-19200.017578	-19800.019531	18800.017578	1.070000
-19200.017578	-19400.017578	18400.017578	1.075000
-19200.017578	-19800.019531	18400.017578	1.080000
-19000.017578	-19600.019531	18600.017578	1.085000
-19200.017578	-19800.019531	18800.017578	1.090000
-19200.017578	-19400.017578	18400.017578	1.095000
-19200.017578	-19800.019531	18600.017578	1.100000
-19000.017578	-19600.019531	18600.017578	1.105000
-19200.017578	-19800.019531	18600.017578	1.110000
-19200.017578	-19600.019531	18400.017578	1.115000
-19200.017578	-19600.019531	18600.017578	1.120000
-19200.017578	-19800.019531	18600.017578	1.125000
-19200.017578	-19600.019531	18600.017578	1.130000
-19000.017578	-19600.019531	18400.017578	1.135000
-19200.017578	-19800.019531	18600.017578	1.140000
-19200.017578	-19600.019531	18600.017578	1.145000
-19200.017578	-19600.019531	18600.017578	1.150000
-19000.017578	-19600.019531	18400.017578	1.155000
-19200.017578	-19800.019531	18800.017578	1.160000
-19200.017578	-19600.019531	18600.017578	1.165000
-19200.017578	-19600.019531	18600.017578	1.170000
-19200.017578	-19800.019531	18400.017578	1.175000
-19000.017578	-19600.019531	18600.017578	1.180000
-19200.017578	-19600.019531	18600.017578	1.185000
-19199.560547	-19799.546875	18599.574219	1.190000
-19200.017578	-19600.019531	18400.017578	1.195000
-19000.017578	-19600.019531	18800.017578	1.200000
-19200.017578	-19600.019531	18400.017578	1.205000
-19200.017578	-19800.019531	18600.017578	1.210000
-19200.017578	-19600.019531	18600.017578	1.215000
-19000.017578	-19600.019531	18600.017578	1.220000
-19200.017578	-19600.019531	18600.017578	1.225000
-19200.017578	-19800.019531	18600.017578	1.230000
-19200.017578	-19600.019531	18400.017578	1.235000
-19200.017578	-19600.019531	18800.017578	1.240000
-19000.017578	-19600.019531	18400.017578	1.245000
-19400.017578	-19800.019531	18600.017578	1.250000
-19000.017578	-19600.019531	18600.017578	1.255000
-19200.017578	-19600.019531	18600.017578	1.260000
-19200.017578	-19800.019531	18600.017578	1.265000
-19200.017578	-19600.019531	18400.017578	1.270000
-19200.017578	-19600.019531	18600.017578	1.275000
-19200.017578	-19600.019531	18800.017578	1.280000
-19200.017578	-19800.019531	18400.017578	1.285000
-19200.017578	-19600.019531	18600.017578	1.290000
-19000.017578	-19600.019531	18400.017578	1.295000
-19200.017578	-19600.019531	18800.017578	1.300000
-19200.017578	-19800.019531	18600.017578	1.305000
-19200.017578	-19600.019531	18400.017578	1.310000
-19199.560547	-19599.550781	18599.574219	1.315000
-19200.017578	-19600.019531	18600.017578	1.320000
-19200.017578	-19600.019531	18600.017578	1.325000
-19200.017578	-19800.019531	18400.017578	1.330000
-19000.017578	-19400.017578	18600.017578	1.335000
-19400.017578	-19800.019531	18800.017578	1.340000
-19000.017578	-19600.019531	18400.017578	1.345000
-19200.017578	-19600.019531	18600.017578	1.350000
-19200.017578	-19600.019531	18600.017578	1.355000
-19200.017578	-19800.019531	18600.017578	1.360000
-19200.017578	-19600.019531	18400.017578	1.365000
-19200.017578	-19600.019531	18600.017578	1.370000
-19000.017578	-19600.019531	18600.017578	1.375000
-19400.017578	-19600.019531	18600.017578	1.380000
-19000.017578	-19600.019531	18400.017578	1.385000
-19200.017578	-19600.019531	18600.017578	1.390000
-19200.017578	-19800.019531	18600.017578	1.395000
-19200.017578	-19600.019531	18600.017578	1.400000
-19200.017578	-19400.017578	18400.017578	1.405000
-19200.017578	-19800.019531	18600.017578	1.410000
-19200.017578	-19600.019531	18600.017578	1.415000
-19200.017578	-19600.019531	18600.017578	1.420000
-19000.017578	-19600.019531	18600.017578	1.425000
-19200.017578	-19600.019531	18600.017578	1.430000
-19200.017578	-19600.019531	18600.017578	1.435000
-19199.560547	-19599.550781	18599.574219	1.440000
-19000.017578	-19600.019531	18400.017578	1.445000
-19400.017578	-19800.019531	18600.017578	1.450000
-19000.017578	-19400.017578	18600.017578	1.455000
-19400.017578	-19800.019531	18600.017578	1.460000
-19000.017578	-19600.019531	18400.017578	1.465000
-19200.017578	-19600.019531	18600.017578	1.470000
-19200.017578	-19600.019531	18600.017578	1.475000
-19200.017578	-19600.019531	18600.017578	1.480000
-19000.017578	-19600.019531	18400.017578	1.485000
-19400.017578	-19600.019531	18600.017578	1.490000
-19000.017578	-19600.019531	18600.017578	1.495000
-19200.017578	-19600.019531	18600.017578	1.500000
-19200.017578	-19600.019531	18400.017578	1.505000
-19200.017578	-19600.019531	18600.017578	1.510000
-19200.017578	-19600.019531	18600.017578	1.515000
-19200.017578	-19600.019531	18600.017578	1.520000
-19200.017578	-19600.019531	18400.017578	1.525000
-19200.017578	-19600.019531	18800.017578	1.530000
-19000.017578	-19400.017578	18400.017578	1.535000
-19200.017578	-19800.019531	18600.017578	1.540000
-19200.017578	-19600.019531	18600.017578	1.545000
-19200.017578	-19600.019531	18600.017578	1.550000
-19200.017578	-19400.017578	18600.017578	1.555000
-19200.017578	-19800.019531	18400.017578	1.560000
-19199.560547	-19399.556641	18599.574219	1.565000
-19200.017578	-19600.019531	18600.017578	1.570000
-19000.017578	-19600.019531	18600.017578	1.575000
-19200.017578	-19600.019531	18600.017578	1.580000
-19200.017578	-19600.019531	18400.017578	1.585000
-19200.017578	-19600.019531	18800.017578	1.590000
-19000.017578	-19400.017578	18400.017578	1.595000
-19400.017578	-19800.019531	18600.017578	1.600000
-19000.017578	-19400.017578	18600.017578	1.605000
-19200.017578	-19600.019531	18600.017578	1.610000
-19200.017578	-19600.019531	18600.017578	1.615000
-19200.017578	-19600.019531	18400.017578	1.620000
-19200.017578	-19400.017578	18600.017578	1.625000
-19200.017578	-19600.019531	18800.017578	1.630000
-19000.017578	-19600.019531	18400.017578	1.635000
-19200.017578	-19600.019531	18400.017578	1.640000
-19200.017578	-19400.017578	18600.017578	1.645000
-19200.017578	-19800.019531	18800.017578	1.650000
-19200.017578	-19400.017578	18400.017578	1.655000
-19200.017578	-19600.019531	18600.017578	1.660000
-19000.017578	-19400.017578	18400.017578	1.665000
-19200.017578	-19800.019531	18800.017578	1.670000
-19200.017578	-19400.017578	18400.017578	1.675000
-19200.017578	-19600.019531	18600.017578	1.680000
-19200.017578	-19600.019531	18600.017578	1.685000
-19199.560547	-19599.550781	18599.574219	1.690000
-19000.017578	-19400.017578	18400.017578	1.695000
-19200.017578	-19600.019531	18600.017578	1.700000
-19200.017578	-19600.019531	18600.017578	1.705000
-19200.017578	-19600.019531	18400.017578	1.710000
-19000.017578	-19400.017578	18400.017578	1.715000
-19400.017578	-19600.019531	18600.017578	1.720000
-19000.017578	-19600.019531	18600.017578	1.725000
-19200.017578	-19600.019531	18600.017578	1.730000
-19200.017578	-19400.017578	18400.017578	1.735000
-19200.017578	-19600.019531	18600.017578	1.740000
-19000.017578	-19600.019531	18600.017578	1.745000
-19200.017578	-19600.019531	18600.017578	1.750000
-19200.017578	-19400.017578	18400.017578	1.755000
-19200.017578	-19800.019531	18600.017578	1.760000
-19000.017578	-19400.017578	18600.017578	1.765000
-19400.017578	-19600.019531	18600.017578	1.770000
-19000.017578	-19400.017578	18400.017578	1.775000
-19200.017578	-19800.019531	18600.017578	1.780000
-19200.017578	-19400.017578	18600.017578	1.785000
-19200.017578	-19600.019531	18600.017578	1.790000
-19200.017578	-19400.017578	18400.017578	1.795000
-19000.017578	-19800.019531	18600.017578	1.800000
-19200.017578	-19400.017578	18600.017578	1.805000
-19200.017578	-19600.019531	18600.017578	1.810000
-19199.560547	-19399.556641	18399.578125	1.815000
-19200.017578	-19800.019531	18600.017578	1.820000
-19000.017578	-19400.017578	18600.017578	1.825000
-19400.017578	-19600.019531	18600.017578	1.830000
-19000.017578	-19400.017578	18400.017578	1.835000
-19200.017578	-19600.019531	18600.017578	1.840000
-19200.017578	-19600.019531	18600.017578	1.845000
-19200.017578	-19400.017578	18600.017578	1.850000
-19000.017578	-19600.019531	18400.017578	1.855000
-19200.017578	-19600.019531	18600.017578	1.860000
-19200.017578	-19400.017578	18600.017578	1.865000
-19200.017578	-19600.019531	18600.017578	1.870000
-19200.017578	-19600.019531	18400.017578	1.875000
-19200.017578	-19600.019531	18600.017578	1.880000
-19000.017578	-19400.017578	18600.017578	1.885000
-19400.017578	-19600.019531	18600.017578	1.890000
-19000.017578	-19400.017578	18400.017578	1.895000
-19200.017578	-19600.019531	18600.017578	1.900000
-19200.017578	-19400.017578	18600.017578	1.905000
-19200.017578	-19800.019531	18600.017578	1.910000
-19000.017578	-19400.017578	18400.017578	1.915000
-19200.017578	-19400.017578	18600.017578	1.920000
-19200.017578	-19600.019531	18600.017578	1.925000
-19200.017578	-19600.019531	18400.017578	1.930000
-19200.017578	-19400.017578	18600.017578	1.935000
-19199.560547	-19599.550781	18599.574219	1.940000
-19200.017578	-19600.019531	18600.017578	1.945000
-19000.017578	-19600.019531	18400.017578	1.950000
-19200.017578	-19400.017578	18600.017578	1.955000
-19200.017578	-19400.017578	18600.017578	1.960000
-19200.017578	-19600.019531	18400.017578	1.965000
-19200.017578	-19600.019531	18600.017578	1.970000
-19000.017578	-19400.017578	18600.017578	1.975000
-19200.017578	-19600.019531	18600.017578	1.980000
-19200.017578	-19600.019531	18400.017578	1.985000
-19200.017578	-19600.019531	18600.017578	1.990000
-19000.017578	-19400.017578	18600.017578	1.995000
-19400.017578	-19600.019531	18600.017578	2.000000
-18999.564453	-19399.556641	18399.578125	2.005000
-19200.476562	-19600.486328	18600.460938	2.010000
-19199.560547	-19399.556641	18599.574219	2.015000
-19200.476562	-19600.486328	18600.460938	2.020000
-18999.564453	-19599.550781	18399.578125	2.025000
-19200.476562	-19400.480469	18600.460938	2.030000
-19199.560547	-19599.550781	18599.574219	2.035000
-19200.476562	-19600.486328	18600.460938	2.040000
-18999.564453	-19399.556641	18599.574219	2.045000
-19200.476562	-19600.486328	18400.457031	2.050000
-19199.560547	-19399.556641	18599.574219	2.055000
-19200.476562	-19600.486328	18800.466797	2.060000
-19199.560547	-19599.550781	18399.578125	2.065000
-19200.476562	-19400.480469	18600.460938	2.070000
-19199.560547	-19599.550781	18599.574219	2.075000
-19000.470703	-19600.486328	18600.460938	2.080000
-19199.560547	-19399.556641	18399.578125	2.085000
-19200.476562	-19600.486328	18600.460938	2.090000
-19199.560547	-19399.556641	18599.574219	2.095000
-19200.476562	-19600.486328	18600.460938	2.100000
-18999.564453	-19399.556641	18399.578125	2.105000
-19400.480469	-19600.486328	18600.460938	2.110000
-18999.564453	-19599.550781	18599.574219	2.115000
-19200.476562	-19400.480469	18600.460938	2.120000
-19199.560547	-19399.556641	18399.578125	2.125000
-19199.560547	-19799.546875	18599.574219	2.130000
-19000.470703	-19400.480469	18600.460938	2.135000
-19199.560547	-19599.550781	18399.578125	2.140000
-19200.476562	-19400.480469	18400.457031	2.145000
-19199.560547	-19599.550781	18599.574219	2.150000
-19200.476562	-19400.480469	18600.460938	2.155000
-19199.560547	-19599.550781	18399.578125	2.160000
-19000.470703	-19400.480469	18600.460938	2.165000
-19199.560547	-19599.550781	18599.574219	2.170000
-19200.476562	-19400.480469	18600.460938	2.175000
-19199.560547	-19599.550781	18599.574219	2.180000
-19000.470703	-19600.486328	18400.457031	2.185000
-19199.560547	-19599.550781	18599.574219	2.190000
-19200.476562	-19400.480469	18600.460938	2.195000
-19199.560547	-19399.556641	18599.574219	2.200000
-19000.470703	-19600.486328	18400.457031	2.205000
-19399.556641	-19599.550781	18599.574219	2.210000
-19000.470703	-19400.480469	18600.460938	2.215000
-19199.560547	-19599.550781	18599.574219	2.220000
-19200.476562	-19400.480469	18400.457031	2.225000
-18999.564453	-19599.550781	18799.570312	2.230000
-19200.476562	-19400.480469	18600.460938	2.235000
-19199.560547	-19599.550781	18399.578125	2.240000
-19200.476562	-19600.486328	18600.460938	2.245000
-19199.560547	-19399.556641	18599.574219	2.250000
-18999.564453	-19599.550781	18599.574219	2.255000
-19200.476562	-19600.486328	18600.460938	2.260000
-19199.560547	-19399.556641	18399.578125	2.265000
-19200.476562	-19600.486328	18800.466797	2.270000
-18999.564453	-19399.556641	18399.578125	2.275000
-19200.476562	-19600.486328	18600.460938	2.280000
-19199.560547	-19399.556641	18599.574219	2.285000
-19200.476562	-19600.486328	18600.460938	2.290000
-18999.564453	-19599.550781	18599.574219	2.295000
-19400.480469	-19600.486328	18600.460938	2.300000
-18999.564453	-19399.556641	18399.578125	2.305000
-19200.476562	-19600.486328	18800.466797	2.310000
-19199.560547	-19399.556641	18399.578125	2.315000
-19200.476562	-19600.486328	18600.460938	2.320000
-18999.564453	-19599.550781	18599.574219	2.325000
-19200.476562	-19400.480469	18600.460938	2.330000
-19199.560547	-19599.550781	18599.574219	2.335000
-19200.476562	-19600.486328	18600.460938	2.340000
-18999.564453	-19399.556641	18599.574219	2.345000
-19200.476562	-19600.486328	18600.460938	2.350000
-19199.560547	-19599.550781	18399.578125	2.355000
-19200.476562	-19400.480469	18600.460938	2.360000
-19199.560547	-19599.550781	18599.574219	2.365000
-19200.476562	-19600.486328	18800.466797	2.370000
-19199.560547	-19399.556641	18399.578125	2.375000
-19199.560547	-19599.550781	18599.574219	2.380000
-19000.470703	-19400.480469	18600.460938	2.385000
-19199.560547	-19599.550781	18599.574219	2.390000
-19200.476562	-19600.486328	18400.457031	2.395000
-19199.560547	-19399.556641	18799.570312	2.400000
-19000.470703	-19600.486328	18600.460938	2.405000
-19399.556641	-19599.550781	18599.574219	2.410000
-19000.470703	-19400.480469	18400.457031	2.415000
-19199.560547	-19599.550781	18599.574219	2.420000
-19200.476562	-19600.486328	18800.466797	2.425000
-19199.560547	-19599.550781	18599.574219	2.430000
-19000.470703	-19400.480469	18400.457031	2.435000
-19199.560547	-19399.556641	18599.574219	2.440000
-19200.476562	-19600.486328	18600.460938	2.445000
-19199.560547	-19599.550781	18599.574219	2.450000
-19000.470703	-19400.480469	18400.457031	2.455000
-19199.560547	-19599.550781	18799.570312	2.460000
-19200.476562	-19600.486328	18600.460938	2.465000
-19199.560547	-19399.556641	18599.574219	2.470000
-19000.470703	-19600.486328	18400.457031	2.475000
-19199.560547	-19599.550781	18799.570312	2.480000
-19200.476562	-19400.480469	18600.460938	2.485000
-19199.560547	-19599.550781	18599.574219	2.490000
-19000.470703	-19400.480469	18400.457031	2.495000
-19199.560547	-19599.550781	18799.570312	2.500000
-19199.560547	-19599.550781	18599.574219	2.505000
-19200.476562	-19400.480469	18600.460938	2.510000
-18999.564453	-19599.550781	18399.578125	2.515000
-19200.476562	-19600.486328	18800.466797	2.520000
-19199.560547	-19399.556641	18399.578125	2.525000
-19200.476562	-19600.486328	18600.460938	2.530000
-18999.564453	-19399.556641	18599.574219	2.535000
-19200.476562	-19800.490234	18600.460938	2.540000
-18999.564453	-19399.556641	18599.574219	2.545000
-19200.476562	-19600.486328	18600.460938	2.550000
-19199.560547	-19399.556641	18599.574219	2.555000
-19200.476562	-19600.486328	18600.460938	2.560000
-18999.564453	-19399.556641	18599.574219	2.565000
-19200.476562	-19600.486328	18600.460938	2.570000
-18999.564453	-19599.550781	18599.574219	2.575000
-19200.476562	-19600.486328	18600.460938	2.580000
-19199.560547	-19399.556641	18599.574219	2.585000
-19200.476562	-19600.486328	18600.460938	2.590000
-18999.564453	-19599.550781	18599.574219	2.595000
-19200.476562	-19400.480469	18600.460938	2.600000
-19199.560547	-19599.550781	18599.574219	2.605000
-19200.476562	-19600.486328	18400.457031	2.610000
-18999.564453	-19399.556641	18599.574219	2.615000
-19200.476562	-19600.486328	18800.466797	2.620000
-18999.564453	-19399.556641	18399.578125	2.625000
-19199.560547	-19799.546875	18599.574219	2.630000
-19200.476562	-19400.480469	18600.460938	2.635000
-19199.560547	-19599.550781	18799.570312	2.640000
-19000.470703	-19400.480469	18400.457031	2.645000
-19199.560547	-19599.550781	18599.574219	2.650000
-19200.476562	-19600.486328	18600.460938	2.655000
-19199.560547	-19399.556641	18799.570312	2.660000
-19000.470703	-19600.486328	18400.457031	2.665000
-19199.560547	-19599.550781	18599.574219	2.670000
-19000.470703	-19400.480469	18600.460938	2.675000
-19199.560547	-19599.550781	18799.570312	2.680000
-19200.476562	-19600.486328	18400.457031	2.685000
-19199.560547	-19599.550781	18599.574219	2.690000
-19000.470703	-19400.480469	18800.466797	2.695000
-19199.560547	-19599.550781	18599.574219	2.700000
-19000.470703	-19400.480469	18400.457031	2.705000
-19199.560547	-19599.550781	18799.570312	2.710000
-19200.476562	-19400.480469	18600.460938	2.715000
-19199.560547	-19799.546875	18599.574219	2.720000
-19000.470703	-19400.480469	18400.457031	2.725000
-19199.560547	-19399.556641	18799.570312	2.730000
-19200.476562	-19600.486328	18600.460938	2.735000
-18999.564453	-19599.550781	18599.574219	2.740000
-19200.476562	-19400.480469	18400.457031	2.745000
-19199.560547	-19599.550781	18799.570312	2.750000
-18999.564453	-19399.556641	18599.574219	2.755000
-19200.476562	-19600.486328	18600.460938	2.760000
-19199.560547	-19399.556641	18599.574219	2.765000
-19200.476562	-19600.486328	18600.460938	2.770000
-18999.564453	-19399.556641	18599.574219	2.775000
-19200.476562	-19600.486328	18600.460938	2.780000
-18999.564453	-19399.556641	18599.574219	2.785000
-19200.476562	-19600.486328	18600.460938	2.790000
-19199.560547	-19399.556641	18599.574219	2.795000
-19000.470703	-19600.486328	18600.460938	2.800000
-19199.560547	-19399.556641	18599.574219	2.805000
-19200.476562	-19600.486328	18800.466797	2.810000
-18999.564453	-19399.556641	18399.578125	2.815000
-19200.476562	-19600.486328	18600.460938	2.820000
-19199.560547	-19399.556641	18599.574219	2.825000
-19000.470703	-19600.486328	18800.466797	2.830000
-19199.560547	-19399.556641	18599.574219	2.835000
-19200.476562	-19600.486328	18400.457031	2.840000
-18999.564453	-19399.556641	18599.574219	2.845000
-19200.476562	-19600.486328	18800.466797	2.850000
-19199.560547	-19399.556641	18599.574219	2.855000
-19200.476562	-19400.480469	18600.460938	2.860000
-18999.564453	-19599.550781	18399.578125	2.865000
-19200.476562	-19600.486328	18800.466797	2.870000
-19199.560547	-19399.556641	18599.574219	2.875000
-19199.560547	-19399.556641	18599.574219	2.880000
-19000.470703	-19600.486328	18600.460938	2.885000
-19199.560547	-19599.550781	18599.574219	2.890000
-19200.476562	-19400.480469	18600.460938	2.895000
-19199.560547	-19399.556641	18599.574219	2.900000
-19200.476562	-19600.486328	18600.460938	2.905000
-19199.560547	-19599.550781	18599.574219	2.910000
-19000.470703	-19200.476562	18600.460938	2.915000
-19199.560547	-19599.550781	18599.574219	2.920000
-19200.476562	-19600.486328	18600.460938	2.925000
-19199.560547	-19399.556641	18599.574219	2.930000
-19200.476562	-19400.480469	18600.460938	2.935000
-19199.560547	-19599.550781	18599.574219	2.940000
-19000.470703	-19600.486328	18600.460938	2.945000
-19199.560547	-19399.556641	18599.574219	2.950000
-19200.476562	-19400.480469	18600.460938	2.955000
-19199.560547	-19599.550781	18599.574219	2.960000
-19000.470703	-19400.480469	18600.460938	2.965000
-19199.560547	-19599.550781	18599.574219	2.970000
-19200.476562	-19400.480469	18400.457031	2.975000
-19199.560547	-19599.550781	18599.574219	2.980000
-19200.476562	-19400.480469	18800.466797	2.985000
-19199.560547	-19399.556641	18599.574219	2.990000
-19200.476562	-19600.486328	18400.457031	2.995000
-19199.560547	-19399.556641	18599.574219	3.000000
-18999.564453	-19399.556641	18599.574219	3.005000
-19200.476562	-19600.486328	18600.460938	3.010000
-19199.560547	-19399.556641	18399.578125	3.015000
-19200.476562	-19600.486328	18600.460938	3.020000
-19199.560547	-19399.556641	18799.570312	3.025000
-19200.476562	-19400.480469	18600.460938	3.030000
-19199.560547	-19599.550781	18399.578125	3.035000
-19000.470703	-19400.480469	18600.460938	3.040000
-19199.560547	-19399.556641	18599.574219	3.045000
-19200.476562	-19600.486328	18600.460938	3.050000
-19199.560547	-19399.556641	18399.578125	3.055000
-19200.476562	-19400.480469	18800.466797	3.060000
-19199.560547	-19399.556641	18599.574219	3.065000
-19200.476562	-19600.486328	18600.460938	3.070000
-19199.560547	-19399.556641	18399.578125	3.075000
-19200.476562	-19400.480469	18600.460938	3.080000
-18999.564453	-19399.556641	18599.574219	3.085000
-19400.480469	-19600.486328	18600.460938	3.090000
-18999.564453	-19399.556641	18399.578125	3.095000
-19200.476562	-19600.486328	18800.466797	3.100000
-19199.560547	-19399.556641	18599.574219	3.105000
-19400.480469	-19600.486328	18600.460938	3.110000
-18999.564453	-19199.560547	18399.578125	3.115000
-19200.476562	-19600.486328	18800.466797	3.120000
-19199.560547	-19399.556641	18599.574219	3.125000
-19199.560547	-19599.550781	18599.574219	3.130000
-19200.476562	-19200.476562	18400.457031	3.135000
-19199.560547	-19599.550781	18799.570312	3.140000
-19200.476562	-19400.480469	18400.457031	3.145000
-19199.560547	-19599.550781	18599.574219	3.150000
-19200.476562	-19200.476562	18600.460938	3.155000
-19199.560547	-19599.550781	18599.574219	3.160000
-19200.476562	-19400.480469	18600.460938	3.165000
-19399.556641	-19599.550781	18599.574219	3.170000
-19000.470703	-19400.480469	18600.460938	3.175000
-19199.560547	-19399.556641	18599.574219	3.180000
-19400.480469	-19600.486328	18600.460938	3.185000
-19199.560547	-19399.556641	18599.574219	3.190000
-19000.470703	-19400.480469	18400.457031	3.195000
-19399.556641	-19599.550781	18799.570312	3.200000
-19200.476562	-19400.480469	18400.457031	3.205000
-19199.560547	-19399.556641	18599.574219	3.210000
-19200.476562	-19400.480469	18600.460938	3.215000
-19199.560547	-19599.550781	18799.570312	3.220000
-19200.476562	-19400.480469	18400.457031	3.225000
-19199.560547	-19399.556641	18599.574219	3.230000
-19200.476562	-19400.480469	18600.460938	3.235000
-19199.560547	-19599.550781	18599.574219	3.240000
-19200.476562	-19400.480469	18600.460938	3.245000
-19199.560547	-19399.556641	18399.578125	3.250000
-19199.560547	-19399.556641	18599.574219	3.255000
-19400.480469	-19600.486328	18800.466797	3.260000
-18999.564453	-19399.556641	18399.578125	3.265000
-19400.480469	-19400.480469	18600.460938	3.270000
-19199.560547	-19399.556641	18599.574219	3.275000
-19200.476562	-19600.486328	18800.466797	3.280000
-19199.560547	-19399.556641	18399.578125	3.285000
-19200.476562	-19400.480469	18600.460938	3.290000
-19199.560547	-19399.556641	18599.574219	3.295000
-19400.480469	-19600.486328	18600.460938	3.300000
-18999.564453	-19399.556641	18399.578125	3.305000
-19400.480469	-19400.480469	18800.466797	3.310000
-19199.560547	-19599.550781	18599.574219	3.315000
-19200.476562	-19400.480469	18600.460938	3.320000
-19199.560547	-19399.556641	18399.578125	3.325000
-19200.476562	-19600.486328	18600.460938	3.330000
-19199.560547	-19399.556641	18599.574219	3.335000
-19200.476562	-19400.480469	18600.460938	3.340000
-19199.560547	-19399.556641	18599.574219	3.345000
-19400.480469	-19600.486328	18600.460938	3.350000
-19199.560547	-19399.556641	18599.574219	3.355000
-19200.476562	-19400.480469	18600.460938	3.360000
-19199.560547	-19599.550781	18399.578125	3.365000
-19400.480469	-19400.480469	18800.466797	3.370000
-19199.560547	-19399.556641	18599.574219	3.375000
-19199.560547	-19599.550781	18599.574219	3.380000
-19200.476562	-19400.480469	18400.457031	3.385000
-19399.556641	-19599.550781	18599.574219	3.390000
-19000.470703	-19400.480469	18600.460938	3.395000
-19399.556641	-19399.556641	18599.574219	3.400000
-19200.476562	-19400.480469	18400.457031	3.405000
-19199.560547	-19599.550781	18799.570312	3.410000
-19200.476562	-19400.480469	18600.460938	3.415000
-19399.556641	-19599.550781	18399.578125	3.420000
-19200.476562	-19400.480469	18600.460938	3.425000
-19199.560547	-19399.556641	18599.574219	3.430000
-19200.476562	-19400.480469	18600.460938	3.435000
-19399.556641	-19599.550781	18599.574219	3.440000
-19200.476562	-19600.486328	18400.457031	3.445000
-19199.560547	-19399.556641	18799.570312	3.450000
-19200.476562	-19400.480469	18600.460938	3.455000
-19399.556641	-19599.550781	18399.578125	3.460000
-19200.476562	-19400.480469	18600.460938	3.465000
-19199.560547	-19399.556641	18599.574219	3.470000
-19200.476562	-19400.480469	18600.460938	3.475000
-19399.556641	-19599.550781	18599.574219	3.480000
-19200.476562	-19400.480469	18400.457031	3.485000
-19199.560547	-19399.556641	18799.570312	3.490000
-19200.476562	-19600.486328	18600.460938	3.495000
-19399.556641	-19599.550781	18399.578125	3.500000
-19199.560547	-19199.560547	18599.574219	3.505000
-19200.476562	-19600.486328	18800.466797	3.510000
-19199.560547	-19399.556641	18399.578125	3.515000
-19400.480469	-19600.486328	18600.460938	3.520000
-19199.560547	-19399.556641	18599.574219	3.525000
-19200.476562	-19400.480469	18600.460938	3.530000
-19199.560547	-19399.556641	18599.574219	3.535000
-19400.480469	-19600.486328	18600.460938	3.540000
-19199.560547	-19399.556641	18599.574219	3.545000
-19400.480469	-19400.480469	18600.460938	3.550000
-19199.560547	-19599.550781	18399.578125	3.555000
-19200.476562	-19400.480469	18600.460938	3.560000
-19199.560547	-19399.556641	18599.574219	3.565000
-19400.480469	-19600.486328	18800.466797	3.570000
-19199.560547	-19399.556641	18399.578125	3.575000
-19400.480469	-19400.480469	18600.460938	3.580000
-19199.560547	-19399.556641	18599.574219	3.585000
-19200.476562	-19600.486328	18600.460938	3.590000
-19399.556641	-19399.556641	18399.578125	3.595000
-19200.476562	-19400.480469	18600.460938	3.600000
-19199.560547	-19399.556641	18599.574219	3.605000
-19400.480469	-19600.486328	18800.466797	3.610000
-19199.560547	-19399.556641	18399.578125	3.615000
-19200.476562	-19400.480469	18600.460938	3.620000
-19199.560547	-19399.556641	18599.574219	3.625000
-19399.556641	-19599.550781	18599.574219	3.630000
-19200.476562	-19400.480469	18400.457031	3.635000
-19399.556641	-19399.556641	18599.574219	3.640000
-19200.476562	-19400.480469	18600.460938	3.645000
-19399.556641	-19599.550781	18599.574219	3.650000
-19200.476562	-19400.480469	18600.460938	3.655000
-19199.560547	-19399.556641	18599.574219	3.660000
-19200.476562	-19600.486328	18600.460938	3.665000
-19399.556641	-19399.556641	18599.574219	3.670000
-19200.476562	-19400.480469	18400.457031	3.675000
-19199.560547	-19599.550781	18599.574219	3.680000
-19200.476562	-19400.480469	18600.460938	3.685000
-19399.556641	-19399.556641	18599.574219	3.690000
-19200.476562	-19400.480469	18400.457031	3.695000
-19399.556641	-19599.550781	18799.570312	3.700000
-19200.476562	-19400.480469	18600.460938	3.705000
-19399.556641	-19599.550781	18599.574219	3.710000
-19000.470703	-19400.480469	18400.457031	3.715000
-19399.556641	-19599.550781	18599.574219	3.720000
-19200.476562	-19400.480469	18600.460938	3.725000
-19399.556641	-19399.556641	18599.574219	3.730000
-19200.476562	-19400.480469	18400.457031	3.735000
-19199.560547	-19599.550781	18799.570312	3.740000
-19400.480469	-19400.480469	18600.460938	3.745000
-19199.560547	-19399.556641	18599.574219	3.750000
-19199.560547	-19599.550781	18399.578125	3.755000
-19400.480469	-19400.480469	18800.466797	3.760000
-19199.560547	-19399.556641	18399.578125	3.765000
-19400.480469	-19600.486328	18600.460938	3.770000
-19199.560547	-19399.556641	18599.574219	3.775000
-19200.476562	-19400.480469	18600.460938	3.780000
-19399.556641	-19399.556641	18599.574219	3.785000
-19200.476562	-19600.486328	18600.460938	3.790000
-19199.560547	-19399.556641	18599.574219	3.795000
-19400.480469	-19600.486328	18600.460938	3.800000
-19199.560547	-19399.556641	18599.574219	3.805000
-19200.476562	-19400.480469	18600.460938	3.810000
-19199.560547	-19599.550781	18599.574219	3.815000
-19400.480469	-19400.480469	18600.460938	3.820000
-19199.560547	-19399.556641	18599.574219	3.825000
-19200.476562	-19600.486328	18600.460938	3.830000
-19199.560547	-19399.556641	18399.578125	3.835000
-19400.480469	-19400.480469	18800.466797	3.840000
-19199.560547	-19399.556641	18399.578125	3.845000
-19200.476562	-19600.486328	18600.460938	3.850000
-19199.560547	-19399.556641	18599.574219	3.855000
-19400.480469	-19400.480469	18800.466797	3.860000
-19199.560547	-19599.550781	18399.578125	3.865000
-19200.476562	-19400.480469	18600.460938	3.870000
-19199.560547	-19399.556641	18599.574219	3.875000
-19399.556641	-19599.550781	18599.574219	3.880000
-19000.470703	-19400.480469	18600.460938	3.885000
-19399.556641	-19599.550781	18399.578125	3.890000
-19200.476562	-19400.480469	18800.466797	3.895000
-19199.560547	-19399.556641	18599.574219	3.900000
-19200.476562	-19400.480469	18400.457031	3.905000
-19399.556641	-19599.550781	18599.574219	3.910000
-19200.476562	-19400.480469	18600.460938	3.915000
-19199.560547	-19399.556641	18599.574219	3.920000
-19200.476562	-19600.486328	18400.457031	3.925000
-19399.556641	-19399.556641	18799.570312	3.930000
-19200.476562	-19400.480469	18600.460938	3.935000
-19199.560547	-19599.550781	18599.574219	3.940000
-19200.476562	-19400.480469	18400.457031	3.945000
-19399.556641	-19599.550781	18799.570312	3.950000
-19200.476562	-19400.480469	18600.460938	3.955000
-19199.560547	-19399.556641	18599.574219	3.960000
-19400.480469	-19600.486328	18400.457031	3.965000
-19199.560547	-19399.556641	18599.574219	3.970000
-19200.476562	-19400.480469	18600.460938	3.975000
-19399.556641	-19599.550781	18799.570312	3.980000
-19200.476562	-19400.480469	18400.457031	3.985000
-19199.560547	-19399.556641	18599.574219	3.990000
-19200.476562	-19600.486328	18600.460938	3.995000
-19399.556641	-19399.556641	18599.574219	4.000000
-19199.560547	-19399.556641	18599.574219	4.005000
-19199.560547	-19599.550781	18599.574219	4.010000
-19201.392578	-19401.406250	18601.347656	4.015000
-19399.556641	-19599.550781	18599.574219	4.020000
-19199.560547	-19399.556641	18599.574219	4.025000
-19199.560547	-19399.556641	18599.574219	4.030000
-19201.392578	-19601.419922	18601.347656	4.035000
-19399.556641	-19399.556641	18599.574219	4.040000
-19199.560547	-19399.556641	18399.578125	4.045000
-19199.560547	-19599.550781	18799.570312	4.050000
-19201.392578	-19401.406250	18601.347656	4.055000
-19399.556641	-19599.550781	18599.574219	4.060000
-19199.560547	-19399.556641	18399.578125	4.065000
-19199.560547	-19599.550781	18799.570312	4.070000
-19201.392578	-19401.406250	18601.347656	4.075000
-19199.560547	-19399.556641	18599.574219	4.080000
-19199.560547	-19399.556641	18399.578125	4.085000
-19399.556641	-19599.550781	18799.570312	4.090000
-19201.392578	-19401.406250	18601.347656	4.095000
-19199.560547	-19599.550781	18599.574219	4.100000
-19199.560547	-19399.556641	18599.574219	4.105000
-19399.556641	-19599.550781	18599.574219	4.110000
-19201.392578	-19401.406250	18601.347656	4.115000
-19199.560547	-19399.556641	18599.574219	4.120000
-19199.560547	-19399.556641	18599.574219	4.125000
-19199.560547	-19599.550781	18799.570312	4.130000
-19399.556641	-19399.556641	18399.578125	4.135000
-19201.392578	-19601.419922	18601.347656	4.140000
-19199.560547	-19399.556641	18599.574219	4.145000
-19199.560547	-19599.550781	18799.570312	4.150000
-19199.560547	-19199.560547	18399.578125	4.155000
-19401.406250	-19601.419922	18601.347656	4.160000
-19199.560547	-19399.556641	18599.574219	4.165000
-19199.560547	-19599.550781	18799.570312	4.170000
-19199.560547	-19199.560547	18599.574219	4.175000
-19401.406250	-19601.419922	18601.347656	4.180000
-18999.564453	-19399.556641	18599.574219	4.185000
-19399.556641	-19599.550781	18599.574219	4.190000
-19199.560547	-19199.560547	18599.574219	4.195000
-19401.406250	-19601.419922	18601.347656	4.200000
-18999.564453	-19399.556641	18599.574219	4.205000
-19399.556641	-19399.556641	18599.574219	4.210000
-19199.560547	-19399.556641	18399.578125	4.215000
-19201.392578	-19601.419922	18601.347656	4.220000
-19199.560547	-19399.556641	18599.574219	4.225000
-19399.556641	-19399.556641	18799.570312	4.230000
-19199.560547	-19399.556641	18399.578125	4.235000
-19201.392578	-19601.419922	18601.347656	4.240000
-19399.556641	-19399.556641	18799.570312	4.245000
-19199.560547	-19399.556641	18599.574219	4.250000
-19199.560547	-19399.556641	18399.578125	4.255000
-19399.556641	-19599.550781	18799.570312	4.260000
-19201.392578	-19201.392578	18601.347656	4.265000
-19399.556641	-19599.550781	18599.574219	4.270000
-18999.564453	-19399.556641	18599.574219	4.275000
-19399.556641	-19399.556641	18599.574219	4.280000
-19201.392578	-19401.406250	18601.347656	4.285000
-19399.556641	-19599.550781	18799.570312	4.290000
-19199.560547	-19399.556641	18399.578125	4.295000
-19199.560547	-19399.556641	18799.570312	4.300000
-19201.392578	-19401.406250	18601.347656	4.305000
-19399.556641	-19399.556641	18599.574219	4.310000
-19199.560547	-19399.556641	18399.578125	4.315000
-19399.556641	-19399.556641	18799.570312	4.320000
-19201.392578	-19401.406250	18601.347656	4.325000
-19199.560547	-19599.550781	18599.574219	4.330000
-19199.560547	-19399.556641	18599.574219	4.335000
-19399.556641	-19399.556641	18799.570312	4.340000
-19201.392578	-19401.406250	18601.347656	4.345000
-19399.556641	-19599.550781	18599.574219	4.350000
-19199.560547	-19399.556641	18399.578125	4.355000
-19199.560547	-19399.556641	18799.570312	4.360000
-19401.406250	-19401.406250	18601.347656	4.365000
-19199.560547	-19399.556641	18599.574219	4.370000
-19199.560547	-19399.556641	18599.574219	4.375000
-19399.556641	-19399.556641	18799.570312	4.380000
-19199.560547	-19599.550781	18599.574219	4.385000
-19401.406250	-19401.406250	18401.333984	4.390000
-19199.560547	-19399.556641	18599.574219	4.395000
-19399.556641	-19399.556641	18799.570312	4.400000
-19199.560547	-19399.556641	18599.574219	4.405000
-19201.392578	-19601.419922	18601.347656	4.410000
-19199.560547	-19199.560547	18599.574219	4.415000
-19399.556641	-19599.550781	18599.574219	4.420000
-19199.560547	-19399.556641	18599.574219	4.425000
-19201.392578	-19401.406250	18601.347656	4.430000
-19399.556641	-19399.556641	18599.574219	4.435000
-19199.560547	-19599.550781	18799.570312	4.440000
-19199.560547	-19399.556641	18399.578125	4.445000
-19401.406250	-19401.406250	18601.347656	4.450000
-19199.560547	-19399.556641	18599.574219	4.455000
-19199.560547	-19399.556641	18599.574219	4.460000
-19199.560547	-19399.556641	18599.574219	4.465000
-19401.406250	-19401.406250	18601.347656	4.470000
-19199.560547	-19399.556641	18599.574219	4.475000
-19199.560547	-19599.550781	18799.570312	4.480000
-19199.560547	-19199.560547	18399.578125	4.485000
-19401.406250	-19601.419922	18601.347656	4.490000
-19199.560547	-19399.556641	18599.574219	4.495000
-19199.560547	-19399.556641	18799.570312	4.500000
-19199.560547	-19399.556641	18399.578125	4.505000
-19399.556641	-19399.556641	18599.574219	4.510000
-19001.376953	-19401.406250	18601.347656	4.515000
-19399.556641	-19399.556641	18799.570312	4.520000
-19199.560547	-19399.556641	18399.578125	4.525000
-19199.560547	-19399.556641	18599.574219	4.530000
-19201.392578	-19401.406250	18601.347656	4.535000
-19199.560547	-19599.550781	18799.570312	4.540000
-19199.560547	-19199.560547	18399.578125	4.545000
-19399.556641	-19599.550781	18599.574219	4.550000
-19201.392578	-19401.406250	18801.363281	4.555000
-19199.560547	-19399.556641	18599.574219	4.560000
-19199.560547	-19399.556641	18399.578125	4.565000
-19199.560547	-19399.556641	18799.570312	4.570000
-19201.392578	-19401.406250	18601.347656	4.575000
-19199.560547	-19399.556641	18599.574219	4.580000
-19199.560547	-19399.556641	18399.578125	4.585000
-19399.556641	-19599.550781	18799.570312	4.590000
-19001.376953	-19401.406250	18601.347656	4.595000
-19399.556641	-19399.556641	18599.574219	4.600000
-19199.560547	-19399.556641	18599.574219	4.605000
-19199.560547	-19399.556641	18599.574219	4.610000
-19201.392578	-19401.406250	18601.347656	4.615000
-19199.560547	-19399.556641	18599.574219	4.620000
-19199.560547	-19399.556641	18599.574219	4.625000
-19399.556641	-19599.550781	18799.570312	4.630000
-18999.564453	-19199.560547	18599.574219	4.635000
-19401.406250	-19601.419922	18601.347656	4.640000
-19199.560547	-19399.556641	18399.578125	4.645000
-19199.560547	-19399.556641	18799.570312	4.650000
-19199.560547	-19399.556641	18599.574219	4.655000
-19201.392578	-19401.406250	18601.347656	4.660000
-19199.560547	-19399.556641	18599.574219	4.665000
-19199.560547	-19599.550781	18799.570312	4.670000
-19199.560547	-19199.560547	18399.578125	4.675000
-19401.406250	-19601.419922	18601.347656	4.680000
-19199.560547	-19399.556641	18599.574219	4.685000
-19199.560547	-19399.556641	18799.570312	4.690000
-19199.560547	-19399.556641	18399.578125	4.695000
-19401.406250	-19601.419922	18601.347656	4.700000
-19199.560547	-19399.556641	18599.574219	4.705000
-19199.560547	-19399.556641	18799.570312	4.710000
-19199.560547	-19399.556641	18599.574219	4.715000
-19201.392578	-19401.406250	18401.333984	4.720000
-19199.560547	-19399.556641	18599.574219	4.725000
-19399.556641	-19599.550781	18799.570312	4.730000
-19199.560547	-19399.556641	18599.574219	4.735000
-19201.392578	-19401.406250	18401.333984	4.740000
-19199.560547	-19399.556641	18599.574219	4.745000
-19399.556641	-19399.556641	18799.570312	4.750000
-19199.560547	-19599.550781	18599.574219	4.755000
-19199.560547	-19399.556641	18399.578125	4.760000
-19201.392578	-19401.406250	18601.347656	4.765000
-19399.556641	-19399.556641	18799.570312	4.770000
-19199.560547	-19399.556641	18399.578125	4.775000
-19199.560547	-19599.550781	18799.570312	4.780000
-19201.392578	-19401.406250	18601.347656	4.785000
-19399.556641	-19399.556641	18599.574219	4.790000
-19199.560547	-19599.550781	18599.574219	4.795000
-19199.560547	-19399.556641	18599.574219	4.800000
-19201.392578	-19401.406250	18601.347656	4.805000
-19399.556641	-19599.550781	18799.570312	4.810000
-19199.560547	-19399.556641	18399.578125	4.815000
-19199.560547	-19399.556641	18599.574219	4.820000
-19201.392578	-19401.406250	18601.347656	4.825000
-19399.556641	-19599.550781	18799.570312	4.830000
-19199.560547	-19399.556641	18399.578125	4.835000
-19199.560547	-19399.556641	18599.574219	4.840000
-19201.392578	-19401.406250	18601.347656	4.845000
-19399.556641	-19599.550781	18799.570312	4.850000
-19199.560547	-19399.556641	18399.578125	4.855000
-19199.560547	-19399.556641	18599.574219	4.860000
-19401.406250	-19401.406250	18801.363281	4.865000
-19199.560547	-19599.550781	18599.574219	4.870000
-19199.560547	-19399.556641	18399.578125	4.875000
-19399.556641	-19399.556641	18799.570312	4.880000
-19199.560547	-19399.556641	18599.574219	4.885000
-19201.392578	-19601.419922	18601.347656	4.890000
-19199.560547	-19399.556641	18399.578125	4.895000
-19399.556641	-19399.556641	18799.570312	4.900000
-19199.560547	-19399.556641	18599.574219	4.905000
-19401.406250	-19601.419922	18601.347656	4.910000
-19199.560547	-19199.560547	18399.578125	4.915000
-19199.560547	-19599.550781	18799.570312	4.920000
-19399.556641	-19399.556641	18599.574219	4.925000
-19201.392578	-19401.406250	18601.347656	4.930000
-19199.560547	-19399.556641	18599.574219	4.935000
-19399.556641	-19599.550781	18599.574219	4.940000
-19199.560547	-19399.556641	18599.574219	4.945000
-19201.392578	-19401.406250	18601.347656	4.950000
-19399.556641	-19399.556641	18599.574219	4.955000
-19199.560547	-19599.550781	18599.574219	4.960000
-19199.560547	-19399.556641	18599.574219	4.965000
-19401.406250	-19401.406250	18601.347656	4.970000
-19199.560547	-19399.556641	18599.574219	4.975000
-19399.556641	-19599.550781	18599.574219	4.980000
-19199.560547	-19399.556641	18599.574219	4.985000
-19201.392578	-19401.406250	18601.347656	4.990000
-19199.560547	-19399.556641	18599.574219	4.995000
-19399.556641	-19599.550781	18599.574219	5.000000
-19199.560547	-19199.560547	18599.574219	5.005000
-19199.560547	-19599.550781	18599.574219	5.010000
-19401.406250	-19401.406250	18601.347656	5.015000
-19199.560547	-19399.556641	18599.574219	5.020000
-19199.560547	-19399.556641	18599.574219	5.025000
-19399.556641	-19599.550781	18599.574219	5.030000
-19201.392578	-19401.406250	18601.347656	5.035000
-19199.560547	-19399.556641	18599.574219	5.040000
-19199.560547	-19399.556641	18599.574219	5.045000
-19399.556641	-19599.550781	18599.574219	5.050000
-19201.392578	-19401.406250	18601.347656	5.055000
-19199.560547	-19399.556641	18799.570312	5.060000
-19199.560547	-19399.556641	18399.578125	5.065000
-19399.556641	-19599.550781	18599.574219	5.070000
-19201.392578	-19401.406250	18601.347656	5.075000
-19399.556641	-19399.556641	18799.570312	5.080000
-19199.560547	-19399.556641	18399.578125	5.085000
-19199.560547	-19599.550781	18599.574219	5.090000
-19201.392578	-19401.406250	18601.347656	5.095000
-19399.556641	-19399.556641	18799.570312	5.100000
-19199.560547	-19399.556641	18399.578125	5.105000
-19399.556641	-19599.550781	18599.574219	5.110000
-19001.376953	-19401.406250	18601.347656	5.115000
-19399.556641	-19399.556641	18599.574219	5.120000
-19199.560547	-19599.550781	18599.574219	5.125000
-19399.556641	-19399.556641	18599.574219	5.130000
-19199.560547	-19399.556641	18599.574219	5.135000
-19201.392578	-19601.419922	18601.347656	5.140000
-19199.560547	-19399.556641	18599.574219	5.145000
-19399.556641	-19599.550781	18599.574219	5.150000
-19199.560547	-19199.560547	18599.574219	5.155000
-19201.392578	-19601.419922	18601.347656	5.160000
-19399.556641	-19399.556641	18399.578125	5.165000
-19199.560547	-19599.550781	18799.570312	5.170000
-19199.560547	-19399.556641	18599.574219	5.175000
-19401.406250	-19401.406250	18601.347656	5.180000
-19199.560547	-19599.550781	18399.578125	5.185000
-19399.556641	-19399.556641	18799.570312	5.190000
-19199.560547	-19399.556641	18599.574219	5.195000
-19201.392578	-19601.419922	18601.347656	5.200000
-19199.560547	-19399.556641	18399.578125	5.205000
-19399.556641	-19599.550781	18799.570312	5.210000
-19199.560547	-19399.556641	18599.574219	5.215000
-19401.406250	-19601.419922	18601.347656	5.220000
-19199.560547	-19399.556641	18399.578125	5.225000
-19199.560547	-19399.556641	18799.570312	5.230000
-19199.560547	-19399.556641	18599.574219	5.235000
-19401.406250	-19601.419922	18601.347656	5.240000
-19199.560547	-19399.556641	18399.578125	5.245000
-19399.556641	-19599.550781	18799.570312	5.250000
-19199.560547	-19399.556641	18599.574219	5.255000
-19399.556641	-19599.550781	18599.574219	5.260000
-19201.392578	-19401.406250	18401.333984	5.265000
-19199.560547	-19599.550781	18799.570312	5.270000
-19399.556641	-19399.556641	18599.574219	5.275000
-19199.560547	-19599.550781	18599.574219	5.280000
-19401.406250	-19201.392578	18601.347656	5.285000
-19199.560547	-19599.550781	18599.574219	5.290000
-19399.556641	-19599.550781	18599.574219	5.295000
-19199.560547	-19399.556641	18599.574219	5.300000
-19201.392578	-19401.406250	18601.347656	5.305000
-19399.556641	-19599.550781	18799.570312	5.310000
-19199.560547	-19399.556641	18399.578125	5.315000
-19399.556641	-19599.550781	18599.574219	5.320000
-19201.392578	-19401.406250	18601.347656	5.325000
-19399.556641	-19599.550781	18799.570312	5.330000
-19199.560547	-19399.556641	18399.578125	5.335000
-19199.560547	-19599.550781	18599.574219	5.340000
-19201.392578	-19401.406250	18601.347656	5.345000
-19399.556641	-19599.550781	18799.570312	5.350000
-19199.560547	-19399.556641	18399.578125	5.355000
-19399.556641	-19399.556641	18599.574219	5.360000
-19201.392578	-19601.419922	18601.347656	5.365000
-19399.556641	-19599.550781	18799.570312	5.370000
-19199.560547	-19199.560547	18399.578125	5.375000
-19199.560547	-19599.550781	18599.574219	5.380000
-19199.560547	-19399.556641	18599.574219	5.385000
-19401.406250	-19601.419922	18801.363281	5.390000
-19199.560547	-19399.556641	18399.578125	5.395000
-19399.556641	-19599.550781	18599.574219	5.400000
-19199.560547	-19399.556641	18799.570312	5.405000
-19401.406250	-19601.419922	18601.347656	5.410000
-19199.560547	-19399.556641	18399.578125	5.415000
-19199.560547	-19599.550781	18599.574219	5.420000
-19399.556641	-19399.556641	18799.570312	5.425000
-19201.392578	-19601.419922	18601.347656	5.430000
-19199.560547	-19399.556641	18399.578125	5.435000
-19399.556641	-19599.550781	18799.570312	5.440000
-19199.560547	-19399.556641	18599.574219	5.445000
-19401.406250	-19401.406250	18601.347656	5.450000
-19199.560547	-19399.556641	18599.574219	5.455000
-19199.560547	-19599.550781	18599.574219	5.460000
-19399.556641	-19599.550781	18599.574219	5.465000
-19201.392578	-19401.406250	18801.363281	5.470000
-19199.560547	-19399.556641	18399.578125	5.475000
-19399.556641	-19599.550781	18799.570312	5.480000
-19199.560547	-19399.556641	18599.574219	5.485000
-19201.392578	-19601.419922	18601.347656	5.490000
-19199.560547	-19399.556641	18599.574219	5.495000
-19399.556641	-19599.550781	18599.574219	5.500000
-19199.560547	-19399.556641	18599.574219	5.505000
-19399.556641	-19599.550781	18799.570312	5.510000
-19201.392578	-19401.406250	18401.333984	5.515000
-19199.560547	-19599.550781	18799.570312	5.520000
-19199.560547	-19399.556641	18599.574219	5.525000
-19399.556641	-19599.550781	18599.574219	5.530000
-19201.392578	-19401.406250	18401.333984	5.535000
-19399.556641	-19599.550781	18799.570312	5.540000
-19199.560547	-19399.556641	18599.574219	5.545000
-19199.560547	-19399.556641	18599.574219	5.550000
-19201.392578	-19601.419922	18601.347656	5.555000
-19399.556641	-19399.556641	18799.570312	5.560000
-19199.560547	-19399.556641	18599.574219	5.565000
-19199.560547	-19599.550781	18599.574219	5.570000
-19401.406250	-19401.406250	18601.347656	5.575000
-19199.560547	-19599.550781	18599.574219	5.580000
-19199.560547	-19399.556641	18399.578125	5.585000
-19399.556641	-19599.550781	18599.574219	5.590000
-19201.392578	-19401.406250	18601.347656	5.595000
-19399.556641	-19399.556641	18799.570312	5.600000
-18999.564453	-19599.550781	18599.574219	5.605000
-19399.556641	-19599.550781	18599.574219	5.610000
-19401.406250	-19201.392578	18601.347656	5.615000
-19199.560547	-19599.550781	18799.570312	5.620000
-19199.560547	-19399.556641	18399.578125	5.625000
-19399.556641	-19599.550781	18799.570312	5.630000
-19199.560547	-19199.560547	18599.574219	5.635000
-19201.392578	-19601.419922	18801.363281	5.640000
-19399.556641	-19399.556641	18399.578125	5.645000
-19399.556641	-19599.550781	18599.574219	5.650000
-19199.560547	-19199.560547	18799.570312	5.655000
-19201.392578	-19601.419922	18601.347656	5.660000
-19199.560547	-19399.556641	18599.574219	5.665000
-19399.556641	-19599.550781	18599.574219	5.670000
-19199.560547	-19199.560547	18599.574219	5.675000
-19401.406250	-19601.419922	18801.363281	5.680000
-19199.560547	-19399.556641	18599.574219	5.685000
-19399.556641	-19399.556641	18599.574219	5.690000
-19199.560547	-19399.556641	18599.574219	5.695000
-19401.406250	-19601.419922	18801.363281	5.700000
-19199.560547	-19399.556641	18399.578125	5.705000
-19399.556641	-19399.556641	18799.570312	5.710000
-19199.560547	-19399.556641	18599.574219	5.715000
-19201.392578	-19601.419922	18601.347656	5.720000
-19399.556641	-19399.556641	18399.578125	5.725000
-19199.560547	-19399.556641	18799.570312	5.730000
-19199.560547	-19399.556641	18599.574219	5.735000
-19401.406250	-19601.419922	18601.347656	5.740000
-19199.560547	-19199.560547	18599.574219	5.745000
-19399.556641	-19599.550781	18599.574219	5.750000
-19199.560547	-19399.556641	18599.574219	5.755000
-19399.556641	-19399.556641	18799.570312	5.760000
-19201.392578	-19401.406250	18401.333984	5.765000
-19399.556641	-19599.550781	18799.570312	5.770000
-19199.560547	-19399.556641	18599.574219	5.775000
-19399.556641	-19399.556641	18599.574219	5.780000
-19201.392578	-19401.406250	18401.333984	5.785000
-19199.560547	-19399.556641	18799.570312	5.790000
-19199.560547	-19399.556641	18599.574219	5.795000
-19399.556641	-19599.550781	18599.574219	5.800000
-19201.392578	-19201.392578	18601.347656	5.805000
-19399.556641	-19599.550781	18599.574219	5.810000
-19199.560547	-19399.556641	18599.574219	5.815000
-19399.556641	-19399.556641	18599.574219	5.820000
-19201.392578	-19401.406250	18601.347656	5.825000
-19399.556641	-19599.550781	18799.570312	5.830000
-19199.560547	-19399.556641	18599.574219	5.835000
-19399.556641	-19399.556641	18599.574219	5.840000
-19201.392578	-19401.406250	18601.347656	5.845000
-19199.560547	-19599.550781	18599.574219	5.850000
-19199.560547	-19399.556641	18599.574219	5.855000
-19399.556641	-19399.556641	18599.574219	5.860000
-19201.392578	-19401.406250	18601.347656	5.865000
-19399.556641	-19599.550781	18799.570312	5.870000
-19199.560547	-19399.556641	18599.574219	5.875000
-19199.560547	-19399.556641	18599.574219	5.880000
-19199.560547	-19399.556641	18399.578125	5.885000
-19401.406250	-19601.419922	18801.363281	5.890000
-19199.560547	-19199.560547	18599.574219	5.895000
-19399.556641	-19599.550781	18599.574219	5.900000
-19199.560547	-19399.556641	18599.574219	5.905000
-19201.392578	-19401.406250	18801.363281	5.910000
-19399.556641	-19399.556641	18399.578125	5.915000
-19199.560547	-19599.550781	18599.574219	5.920000
-19199.560547	-19399.556641	18599.574219	5.925000
-19401.406250	-19401.406250	18801.363281	5.930000
-19199.560547	-19399.556641	18399.578125	5.935000
-19199.560547	-19399.556641	18599.574219	5.940000
-19399.556641	-19399.556641	18599.574219	5.945000
-19201.392578	-19401.406250	18801.363281	5.950000
-19399.556641	-19399.556641	18599.574219	5.955000
-19199.560547	-19599.550781	18599.574219	5.960000
-19199.560547	-19199.560547	18599.574219	5.965000
-19401.406250	-19601.419922	18601.347656	5.970000
-19199.560547	-19399.556641	18599.574219	5.975000
-19199.560547	-19399.556641	18599.574219	5.980000
-19399.556641	-19399.556641	18599.574219	5.985000
-19401.406250	-19401.406250	18801.363281	5.990000
-18999.564453	-19399.556641	18399.578125	5.995000
-19399.556641	-19599.550781	18599.574219	6.000000
-19399.556641	-19199.560547	18599.574219	6.005000
-19199.560547	-19399.556641	18799.570312	6.010000
-19201.392578	-19601.419922	18401.333984	6.015000
-19399.556641	-19399.556641	18599.574219	6.020000
-19199.560547	-19199.560547	18799.570312	6.025000
-19399.556641	-19599.550781	18599.574219	6.030000
-19201.392578	-19401.406250	18401.333984	6.035000
-19399.556641	-19399.556641	18799.570312	6.040000
-19199.560547	-19399.556641	18599.574219	6.045000
-19399.556641	-19599.550781	18599.574219	6.050000
-19201.392578	-19401.406250	18601.347656	6.055000
-19399.556641	-19399.556641	18599.574219	6.060000
-19199.560547	-19399.556641	18599.574219	6.065000
-19399.556641	-19399.556641	18799.570312	6.070000
-19201.392578	-19401.406250	18401.333984	6.075000
-19399.556641	-19399.556641	18799.570312	6.080000
-19199.560547	-19399.556641	18599.574219	6.085000
-19399.556641	-19599.550781	18399.578125	6.090000
-19201.392578	-19401.406250	18401.333984	6.095000
-19399.556641	-19399.556641	18799.570312	6.100000
-19199.560547	-19399.556641	18599.574219	6.105000
-19399.556641	-19399.556641	18599.574219	6.110000
-19201.392578	-19401.406250	18601.347656	6.115000
-19399.556641	-19399.556641	18599.574219	6.120000
-19199.560547	-19399.556641	18599.574219	6.125000
-19199.560547	-19599.550781	18599.574219	6.130000
-19399.556641	-19199.560547	18599.574219	6.135000
-19401.406250	-19601.419922	18801.363281	6.140000
-19199.560547	-19399.556641	18599.574219	6.145000
-19199.560547	-19599.550781	18599.574219	6.150000
-19399.556641	-19199.560547	18599.574219	6.155000
-19201.392578	-19601.419922	18801.363281	6.160000
-19199.560547	-19399.556641	18599.574219	6.165000
-19399.556641	-19399.556641	18399.578125	6.170000
-19399.556641	-19399.556641	18599.574219	6.175000
-19201.392578	-19601.419922	18801.363281	6.180000
-19199.560547	-19399.556641	18599.574219	6.185000
-19399.556641	-19399.556641	18599.574219	6.190000
-19199.560547	-19399.556641	18599.574219	6.195000
-19401.406250	-19601.419922	18801.363281	6.200000
-19199.560547	-19399.556641	18399.578125	6.205000
-19399.556641	-19399.556641	18599.574219	6.210000
-19199.560547	-19399.556641	18599.574219	6.215000
-19201.392578	-19601.419922	18801.363281	6.220000
-19399.556641	-19199.560547	18399.578125	6.225000
-19199.560547	-19599.550781	18799.570312	6.230000
-19199.560547	-19399.556641	18599.574219	6.235000
-19401.406250	-19601.419922	18601.347656	6.240000
-19199.560547	-19199.560547	18599.574219	6.245000
-19399.556641	-19599.550781	18599.574219	6.250000
-19199.560547	-19399.556641	18599.574219	6.255000
-19399.556641	-19399.556641	18599.574219	6.260000
-19201.392578	-19401.406250	18601.347656	6.265000
-19399.556641	-19599.550781	18599.574219	6.270000
-19199.560547	-19399.556641	18599.574219	6.275000
-19199.560547	-19399.556641	18799.570312	6.280000
-19401.406250	-19401.406250	18401.333984	6.285000
-19199.560547	-19399.556641	18599.574219	6.290000
-19199.560547	-19599.550781	18799.570312	6.295000
-19399.556641	-19399.556641	18599.574219	6.300000
-19201.392578	-19401.406250	18401.333984	6.305000
-19199.560547	-19399.556641	18799.570312	6.310000
-19199.560547	-19399.556641	18599.574219	6.315000
-19399.556641	-19399.556641	18599.574219	6.320000
-19201.392578	-19401.406250	18601.347656	6.325000
-19399.556641	-19599.550781	18599.574219	6.330000
-18999.564453	-19399.556641	18599.574219	6.335000
-19399.556641	-19399.556641	18799.570312	6.340000
-19201.392578	-19401.406250	18401.333984	6.345000
-19399.556641	-19599.550781	18799.570312	6.350000
-18999.564453	-19399.556641	18599.574219	6.355000
-19399.556641	-19399.556641	18599.574219	6.360000
-19201.392578	-19401.406250	18401.333984	6.365000
-19199.560547	-19599.550781	18799.570312	6.370000
-19199.560547	-19199.560547	18599.574219	6.375000
-19399.556641	-19599.550781	18599.574219	6.380000
-19199.560547	-19399.556641	18599.574219	6.385000
-19201.392578	-19401.406250	18801.363281	6.390000
-19199.560547	-19399.556641	18599.574219	6.395000
-19399.556641	-19399.556641	18399.578125	6.400000
-19199.560547	-19599.550781	18599.574219	6.405000
-19201.392578	-19401.406250	18801.363281	6.410000
-19199.560547	-19399.556641	18599.574219	6.415000
-19399.556641	-19399.556641	18599.574219	6.420000
-19199.560547	-19399.556641	18399.578125	6.425000
-19201.392578	-19601.419922	18801.363281	6.430000
-19199.560547	-19199.560547	18599.574219	6.435000
-19399.556641	-19599.550781	18599.574219	6.440000
-19199.560547	-19399.556641	18399.578125	6.445000
-19201.392578	-19401.406250	18801.363281	6.450000
-19199.560547	-19399.556641	18599.574219	6.455000
-19399.556641	-19599.550781	18599.574219	6.460000
-19199.560547	-19399.556641	18599.574219	6.465000
-19201.392578	-19401.406250	18601.347656	6.470000
-19199.560547	-19599.550781	18599.574219	6.475000
-19399.556641	-19399.556641	18599.574219	6.480000
-18999.564453	-19399.556641	18599.574219	6.485000
-19401.406250	-19401.406250	18601.347656	6.490000
-19199.560547	-19599.550781	18599.574219	6.495000
-19399.556641	-19399.556641	18599.574219	6.500000
-19199.560547	-19399.556641	18599.574219	6.505000
-19199.560547	-19399.556641	18599.574219	6.510000
-19201.392578	-19601.419922	18601.347656	6.515000
-19399.556641	-19399.556641	18599.574219	6.520000
-19199.560547	-19399.556641	18599.574219	6.525000
-19199.560547	-19399.556641	18599.574219	6.530000
-19201.392578	-19601.419922	18601.347656	6.535000
-19399.556641	-19399.556641	18599.574219	6.540000
-19199.560547	-19399.556641	18599.574219	6.545000
-19399.556641	-19599.550781	18799.570312	6.550000
-19001.376953	-19401.406250	18401.333984	6.555000
-19399.556641	-19399.556641	18599.574219	6.560000
-19199.560547	-19399.556641	18599.574219	6.565000
-19399.556641	-19599.550781	18799.570312	6.570000
-19201.392578	-19401.406250	18401.333984	6.575000
-19199.560547	-19399.556641	18599.574219	6.580000
-19199.560547	-19399.556641	18599.574219	6.585000
-19399.556641	-19599.550781	18799.570312	6.590000
-19201.392578	-19401.406250	18401.333984	6.595000
-19199.560547	-19599.550781	18599.574219	6.600000
-19199.560547	-19399.556641	18599.574219	6.605000
-19399.556641	-19599.550781	18799.570312	6.610000
-19201.392578	-19201.392578	18401.333984	6.615000
-19199.560547	-19599.550781	18599.574219	6.620000
-19199.560547	-19399.556641	18599.574219	6.625000
-19399.556641	-19599.550781	18799.570312	6.630000
-19199.560547	-19399.556641	18399.578125	6.635000
-19401.406250	-19401.406250	18601.347656	6.640000
-19199.560547	-19599.550781	18799.570312	6.645000
-19199.560547	-19399.556641	18599.574219	6.650000
-19199.560547	-19399.556641	18399.578125	6.655000
-19401.406250	-19601.419922	18801.363281	6.660000
-19199.560547	-19399.556641	18599.574219	6.665000
-19399.556641	-19599.550781	18599.574219	6.670000
-19199.560547	-19199.560547	18399.578125	6.675000
-19401.406250	-19601.419922	18801.363281	6.680000
-19199.560547	-19599.550781	18599.574219	6.685000
-19199.560547	-19399.556641	18599.574219	6.690000
-19399.556641	-19399.556641	18399.578125	6.695000
-19201.392578	-19601.419922	18801.363281	6.700000
-19199.560547	-19399.556641	18599.574219	6.705000
-19399.556641	-19599.550781	18599.574219	6.710000
-19199.560547	-19399.556641	18399.578125	6.715000
-19401.406250	-19601.419922	18801.363281	6.720000
-19199.560547	-19399.556641	18599.574219	6.725000
-19399.556641	-19399.556641	18599.574219	6.730000
-19199.560547	-19599.550781	18599.574219	6.735000
-19401.406250	-19401.406250	18601.347656	6.740000
-19199.560547	-19399.556641	18599.574219	6.745000
-19399.556641	-19599.550781	18599.574219	6.750000
-19199.560547	-19399.556641	18599.574219	6.755000
-19199.560547	-19599.550781	18799.570312	6.760000
-19401.406250	-19401.406250	18601.347656	6.765000
-19199.560547	-19599.550781	18399.578125	6.770000
-19399.556641	-19399.556641	18599.574219	6.775000
-19199.560547	-19599.550781	18799.570312	6.780000
-19201.392578	-19401.406250	18601.347656	6.785000
-19399.556641	-19399.556641	18599.574219	6.790000
-19199.560547	-19599.550781	18599.574219	6.795000
-19399.556641	-19399.556641	18799.570312	6.800000
-19201.392578	-19401.406250	18401.333984	6.805000
-19399.556641	-19599.550781	18599.574219	6.810000
-19199.560547	-19399.556641	18799.570312	6.815000
-19199.560547	-19599.550781	18599.574219	6.820000
-19401.406250	-19401.406250	18601.347656	6.825000
-19199.560547	-19599.550781	18599.574219	6.830000
-19199.560547	-19399.556641	18599.574219	6.835000
-19399.556641	-19399.556641	18799.570312	6.840000
-19201.392578	-19601.419922	18401.333984	6.845000
-19399.556641	-19399.556641	18599.574219	6.850000
-18999.564453	-19399.556641	18799.570312	6.855000
-19399.556641	-19599.550781	18599.574219	6.860000
-19201.392578	-19401.406250	18601.347656	6.865000
-19399.556641	-19599.550781	18599.574219	6.870000
-19199.560547	-19399.556641	18599.574219	6.875000
-19199.560547	-19599.550781	18799.570312	6.880000
-19199.560547	-19399.556641	18399.578125	6.885000
-19401.406250	-19601.419922	18601.347656	6.890000
-19199.560547	-19399.556641	18799.570312	6.895000
-19199.560547	-19599.550781	18599.574219	6.900000
-19399.556641	-19399.556641	18399.578125	6.905000
-19201.392578	-19401.406250	18801.363281	6.910000
-19199.560547	-19599.550781	18599.574219	6.915000
-19399.556641	-19599.550781	18799.570312	6.920000
-18999.564453	-19399.556641	18399.578125	6.925000
-19401.406250	-19401.406250	18801.363281	6.930000
-19199.560547	-19599.550781	18599.574219	6.935000
-19199.560547	-19599.550781	18599.574219	6.940000
-19199.560547	-19399.556641	18399.578125	6.945000
-19401.406250	-19401.406250	18801.363281	6.950000
-19199.560547	-19599.550781	18599.574219	6.955000
-19199.560547	-19399.556641	18799.570312	6.960000
-19199.560547	-19399.556641	18399.578125	6.965000
-19201.392578	-19601.419922	18801.363281	6.970000
-19199.560547	-19399.556641	18599.574219	6.975000
-19399.556641	-19599.550781	18599.574219	6.980000
-18999.564453	-19399.556641	18599.574219	6.985000
-19401.406250	-19601.419922	18801.363281	6.990000
-19199.560547	-19599.550781	18599.574219	6.995000
-19199.560547	-19399.556641	18599.574219	7.000000
-19199.560547	-19399.556641	18599.574219	7.005000
-19199.560547	-19599.550781	18599.574219	7.010000
-19401.406250	-19401.406250	18601.347656	7.015000
-19199.560547	-19599.550781	18599.574219	7.020000
-19199.560547	-19399.556641	18599.574219	7.025000
-19199.560547	-19599.550781	18799.570312	7.030000
-19201.392578	-19401.406250	18601.347656	7.035000
-19399.556641	-19599.550781	18599.574219	7.040000
-19199.560547	-19399.556641	18599.574219	7.045000
-19199.560547	-19599.550781	18799.570312	7.050000
-19201.392578	-19401.406250	18601.347656	7.055000
-19399.556641	-19399.556641	18399.578125	7.060000
-19199.560547	-19599.550781	18599.574219	7.065000
-19199.560547	-19599.550781	18799.570312	7.070000
-19201.392578	-19401.406250	18601.347656	7.075000
-19399.556641	-19399.556641	18599.574219	7.080000
-19199.560547	-19399.556641	18599.574219	7.085000
-19199.560547	-19599.550781	18799.570312	7.090000
-19201.392578	-19401.406250	18601.347656	7.095000
-19399.556641	-19599.550781	18599.574219	7.100000
-19199.560547	-19399.556641	18599.574219	7.105000
-19399.556641	-19599.550781	18799.570312	7.110000
-19001.376953	-19201.392578	18401.333984	7.115000
-19399.556641	-19599.550781	18599.574219	7.120000
-19199.560547	-19399.556641	18799.570312	7.125000
-19399.556641	-19599.550781	18599.574219	7.130000
-18999.564453	-19399.556641	18599.574219	7.135000
-19401.406250	-19601.419922	18601.347656	7.140000
-19199.560547	-19399.556641	18599.574219	7.145000
-19199.560547	-19399.556641	18799.570312	7.150000
-19199.560547	-19399.556641	18599.574219	7.155000
-19401.406250	-19601.419922	18601.347656	7.160000
-19199.560547	-19399.556641	18599.574219	7.165000
-19199.560547	-19399.556641	18799.570312	7.170000
-19199.560547	-19599.550781	18399.578125	7.175000
-19401.406250	-19401.406250	18601.347656	7.180000
-19199.560547	-19399.556641	18599.574219	7.185000
-19399.556641	-19599.550781	18799.570312	7.190000
-19199.560547	-19399.556641	18399.578125	7.195000
-19201.392578	-19601.419922	18801.363281	7.200000
-19199.560547	-19399.556641	18599.574219	7.205000
-19399.556641	-19399.556641	18799.570312	7.210000
-19199.560547	-19399.556641	18399.578125	7.215000
-19201.392578	-19601.419922	18801.363281	7.220000
-19199.560547	-19399.556641	18599.574219	7.225000
-19399.556641	-19399.556641	18599.574219	7.230000
-19199.560547	-19599.550781	18599.574219	7.235000
-19401.406250	-19401.406250	18801.363281	7.240000
-19199.560547	-19399.556641	18599.574219	7.245000
-19199.560547	-19599.550781	18599.574219	7.250000
-19199.560547	-19399.556641	18599.574219	7.255000
-19399.556641	-19599.550781	18799.570312	7.260000
-19201.392578	-19201.392578	18601.347656	7.265000
-19399.556641	-19599.550781	18599.574219	7.270000
-19199.560547	-19399.556641	18599.574219	7.275000
-19399.556641	-19599.550781	18799.570312	7.280000
-19201.392578	-19401.406250	18601.347656	7.285000
-19199.560547	-19599.550781	18599.574219	7.290000
-19399.556641	-19399.556641	18599.574219	7.295000
-19199.560547	-19399.556641	18799.570312	7.300000
-19201.392578	-19401.406250	18601.347656	7.305000
-19399.556641	-19599.550781	18599.574219	7.310000
-19199.560547	-19399.556641	18599.574219	7.315000
-19399.556641	-19399.556641	18799.570312	7.320000
-19201.392578	-19401.406250	18601.347656	7.325000
-19399.556641	-19599.550781	18599.574219	7.330000
-19199.560547	-19399.556641	18599.574219	7.335000
-19399.556641	-19399.556641	18799.570312	7.340000
-19201.392578	-19401.406250	18601.347656	7.345000
-19399.556641	-19599.550781	18599.574219	7.350000
-19199.560547	-19399.556641	18599.574219	7.355000
-19399.556641	-19399.556641	18799.570312	7.360000
-19201.392578	-19401.406250	18601.347656	7.365000
-19399.556641	-19599.550781	18599.574219	7.370000
-19199.560547	-19399.556641	18599.574219	7.375000
-19399.556641	-19399.556641	18799.570312	7.380000
-19199.560547	-19399.556641	18599.574219	7.385000
-19401.406250	-19601.419922	18601.347656	7.390000
-19199.560547	-19399.556641	18799.570312	7.395000
-19399.556641	-19399.556641	18799.570312	7.400000
-19199.560547	-19399.556641	18399.578125	7.405000
-19401.406250	-19601.419922	18801.363281	7.410000
-19199.560547	-19399.556641	18599.574219	7.415000
-19399.556641	-19399.556641	18799.570312	7.420000
-19199.560547	-19399.556641	18399.578125	7.425000
-19401.406250	-19601.419922	18801.363281	7.430000
-19199.560547	-19399.556641	18599.574219	7.435000
-19399.556641	-19599.550781	18799.570312	7.440000
-19199.560547	-19199.560547	18399.578125	7.445000
-19401.406250	-19601.419922	18801.363281	7.450000
-19199.560547	-19399.556641	18599.574219	7.455000
-19399.556641	-19599.550781	18799.570312	7.460000
-19199.560547	-19199.560547	18399.578125	7.465000
-19401.406250	-19601.419922	18801.363281	7.470000
-19199.560547	-19399.556641	18599.574219	7.475000
-19399.556641	-19599.550781	18799.570312	7.480000
-19199.560547	-19399.556641	18399.578125	7.485000
-19401.406250	-19401.406250	18801.363281	7.490000
-19199.560547	-19399.556641	18599.574219	7.495000
-19399.556641	-19599.550781	18799.570312	7.500000
-19399.556641	-19399.556641	18399.578125	7.505000
-19199.560547	-19599.550781	18799.570312	7.510000
-19401.406250	-19401.406250	18601.347656	7.515000
-19399.556641	-19399.556641	18599.574219	7.520000
-19199.560547	-19399.556641	18599.574219	7.525000
-19399.556641	-19599.550781	18799.570312	7.530000
-19201.392578	-19401.406250	18601.347656	7.535000
-19399.556641	-19399.556641	18599.574219	7.540000
-19399.556641	-19399.556641	18599.574219	7.545000
-19199.560547	-19599.550781	18799.570312	7.550000
-19401.406250	-19401.406250	18601.347656	7.555000
-19399.556641	-19599.550781	18599.574219	7.560000
-19199.560547	-19399.556641	18599.574219	7.565000
-19399.556641	-19599.550781	18799.570312	7.570000
-19401.406250	-19201.392578	18601.347656	7.575000
-19199.560547	-19599.550781	18599.574219	7.580000
-19399.556641	-19399.556641	18599.574219	7.585000
-19399.556641	-19599.550781	18799.570312	7.590000
-19201.392578	-19401.406250	18601.347656	7.595000
-19399.556641	-19399.556641	18399.578125	7.600000
-19199.560547	-19599.550781	18799.570312	7.605000
-19399.556641	-19399.556641	18799.570312	7.610000
-19401.406250	-19401.406250	18401.333984	7.615000
-19399.556641	-19599.550781	18599.574219	7.620000
-19199.560547	-19399.556641	18599.574219	7.625000
-19399.556641	-19399.556641	18799.570312	7.630000
-19399.556641	-19399.556641	18599.574219	7.635000
-19201.392578	-19601.419922	18601.347656	7.640000
-19399.556641	-19399.556641	18599.574219	7.645000
-19399.556641	-19599.550781	18799.570312	7.650000
-19199.560547	-19399.556641	18599.574219	7.655000
-19401.406250	-19401.406250	18601.347656	7.660000
-19399.556641	-19399.556641	18599.574219	7.665000
-19399.556641	-19599.550781	18799.570312	7.670000
-19199.560547	-19399.556641	18599.574219	7.675000
-19401.406250	-19601.419922	18601.347656	7.680000
-19399.556641	-19399.556641	18799.570312	7.685000
-19399.556641	-19399.556641	18599.574219	7.690000
-19199.560547	-19399.556641	18599.574219	7.695000
-19401.406250	-19601.419922	18601.347656	7.700000
-19199.560547	-19399.556641	18799.570312	7.705000
-19399.556641	-19599.550781	18599.574219	7.710000
-19199.560547	-19399.556641	18599.574219	7.715000
-19401.406250	-19601.419922	18601.347656	7.720000
-19399.556641	-19199.560547	18599.574219	7.725000
-19399.556641	-19599.550781	18799.570312	7.730000
-19199.560547	-19399.556641	18399.578125	7.735000
-19401.406250	-19601.419922	18801.363281	7.740000
-19399.556641	-19399.556641	18599.574219	7.745000
-19199.560547	-19599.550781	18799.570312	7.750000
-19399.556641	-19399.556641	18399.578125	7.755000
-19399.556641	-19399.556641	18799.570312	7.760000
-19201.392578	-19401.406250	18601.347656	7.765000
-19399.556641	-19599.550781	18599.574219	7.770000
-19199.560547	-19399.556641	18599.574219	7.775000
-19399.556641	-19399.556641	18599.574219	7.780000
-19401.406250	-19601.419922	18801.363281	7.785000
-19399.556641	-19399.556641	18599.574219	7.790000
-19199.560547	-19399.556641	18599.574219	7.795000
-19399.556641	-19599.550781	18599.574219	7.800000
-19201.392578	-19401.406250	18801.363281	7.805000
-19399.556641	-19399.556641	18599.574219	7.810000
-19399.556641	-19399.556641	18599.574219	7.815000
-19399.556641	-19399.556641	18599.574219	7.820000
-19201.392578	-19401.406250	18801.363281	7.825000
-19399.556641	-19599.550781	18599.574219	7.830000
-19199.560547	-19399.556641	18399.578125	7.835000
-19399.556641	-19399.556641	18799.570312	7.840000
-19401.406250	-19401.406250	18601.347656	7.845000
-19399.556641	-19599.550781	18599.574219	7.850000
-19199.560547	-19199.560547	18599.574219	7.855000
-19399.556641	-19599.550781	18799.570312	7.860000
-19201.392578	-19401.406250	18601.347656	7.865000
-19399.556641	-19399.556641	18599.574219	7.870000
-19399.556641	-19399.556641	18599.574219	7.875000
-19199.560547	-19399.556641	18799.570312	7.880000
-19199.560547	-19399.556641	18599.574219	7.885000
-19401.406250	-19601.419922	18601.347656	7.890000
-19399.556641	-19199.560547	18599.574219	7.895000
-19399.556641	-19599.550781	18799.570312	7.900000
-19199.560547	-19399.556641	18599.574219	7.905000
-19401.406250	-19401.406250	18601.347656	7.910000
-19199.560547	-19399.556641	18599.574219	7.915000
-19399.556641	-19599.550781	18799.570312	7.920000
-19199.560547	-19399.556641	18399.578125	7.925000
-19401.406250	-19401.406250	18601.347656	7.930000
-19399.556641	-19399.556641	18799.570312	7.935000
-19199.560547	-19599.550781	18599.574219	7.940000
-19399.556641	-19399.556641	18599.574219	7.945000
-19401.406250	-19401.406250	18601.347656	7.950000
-19199.560547	-19399.556641	18599.574219	7.955000
-19399.556641	-19599.550781	18799.570312	7.960000
-19199.560547	-19199.560547	18599.574219	7.965000
-19401.406250	-19601.419922	18601.347656	7.970000
-19199.560547	-19399.556641	18599.574219	7.975000
-19399.556641	-19599.550781	18799.570312	7.980000
-19199.560547	-19199.560547	18399.578125	7.985000
-19401.406250	-19601.419922	18601.347656	7.990000
-19199.560547	-19399.556641	18799.570312	7.995000
-19399.556641	-19399.556641	18599.574219	8.000000
-19199.560547	-19399.556641	18599.574219	8.005000
-19399.556641	-19599.550781	18599.574219	8.010000
-19199.560547	-19399.556641	18599.574219	8.015000
-19399.556641	-19599.550781	18799.570312	8.020000
-19403.255859	-19403.255859	18403.089844	8.025000
-19199.560547	-19399.556641	18799.570312	8.030000
-19199.560547	-19599.550781	18599.574219	8.035000
-19399.556641	-19399.556641	18799.570312	8.040000
-19399.556641	-19399.556641	18399.578125	8.045000
-19199.560547	-19599.550781	18599.574219	8.050000
-19199.560547	-19399.556641	18599.574219	8.055000
-19399.556641	-19399.556641	18599.574219	8.060000
-19203.222656	-19603.291016	18603.123047	8.065000
-19399.556641	-19599.550781	18799.570312	8.070000
-19199.560547	-19199.560547	18599.574219	8.075000
-19399.556641	-19599.550781	18599.574219	8.080000
-19199.560547	-19399.556641	18599.574219	8.085000
-19399.556641	-19599.550781	18799.570312	8.090000
-19199.560547	-19399.556641	18599.574219	8.095000
-19399.556641	-19399.556641	18599.574219	8.100000
-19203.222656	-19603.291016	18403.089844	8.105000
-19399.556641	-19399.556641	18799.570312	8.110000
-19199.560547	-19399.556641	18599.574219	8.115000
-19399.556641	-19599.550781	18599.574219	8.120000
-19199.560547	-19399.556641	18599.574219	8.125000
-19199.560547	-19599.550781	18799.570312	8.130000
-19399.556641	-19399.556641	18599.574219	8.135000
-19199.560547	-19599.550781	18599.574219	8.140000
-19199.560547	-19399.556641	18599.574219	8.145000
-19403.255859	-19403.255859	18803.156250	8.150000
-19199.560547	-19399.556641	18599.574219	8.155000
-19399.556641	-19599.550781	18399.578125	8.160000
-19199.560547	-19599.550781	18599.574219	8.165000
-19199.560547	-19399.556641	18799.570312	8.170000
-19199.560547	-19399.556641	18599.574219	8.175000
-19399.556641	-19599.550781	18599.574219	8.180000
-19199.560547	-19399.556641	18599.574219	8.185000
-19403.255859	-19603.291016	18803.156250	8.190000
-19199.560547	-19399.556641	18399.578125	8.195000
-19199.560547	-19599.550781	18599.574219	8.200000
-19199.560547	-19399.556641	18799.570312	8.205000
-19399.556641	-19399.556641	18599.574219	8.210000
-19199.560547	-19599.550781	18599.574219	8.215000
-19199.560547	-19399.556641	18599.574219	8.220000
-19199.560547	-19399.556641	18599.574219	8.225000
-19403.255859	-19603.291016	18803.156250	8.230000
-19199.560547	-19599.550781	18599.574219	8.235000
-19199.560547	-19399.556641	18599.574219	8.240000
-19199.560547	-19399.556641	18599.574219	8.245000
-19399.556641	-19599.550781	18799.570312	8.250000
-19199.560547	-19399.556641	18399.578125	8.255000
-19199.560547	-19599.550781	18599.574219	8.260000
-19199.560547	-19399.556641	18799.570312	8.265000
-19399.556641	-19599.550781	18599.574219	8.270000
-19203.222656	-19403.255859	18603.123047	8.275000
-19199.560547	-19599.550781	18599.574219	8.280000
-19199.560547	-19399.556641	18799.570312	8.285000
-19199.560547	-19599.550781	18599.574219	8.290000
-19199.560547	-19399.556641	18599.574219	8.295000
-19399.556641	-19399.556641	18599.574219	8.300000
-19199.560547	-19599.550781	18599.574219	8.305000
-19199.560547	-19599.550781	18799.570312	8.310000
-19203.222656	-19403.255859	18403.089844	8.315000
-19199.560547	-19399.556641	18799.570312	8.320000
-19199.560547	-19599.550781	18599.574219	8.325000
-19399.556641	-19599.550781	18799.570312	8.330000
-19199.560547	-19199.560547	18399.578125	8.335000
-19199.560547	-19599.550781	18799.570312	8.340000
-19199.560547	-19599.550781	18599.574219	8.345000
-19199.560547	-19399.556641	18799.570312	8.350000
-19203.222656	-19403.255859	18403.089844	8.355000
-19399.556641	-19599.550781	18799.570312	8.360000
-19199.560547	-19599.550781	18599.574219	8.365000
-19199.560547	-19399.556641	18799.570312	8.370000
-19199.560547	-19399.556641	18399.578125	8.375000
-19399.556641	-19599.550781	18799.570312	8.380000
-18999.564453	-19599.550781	18599.574219	8.385000
-19399.556641	-19399.556641	18599.574219	8.390000
-19199.560547	-19399.556641	18599.574219	8.395000
-19203.222656	-19603.291016	18803.156250	8.400000
-19199.560547	-19399.556641	18599.574219	8.405000
-19199.560547	-19599.550781	18599.574219	8.410000
-19399.556641	-19399.556641	18599.574219	8.415000
-19199.560547	-19599.550781	18799.570312	8.420000
-19199.560547	-19399.556641	18599.574219	8.425000
-19199.560547	-19599.550781	18599.574219	8.430000
-19199.560547	-19399.556641	18599.574219	8.435000
-19203.222656	-19603.291016	18803.156250	8.440000
-19199.560547	-19399.556641	18599.574219	8.445000
-19399.556641	-19599.550781	18599.574219	8.450000
-19199.560547	-19399.556641	18599.574219	8.455000
-19199.560547	-19599.550781	18799.570312	8.460000
-19199.560547	-19399.556641	18599.574219	8.465000
-19199.560547	-19599.550781	18599.574219	8.470000
-19199.560547	-19399.556641	18599.574219	8.475000
-19403.255859	-19603.291016	18803.156250	8.480000
-19199.560547	-19399.556641	18599.574219	8.485000
-19199.560547	-19399.556641	18599.574219	8.490000
-19199.560547	-19599.550781	18599.574219	8.495000
-19199.560547	-19399.556641	18799.570312	8.500000
-19199.560547	-19399.556641	18599.574219	8.505000
-19399.556641	-19599.550781	18599.574219	8.510000
-19199.560547	-19599.550781	18599.574219	8.515000
-19199.560547	-19399.556641	18799.570312	8.520000
-19203.222656	-19403.255859	18603.123047	8.525000
-19199.560547	-19599.550781	18599.574219	8.530000
-19199.560547	-19399.556641	18599.574219	8.535000
-19399.556641	-19399.556641	18799.570312	8.540000
-18999.564453	-19599.550781	18399.578125	8.545000
-19399.556641	-19399.556641	18799.570312	8.550000
-19199.560547	-19399.556641	18599.574219	8.555000
-19199.560547	-19599.550781	18799.570312	8.560000
-19203.222656	-19403.255859	18403.089844	8.565000
-19399.556641	-19599.550781	18799.570312	8.570000
-19199.560547	-19399.556641	18599.574219	8.575000
-19199.560547	-19399.556641	18799.570312	8.580000
-19199.560547	-19599.550781	18599.574219	8.585000
-19399.556641	-19399.556641	18599.574219	8.590000
-19199.560547	-19399.556641	18799.570312	8.595000
-19199.560547	-19399.556641	18599.574219	8.600000
-19203.222656	-19603.291016	18603.123047	8.605000
-19199.560547	-19399.556641	18599.574219	8.610000
-19199.560547	-19399.556641	18799.570312	8.615000
-19399.556641	-19599.550781	18599.574219	8.620000
-19199.560547	-19399.556641	18599.574219	8.625000
-19199.560547	-19399.556641	18799.570312	8.630000
-19199.560547	-19399.556641	18599.574219	8.635000
-19399.556641	-19599.550781	18799.570312	8.640000
-19199.560547	-19399.556641	18599.574219	8.645000
-19203.222656	-19603.291016	18803.156250	8.650000
-19199.560547	-19399.556641	18599.574219	8.655000
-19399.556641	-19399.556641	18599.574219	8.660000
-19199.560547	-19399.556641	18599.574219	8.665000
-19199.560547	-19599.550781	18799.570312	8.670000
-19199.560547	-19399.556641	18599.574219	8.675000
-19399.556641	-19599.550781	18799.570312	8.680000
-19199.560547	-19199.560547	18599.574219	8.685000
-19203.222656	-19603.291016	18803.156250	8.690000
-19199.560547	-19399.556641	18599.574219	8.695000
-19399.556641	-19599.550781	18599.574219	8.700000
-19199.560547	-19199.560547	18599.574219	8.705000
-19199.560547	-19599.550781	18799.570312	8.710000
-19399.556641	-19399.556641	18599.574219	8.715000
-19199.560547	-19599.550781	18799.570312	8.720000
-19199.560547	-19199.560547	18599.574219	8.725000
-19203.222656	-19603.291016	18803.156250	8.730000
-19199.560547	-19399.556641	18599.574219	8.735000
-19399.556641	-19399.556641	18599.574219	8.740000
-19199.560547	-19399.556641	18599.574219	8.745000
-19199.560547	-19599.550781	18799.570312	8.750000
-19199.560547	-19399.556641	18599.574219	8.755000
-19399.556641	-19399.556641	18599.574219	8.760000
-19199.560547	-19399.556641	18799.570312	8.765000
-19199.560547	-19599.550781	18799.570312	8.770000
-19203.222656	-19403.255859	18603.123047	8.775000
-19399.556641	-19399.556641	18599.574219	8.780000
-19199.560547	-19399.556641	18599.574219	8.785000
-19199.560547	-19599.550781	18799.570312	8.790000
-19199.560547	-19399.556641	18599.574219	8.795000
-19199.560547	-19399.556641	18599.574219	8.800000
-19199.560547	-19399.556641	18799.570312	8.805000
-19199.560547	-19599.550781	18799.570312	8.810000
-19203.222656	-19403.255859	18603.123047	8.815000
-19199.560547	-19399.556641	18599.574219	8.820000
-19199.560547	-19399.556641	18799.570312	8.825000
-19399.556641	-19599.550781	18799.570312	8.830000
-18999.564453	-19199.560547	18399.578125	8.835000
-19399.556641	-19599.550781	18799.570312	8.840000
-19199.560547	-19399.556641	18599.574219	8.845000
-19199.560547	-19599.550781	18799.570312	8.850000
-19203.222656	-19203.222656	18603.123047	8.855000
-19199.560547	-19599.550781	18599.574219	8.860000
-19199.560547	-19399.556641	18799.570312	8.865000
-19199.560547	-19399.556641	18799.570312	8.870000
-19199.560547	-19399.556641	18399.578125	8.875000
-19199.560547	-19599.550781	18799.570312	8.880000
-19199.560547	-19399.556641	18799.570312	8.885000
-19199.560547	-19399.556641	18599.574219	8.890000
-19199.560547	-19399.556641	18599.574219	8.895000
-19403.255859	-19603.291016	18803.156250	8.900000
-19199.560547	-19399.556641	18599.574219	8.905000
-19199.560547	-19399.556641	18799.570312	8.910000
-18999.564453	-19399.556641	18399.578125	8.915000
-19399.556641	-19599.550781	18799.570312	8.920000
-19199.560547	-19399.556641	18799.570312	8.925000
-19199.560547	-19399.556641	18599.574219	8.930000
-19199.560547	-19399.556641	18599.574219	8.935000
-19403.255859	-19603.291016	18803.156250	8.940000
-18999.564453	-19399.556641	18599.574219	8.945000
-19399.556641	-19399.556641	18599.574219	8.950000
-19199.560547	-19599.550781	18599.574219	8.955000
-19199.560547	-19399.556641	18799.570312	8.960000
-19199.560547	-19399.556641	18599.574219	8.965000
-19199.560547	-19399.556641	18599.574219	8.970000
-19199.560547	-19599.550781	18599.574219	8.975000
-19203.222656	-19403.255859	18803.156250	8.980000
-19199.560547	-19399.556641	18799.570312	8.985000
-19399.556641	-19599.550781	18599.574219	8.990000
-19199.560547	-19399.556641	18599.574219	8.995000
-19199.560547	-19399.556641	18799.570312	9.000000
-19199.560547	-19399.556641	18599.574219	9.005000
-19199.560547	-19599.550781	18599.574219	9.010000
-19199.560547	-19399.556641	18599.574219	9.015000
-19199.560547	-19399.556641	18799.570312	9.020000
-19203.222656	-19403.255859	18403.089844	9.025000
-19399.556641	-19599.550781	18799.570312	9.030000
-19199.560547	-19399.556641	18599.574219	9.035000
-19199.560547	-19399.556641	18799.570312	9.040000
-19199.560547	-19399.556641	18399.578125	9.045000
-19199.560547	-19599.550781	18599.574219	9.050000
-19199.560547	-19399.556641	18799.570312	9.055000
-19199.560547	-19399.556641	18599.574219	9.060000
-19203.222656	-19403.255859	18603.123047	9.065000
-19399.556641	-19599.550781	18599.574219	9.070000
-19199.560547	-19199.560547	18799.570312	9.075000
-19199.560547	-19599.550781	18599.574219	9.080000
-19199.560547	-19399.556641	18599.574219	9.085000
-19199.560547	-19599.550781	18599.574219	9.090000
-19199.560547	-19199.560547	18799.570312	9.095000
-19199.560547	-19599.550781	18599.574219	9.100000
-19203.222656	-19403.255859	18603.123047	9.105000
-19399.556641	-19599.550781	18599.574219	9.110000
-19199.560547	-19199.560547	18799.570312	9.115000
-19199.560547	-19599.550781	18599.574219	9.120000
-19199.560547	-19399.556641	18599.574219	9.125000
-19399.556641	-19599.550781	18599.574219	9.130000
-19199.560547	-19399.556641	18799.570312	9.135000
-19399.556641	-19399.556641	18599.574219	9.140000
-19199.560547	-19399.556641	18599.574219	9.145000
-19203.222656	-19603.291016	18803.156250	9.150000
-19199.560547	-19399.556641	18599.574219	9.155000
-19399.556641	-19599.550781	18799.570312	9.160000
-19199.560547	-19399.556641	18399.578125	9.165000
-19399.556641	-19399.556641	18799.570312	9.170000
-19199.560547	-19399.556641	18599.574219	9.175000
-19399.556641	-19599.550781	18799.570312	9.180000
-19199.560547	-19399.556641	18399.578125	9.185000
-19403.255859	-19403.255859	18803.156250	9.190000
-19199.560547	-19399.556641	18599.574219	9.195000
-19399.556641	-19599.550781	18799.570312	9.200000
-19399.556641	-19399.556641	18399.578125	9.205000
-19199.560547	-19399.556641	18799.570312	9.210000
-19399.556641	-19599.550781	18599.574219	9.215000
-19399.556641	-19399.556641	18799.570312	9.220000
-19199.560547	-19399.556641	18399.578125	9.225000
-19403.255859	-19603.291016	18803.156250	9.230000
-19199.560547	-19399.556641	18599.574219	9.235000
-19399.556641	-19399.556641	18799.570312	9.240000
-19199.560547	-19399.556641	18399.578125	9.245000
-19399.556641	-19599.550781	18799.570312	9.250000
-19399.556641	-19399.556641	18599.574219	9.255000
-19399.556641	-19399.556641	18599.574219	9.260000
-19199.560547	-19399.556641	18599.574219	9.265000
-19399.556641	-19599.550781	18799.570312	9.270000
-19403.255859	-19403.255859	18603.123047	9.275000
-19199.560547	-19399.556641	18599.574219	9.280000
-19399.556641	-19399.556641	18799.570312	9.285000
-19399.556641	-19599.550781	18799.570312	9.290000
-19199.560547	-19399.556641	18399.578125	9.295000
-19399.556641	-19399.556641	18599.574219	9.300000
-19399.556641	-19599.550781	18799.570312	9.305000
-19399.556641	-19399.556641	18799.570312	9.310000
-19203.222656	-19403.255859	18403.089844	9.315000
-19399.556641	-19599.550781	18599.574219	9.320000
-19199.560547	-19399.556641	18799.570312	9.325000
-19599.550781	-19599.550781	18799.570312	9.330000
-19199.560547	-19199.560547	18399.578125	9.335000
-19399.556641	-19599.550781	18799.570312	9.340000
-19199.560547	-19399.556641	18599.574219	9.345000
-19399.556641	-19599.550781	18799.570312	9.350000
-19403.255859	-19403.255859	18403.089844	9.355000
-19399.556641	-19399.556641	18799.570312	9.360000
-19199.560547	-19599.550781	18599.574219	9.365000
-19399.556641	-19399.556641	18799.570312	9.370000
-19199.560547	-19399.556641	18399.578125	9.375000
-19399.556641	-19599.550781	18799.570312	9.380000
-19399.556641	-19399.556641	18599.574219	9.385000
-19399.556641	-19399.556641	18799.570312	9.390000
-19199.560547	-19399.556641	18399.578125	9.395000
-19403.255859	-19603.291016	18803.156250	9.400000
-19199.560547	-19599.550781	18599.574219	9.405000
-19399.556641	-19399.556641	18799.570312	9.410000
-19399.556641	-19399.556641	18399.578125	9.415000
-19399.556641	-19599.550781	18799.570312	9.420000
-19199.560547	-19399.556641	18599.574219	9.425000
-19399.556641	-19599.550781	18799.570312	9.430000
-19199.560547	-19399.556641	18399.578125	9.435000
-19403.255859	-19603.291016	18803.156250	9.440000
-19399.556641	-19399.556641	18599.574219	9.445000
-19199.560547	-19399.556641	18799.570312	9.450000
-19399.556641	-19599.550781	18399.578125	9.455000
-19399.556641	-19599.550781	18799.570312	9.460000
-19199.560547	-19199.560547	18599.574219	9.465000
-19399.556641	-19599.550781	18799.570312	9.470000
-19199.560547	-19599.550781	18399.578125	9.475000
-19403.255859	-19403.255859	18803.156250	9.480000
-19399.556641	-19399.556641	18599.574219	9.485000
-19199.560547	-19599.550781	18599.574219	9.490000
-19399.556641	-19399.556641	18599.574219	9.495000
-19399.556641	-19599.550781	18799.570312	9.500000
-19199.560547	-19399.556641	18599.574219	9.505000
-19399.556641	-19599.550781	18599.574219	9.510000
-19399.556641	-19399.556641	18599.574219	9.515000
-19399.556641	-19599.550781	18799.570312	9.520000
-19203.222656	-19403.255859	18603.123047	9.525000
-19399.556641	-19599.550781	18599.574219	9.530000
-19199.560547	-19399.556641	18599.574219	9.535000
-19399.556641	-19599.550781	18799.570312	9.540000
-19399.556641	-19399.556641	18599.574219	9.545000
-19399.556641	-19599.550781	18599.574219	9.550000
-19199.560547	-19399.556641	18599.574219	9.555000
-19399.556641	-19599.550781	18799.570312	9.560000
-19203.222656	-19403.255859	18603.123047	9.565000
-19399.556641	-19599.550781	18599.574219	9.570000
-19399.556641	-19399.556641	18599.574219	9.575000
-19399.556641	-19599.550781	18799.570312	9.580000
-19199.560547	-19399.556641	18599.574219	9.585000
-19399.556641	-19599.550781	18599.574219	9.590000
-19199.560547	-19199.560547	18599.574219	9.595000
-19399.556641	-19599.550781	18799.570312	9.600000
-19403.255859	-19603.291016	18603.123047	9.605000
-19399.556641	-19399.556641	18599.574219	9.610000
-19199.560547	-19399.556641	18599.574219	9.615000
-19399.556641	-19599.550781	18799.570312	9.620000
-19199.560547	-19599.550781	18599.574219	9.625000
-19599.550781	-19399.556641	18599.574219	9.630000
-19199.560547	-19399.556641	18599.574219	9.635000
-19399.556641	-19799.546875	18799.570312	9.640000
-19199.560547	-19399.556641	18399.578125	9.645000
-19403.255859	-19403.255859	18603.123047	9.650000
-19399.556641	-19599.550781	18799.570312	9.655000
-19399.556641	-19599.550781	18599.574219	9.660000
-19199.560547	-19399.556641	18599.574219	9.665000
-19399.556641	-19399.556641	18599.574219	9.670000
-19399.556641	-19599.550781	18799.570312	9.675000
-19199.560547	-19399.556641	18599.574219	9.680000
-19399.556641	-19399.556641	18399.578125	9.685000
-19403.255859	-19603.291016	18803.156250	9.690000
-19199.560547	-19599.550781	18599.574219	9.695000
-19399.556641	-19399.556641	18599.574219	9.700000
-19399.556641	-19399.556641	18599.574219	9.705000
-19399.556641	-19599.550781	18599.574219	9.710000
-19199.560547	-19599.550781	18799.570312	9.715000
-19399.556641	-19399.556641	18599.574219	9.720000
-19199.560547	-19399.556641	18399.578125	9.725000
-19403.255859	-19603.291016	18803.156250	9.730000
-19399.556641	-19599.550781	18599.574219	9.735000
-19399.556641	-19399.556641	18599.574219	9.740000
-19199.560547	-19599.550781	18599.574219	9.745000
-19399.556641	-19599.550781	18799.570312	9.750000
-19199.560547	-19399.556641	18599.574219	9.755000
-19399.556641	-19399.556641	18599.574219	9.760000
-19199.560547	-19599.550781	18599.574219	9.765000
-19399.556641	-19599.550781	18799.570312	9.770000
-19403.255859	-19403.255859	18603.123047	9.775000
-19399.556641	-19399.556641	18599.574219	9.780000
-19199.560547	-19599.550781	18599.574219	9.785000
-19399.556641	-19599.550781	18799.570312	9.790000
-19199.560547	-19399.556641	18599.574219	9.795000
-19399.556641	-19399.556641	18599.574219	9.800000
-19399.556641	-19599.550781	18599.574219	9.805000
-19399.556641	-19599.550781	18799.570312	9.810000
-19203.222656	-19203.222656	18603.123047	9.815000
-19399.556641	-19599.550781	18599.574219	9.820000
-19199.560547	-19599.550781	18599.574219	9.825000
-19399.556641	-19399.556641	18799.570312	9.830000
-19399.556641	-19399.556641	18599.574219	9.835000
-19199.560547	-19599.550781	18599.574219	9.840000
-19399.556641	-19399.556641	18599.574219	9.845000
-19399.556641	-19599.550781	18799.570312	9.850000
-19203.222656	-19403.255859	18603.123047	9.855000
-19399.556641	-19599.550781	18599.574219	9.860000
-19199.560547	-19399.556641	18599.574219	9.865000
-19599.550781	-19399.556641	18799.570312	9.870000
-19199.560547	-19599.550781	18599.574219	9.875000
-19399.556641	-19599.550781	18599.574219	9.880000
-19199.560547	-19399.556641	18599.574219	9.885000
-19399.556641	-19399.556641	18799.570312	9.890000
-19199.560547	-19599.550781	18599.574219	9.895000
-19403.255859	-19403.255859	18603.123047	9.900000
-19199.560547	-19399.556641	18599.574219	9.905000
-19399.556641	-19599.550781	18799.570312	9.910000
-19199.560547	-19399.556641	18399.578125	9.915000
-19399.556641	-19599.550781	18799.570312	9.920000
-19399.556641	-19399.556641	18599.574219	9.925000
-19399.556641	-19599.550781	18799.570312	9.930000
-19199.560547	-19399.556641	18399.578125	9.935000
-19403.255859	-19603.291016	18803.156250	9.940000
-19199.560547	-19399.556641	18599.574219	9.945000
-19399.556641	-19399.556641	18799.570312	9.950000
-19199.560547	-19599.550781	18399.578125	9.955000
-19399.556641	-19399.556641	18799.570312	9.960000
-19199.560547	-19399.556641	18799.570312	9.965000
-19399.556641	-19599.550781	18599.574219	9.970000
-19199.560547	-19399.556641	18599.574219	9.975000
-19403.255859	-19403.255859	18603.123047	9.980000
-19199.560547	-19599.550781	18799.570312	9.985000
-19399.556641	-19399.556641	18599.574219	9.990000
-19199.560547	-19599.550781	18599.574219	9.995000
-19399.556641	-19399.556641	18799.570312	10.000000
-19299.558594	-19499.552734	18699.572266	10.010000
-19299.558594	-19399.556641	18599.574219	10.020000
-19301.398438	-19501.414062	18701.355469	10.030000
-19299.558594	-19499.552734	18699.572266	10.040000
-19299.558594	-19499.552734	18599.574219	10.050000
-19299.558594	-19399.556641	18699.572266	10.060000
-19301.398438	-19501.414062	18601.347656	10.070000
-19299.558594	-19499.552734	18699.572266	10.080000
-19299.558594	-19499.552734	18699.572266	10.090000
-19299.558594	-19399.556641	18699.572266	10.100000
-19301.398438	-19501.414062	18601.347656	10.110000
-19299.558594	-19499.552734	18699.572266	10.120000
-19399.556641	-19399.556641	18599.574219	10.130000