
0.000000	0.000000	0.000000	0.110000
-1199.999390	-1399.999268	1399.999268	0.115000
-4800.004395	-5600.005371	5200.004883	0.120000
-8599.995117	-9599.995117	9799.995117	0.125000
-12000.011719	-13400.012695	13000.012695	0.130000
-14999.969727	-16199.966797	15999.967773	0.135000
-17600.017578	-19200.017578	18600.017578	0.140000
-20000.019531	-21000.019531	20800.019531	0.145000
-22199.955078	-23599.953125	22999.953125	0.150000
-23800.023438	-25000.023438	24400.023438	0.155000
-25600.025391	-26800.025391	26200.025391	0.160000
-26999.945312	-27999.943359	27199.945312	0.165000
-28200.027344	-29400.027344	28600.027344	0.170000
-29400.027344	-30200.029297	29600.027344	0.175000
-30799.937500	-31599.935547	30399.937500	0.180000
-31200.029297	-32000.031250	31200.029297	0.185000
-32600.031250	-33400.031250	32200.031250	0.190000
-32800.031250	-33400.031250	32400.031250	0.195000
-33999.929688	-34599.929688	33199.933594	0.200000
-34400.031250	-34800.031250	33800.031250	0.205000
-35000.035156	-35600.035156	34200.031250	0.210000
-35399.929688	-35799.925781	34399.929688	0.215000
-36000.035156	-36400.035156	35000.035156	0.220000
-36400.035156	-36600.035156	35400.035156	0.225000
-36999.925781	-37199.925781	35599.929688	0.230000
-37000.035156	-37200.035156	35800.035156	0.235000
-37600.035156	-37800.035156	36000.035156	0.240000
-37599.921875	-37799.921875	36399.925781	0.245000
-38200.035156	-38400.035156	36600.035156	0.250000
-38200.035156	-38200.035156	36600.035156	0.255000
-38600.035156	-38800.035156	37000.035156	0.260000
-38600.035156	-38600.035156	37000.035156	0.265000
-39199.804688	-39199.804688	37199.812500	0.270000
-39000.039062	-38800.035156	37200.035156	0.275000
-39400.039062	-39600.039062	37600.035156	0.280000
-39200.039062	-39200.039062	37600.035156	0.285000
-39600.039062	-39600.039062	37600.035156	0.290000
-39600.039062	-39600.039062	37800.035156	0.295000
-39999.800781	-39799.800781	37799.812500	0.300000
-39800.039062	-39800.039062	37800.035156	0.305000
-40000.039062	-40200.039062	37800.035156	0.310000
-40000.039062	-40000.039062	38200.035156	0.315000
-40400.039062	-40200.039062	38000.035156	0.320000
-40200.039062	-40200.039062	38200.035156	0.325000
-40599.796875	-40399.796875	38399.808594	0.330000
-40200.039062	-40200.039062	38200.035156	0.335000
-40600.039062	-40600.039062	38400.035156	0.340000
-40400.039062	-40200.039062	38200.035156	0.345000
-40800.039062	-40800.039062	38600.035156	0.350000
-40400.039062	-40400.039062	38400.035156	0.355000
-40799.796875	-40799.796875	38599.808594	0.360000
-40600.039062	-40600.039062	38400.035156	0.365000
-41000.039062	-40800.039062	38800.035156	0.370000
-40600.039062	-40600.039062	38400.035156	0.375000
-41000.039062	-41000.039062	38800.035156	0.380000
-40800.039062	-40800.039062	38400.035156	0.385000
-41000.039062	-40800.039062	39000.039062	0.390000
-40799.796875	-40799.796875	38399.808594	0.395000
-41200.039062	-41200.039062	39000.039062	0.400000
-40800.039062	-40800.039062	38600.035156	0.405000
-41200.039062	-41000.039062	38800.035156	0.410000
-40800.039062	-41000.039062	38600.035156	0.415000
-41400.039062	-41200.039062	39000.039062	0.420000
-40799.796875	-40799.796875	38599.808594	0.425000
-41200.039062	-41400.039062	39000.039062	0.430000
-41000.039062	-40800.039062	38800.035156	0.435000
-41200.039062	-41400.039062	38800.035156	0.440000
-41000.039062	-41000.039062	38800.035156	0.445000
-41200.039062	-41200.039062	38800.035156	0.450000
-41199.792969	-41199.792969	38799.804688	0.455000
-41200.039062	-41400.039062	39000.039062	0.460000
-41200.039062	-41000.039062	38800.035156	0.465000
-41200.039062	-41400.039062	39000.039062	0.470000
-41200.039062	-41200.039062	38800.035156	0.475000
-41200.039062	-41400.039062	39000.039062	0.480000
-41199.792969	-40999.792969	38799.804688	0.485000
-41400.039062	-41600.039062	39000.039062	0.490000
-41000.039062	-41000.039062	38800.035156	0.495000
-41400.039062	-41600.039062	39200.039062	0.500000
-41000.039062	-41000.039062	38600.035156	0.505000
-41600.039062	-41600.039062	39200.039062	0.510000
-41000.039062	-41200.039062	38600.035156	0.515000
-41400.039062	-41400.039062	39200.039062	0.520000
-41200.039062	-41200.039062	38800.035156	0.525000
-41400.039062	-41400.039062	39000.039062	0.530000
-41399.546875	-41399.546875	38799.574219	0.535000
-41400.039062	-41400.039062	39200.039062	0.540000
-41200.039062	-41200.039062	38800.035156	0.545000
-41400.039062	-41600.039062	39000.039062	0.550000
-41200.039062	-41200.039062	39000.039062	0.555000
-41400.039062	-41600.039062	39000.039062	0.560000
-41200.039062	-41200.039062	39000.039062	0.565000
-41400.039062	-41600.039062	39000.039062	0.570000
-41200.039062	-41200.039062	39000.039062	0.575000
-41400.039062	-41600.039062	39000.039062	0.580000
-41200.039062	-41200.039062	38800.035156	0.585000
-41600.039062	-41600.039062	39200.039062	0.590000
-41199.546875	-41199.546875	38799.574219	0.595000
-41400.039062	-41600.039062	39200.039062	0.600000
-41200.039062	-41400.039062	38800.035156	0.605000
-41600.039062	-41600.039062	39200.039062	0.610000
-41200.039062	-41200.039062	38800.035156	0.615000
-41600.039062	-41600.039062	39200.039062	0.620000
-41200.039062	-41200.039062	38800.035156	0.625000
-41600.039062	-41600.039062	39400.039062	0.630000
-41200.039062	-41200.039062	38800.035156	0.635000
-41400.039062	-41600.039062	39200.039062	0.640000
-41200.039062	-41200.039062	38800.035156	0.645000
-41600.039062	-41600.039062	39200.039062	0.650000
-41400.039062	-41400.039062	39000.039062	0.655000
-41399.546875	-41399.546875	39199.570312	0.660000
-41200.039062	-41400.039062	38800.035156	0.665000
-41600.039062	-41600.039062	39200.039062	0.670000
-41200.039062	-41400.039062	39000.039062	0.675000
-41400.039062	-41400.039062	39000.039062	0.680000
-41400.039062	-41400.039062	39000.039062	0.685000
-41600.039062	-41600.039062	39000.039062	0.690000
-41200.039062	-41200.039062	39000.039062	0.695000
-41400.039062	-41600.039062	39000.039062	0.700000
-41400.039062	-41400.039062	38800.035156	0.705000
-41600.039062	-41600.039062	39000.039062	0.710000
-41200.039062	-41400.039062	39000.039062	0.715000
-40999.550781	-41399.546875	38999.574219	0.720000
-41400.039062	-41400.039062	38800.035156	0.725000
-41400.039062	-41600.039062	39400.039062	0.730000
-41400.039062	-41400.039062	38600.035156	0.735000
-41400.039062	-41400.039062	39200.039062	0.740000
-41400.039062	-41400.039062	38800.035156	0.745000
-41600.039062	-41600.039062	39200.039062	0.750000
-41200.039062	-41400.039062	38800.035156	0.755000
-41600.039062	-41600.039062	39200.039062	0.760000
-41200.039062	-41200.039062	38800.035156	0.765000
-41600.039062	-41800.039062	39200.039062	0.770000
-41400.039062	-41200.039062	38800.035156	0.775000
-41400.039062	-41600.039062	39200.039062	0.780000
-41399.546875	-41399.546875	38999.574219	0.785000
-41400.039062	-41600.039062	39000.039062	0.790000
-41400.039062	-41400.039062	39000.039062	0.795000
-41600.039062	-41600.039062	39200.039062	0.800000
-41400.039062	-41400.039062	39000.039062	0.805000
-41400.039062	-41600.039062	39000.039062	0.810000
-41400.039062	-41400.039062	39000.039062	0.815000
-41600.039062	-41600.039062	39200.039062	0.820000
-41400.039062	-41400.039062	39000.039062	0.825000
-41600.039062	-41600.039062	39000.039062	0.830000
-41200.039062	-41400.039062	39000.039062	0.835000
-41600.039062	-41600.039062	39200.039062	0.840000
-41399.546875	-41399.546875	38999.574219	0.845000
-41400.039062	-41600.039062	39200.039062	0.850000
-41400.039062	-41400.039062	38800.035156	0.855000
-41600.039062	-41600.039062	39400.039062	0.860000
-41200.039062	-41400.039062	38800.035156	0.865000
-41600.039062	-41600.039062	39200.039062	0.870000
-41400.039062	-41400.039062	39000.039062	0.875000
-41600.039062	-41600.039062	39200.039062	0.880000
-41200.039062	-41400.039062	38800.035156	0.885000
-41600.039062	-41600.039062	39200.039062	0.890000
-41400.039062	-41400.039062	39000.039062	0.895000
-41600.039062	-41800.039062	39200.039062	0.900000
-41200.039062	-41200.039062	39000.039062	0.905000
-41599.542969	-41799.542969	39199.570312	0.910000
-41000.039062	-41400.039062	39000.039062	0.915000
-41600.039062	-41600.039062	39200.039062	0.920000
-41200.039062	-41400.039062	39000.039062	0.925000
-41600.039062	-41600.039062	39200.039062	0.930000
-41400.039062	-41600.039062	39000.039062	0.935000
-41600.039062	-41600.039062	39200.039062	0.940000
-41400.039062	-41400.039062	39000.039062	0.945000
-41600.039062	-41800.039062	39200.039062	0.950000
-41200.039062	-41200.039062	39000.039062	0.955000
-41600.039062	-41800.039062	39200.039062	0.960000
-41400.039062	-41400.039062	39000.039062	0.965000
-41599.542969	-41799.542969	39199.570312	0.970000
-41400.039062	-41400.039062	39000.039062	0.975000
-41400.039062	-41600.039062	39200.039062	0.980000
-41400.039062	-41600.039062	38800.035156	0.985000
-41600.039062	-41600.039062	39400.039062	0.990000
-41400.039062	-41400.039062	38800.035156	0.995000
-41400.039062	-41600.039062	39400.039062	1.000000
-41400.039062	-41600.039062	39000.039062	1.005000
-41600.039062	-41600.039062	39200.039062	1.010000
-41200.039062	-41400.039062	38800.035156	1.015000
-41600.039062	-41800.039062	39200.039062	1.020000
-41400.039062	-41400.039062	39200.039062	1.025000
-41600.039062	-41600.039062	39000.039062	1.030000
-41400.039062	-41400.039062	39200.039062	1.035000
-41600.039062	-41800.039062	39000.039062	1.040000
-41400.039062	-41400.039062	39200.039062	1.045000
-41600.039062	-41600.039062	39000.039062	1.050000
-41400.039062	-41600.039062	39200.039062	1.055000
-41600.039062	-41600.039062	39200.039062	1.060000
-41399.050781	-41399.050781	38999.105469	1.065000
-41800.039062	-41800.039062	39200.039062	1.070000
-41400.039062	-41400.039062	39000.039062	1.075000
-41600.039062	-41800.039062	39200.039062	1.080000
-41400.039062	-41400.039062	38800.035156	1.085000
-41800.039062	-41800.039062	39400.039062	1.090000
-41400.039062	-41400.039062	38800.035156	1.095000
-41600.039062	-41800.039062	39400.039062	1.100000
-41400.039062	-41400.039062	38800.035156	1.105000
-41600.039062	-41600.039062	39400.039062	1.110000
-41400.039062	-41600.039062	39000.039062	1.115000
-41600.039062	-41600.039062	39200.039062	1.120000
-41400.039062	-41600.039062	39000.039062	1.125000
-41600.039062	-41600.039062	39200.039062	1.130000
-41400.039062	-41600.039062	39200.039062	1.135000
-41800.039062	-41800.039062	39200.039062	1.140000
-41200.039062	-41400.039062	39000.039062	1.145000
-41800.039062	-41800.039062	39200.039062	1.150000
-41200.039062	-41400.039062	39200.039062	1.155000
-41800.039062	-41800.039062	39000.039062	1.160000
-41200.039062	-41000.039062	39000.039062	1.165000
-41600.039062	-41800.039062	39200.039062	1.170000
-41400.039062	-41600.039062	39200.039062	1.175000
-41600.039062	-41600.039062	39200.039062	1.180000
-41400.039062	-41600.039062	39000.039062	1.185000
-41399.050781	-41599.046875	39199.101562	1.190000
-41400.039062	-41600.039062	39000.039062	1.195000
-41600.039062	-41800.039062	39400.039062	1.200000
-41200.039062	-41400.039062	38800.035156	1.205000
-41600.039062	-41800.039062	39400.039062	1.210000
-41400.039062	-41600.039062	38800.035156	1.215000
-41600.039062	-41800.039062	39400.039062	1.220000
-41400.039062	-41400.039062	39000.039062	1.225000
-41600.039062	-41800.039062	39200.039062	1.230000
-41400.039062	-41600.039062	39000.039062	1.235000
-41600.039062	-41600.039062	39400.039062	1.240000
-41400.039062	-41600.039062	39000.039062	1.245000
-41400.039062	-41600.039062	39000.039062	1.250000
-41600.039062	-41600.039062	39200.039062	1.255000
-41400.039062	-41800.039062	39200.039062	1.260000
-41000.039062	-41400.039062	39000.039062	1.265000
-41600.039062	-41800.039062	39000.039062	1.270000
-41400.039062	-41400.039062	39200.039062	1.275000
-41600.039062	-41800.039062	39200.039062	1.280000
-41400.039062	-41400.039062	39000.039062	1.285000
-41600.039062	-41800.039062	39200.039062	1.290000
-41400.039062	-41400.039062	39200.039062	1.295000
-41600.039062	-41800.039062	39200.039062	1.300000
-41400.039062	-41400.039062	39000.039062	1.305000
-41600.039062	-41800.039062	39400.039062	1.310000
-41399.050781	-41599.046875	38799.113281	1.315000
-41600.039062	-41600.039062	39400.039062	1.320000
-41400.039062	-41600.039062	38800.035156	1.325000
-41600.039062	-41600.039062	39400.039062	1.330000
-41200.039062	-41400.039062	39000.039062	1.335000
-41800.039062	-42000.039062	39400.039062	1.340000
-41200.039062	-41400.039062	38800.035156	1.345000
-41800.039062	-41800.039062	39400.039062	1.350000
-41200.039062	-41400.039062	39000.039062	1.355000
-41600.039062	-41800.039062	39200.039062	1.360000
-41400.039062	-41400.039062	39000.039062	1.365000
-41600.039062	-41800.039062	39400.039062	1.370000
-41400.039062	-41600.039062	39000.039062	1.375000
-41600.039062	-41600.039062	39200.039062	1.380000
-41400.039062	-41600.039062	39000.039062	1.385000
-41600.039062	-41600.039062	39200.039062	1.390000
-41400.039062	-41400.039062	39000.039062	1.395000
-41600.039062	-41800.039062	39200.039062	1.400000
-41400.039062	-41400.039062	39200.039062	1.405000
-41800.039062	-42000.039062	39200.039062	1.410000
-41400.039062	-41400.039062	39000.039062	1.415000
-41600.039062	-41800.039062	39200.039062	1.420000
-41400.039062	-41400.039062	39000.039062	1.425000
-41600.039062	-41800.039062	39200.039062	1.430000
-41600.039062	-41600.039062	39000.039062	1.435000
-41599.046875	-41599.046875	39399.097656	1.440000
-41400.039062	-41600.039062	38800.035156	1.445000
-41600.039062	-41600.039062	39400.039062	1.450000
-41600.039062	-41600.039062	39000.039062	1.455000
-41600.039062	-41800.039062	39200.039062	1.460000
-41400.039062	-41400.039062	39000.039062	1.465000
-41600.039062	-41800.039062	39200.039062	1.470000
-41400.039062	-41400.039062	39200.039062	1.475000
-41800.039062	-42000.039062	39200.039062	1.480000
-41200.039062	-41400.039062	39000.039062	1.485000
-41800.039062	-41800.039062	39200.039062	1.490000
-41400.039062	-41400.039062	39000.039062	1.495000
-41800.039062	-41800.039062	39200.039062	1.500000
-41400.039062	-41600.039062	39200.039062	1.505000
-41800.039062	-41600.039062	39000.039062	1.510000
-41400.039062	-41600.039062	39200.039062	1.515000
-41600.039062	-41600.039062	39200.039062	1.520000
-41600.039062	-41600.039062	39000.039062	1.525000
-41600.039062	-41600.039062	39200.039062	1.530000
-41400.039062	-41400.039062	39000.039062	1.535000
-41800.039062	-42000.039062	39200.039062	1.540000
-41400.039062	-41400.039062	39000.039062	1.545000
-41800.039062	-41800.039062	39400.039062	1.550000
-41400.039062	-41400.039062	38800.035156	1.555000
-41800.039062	-41800.039062	39400.039062	1.560000
-41399.050781	-41599.046875	38799.113281	1.565000
-41600.039062	-41600.039062	39400.039062	1.570000
-41600.039062	-41600.039062	39000.039062	1.575000
-41600.039062	-41800.039062	39200.039062	1.580000
-41400.039062	-41400.039062	39000.039062	1.585000
-41600.039062	-41800.039062	39200.039062	1.590000
-41600.039062	-41600.039062	39200.039062	1.595000
-41600.039062	-41800.039062	39200.039062	1.600000
-41400.039062	-41600.039062	39000.039062	1.605000
-41800.039062	-41800.039062	39200.039062	1.610000
-41400.039062	-41600.039062	39200.039062	1.615000
-41600.039062	-41600.039062	39200.039062	1.620000
-41600.039062	-41600.039062	39000.039062	1.625000
-41600.039062	-41800.039062	39200.039062	1.630000
-41600.039062	-41600.039062	39200.039062	1.635000
-41600.039062	-41800.039062	39200.039062	1.640000
-41600.039062	-41400.039062	39000.039062	1.645000
-41600.039062	-41800.039062	39400.039062	1.650000
-41600.039062	-41600.039062	39000.039062	1.655000
-41600.039062	-41800.039062	39200.039062	1.660000
-41400.039062	-41400.039062	39000.039062	1.665000
-41800.039062	-41800.039062	39400.039062	1.670000
-41600.039062	-41600.039062	39000.039062	1.675000
-41800.039062	-41800.039062	39400.039062	1.680000
-41400.039062	-41600.039062	38800.035156	1.685000
-41599.046875	-41599.046875	39199.101562	1.690000
-41600.039062	-41600.039062	39000.039062	1.695000
-41800.039062	-41800.039062	39400.039062	1.700000
-41400.039062	-41600.039062	39000.039062	1.705000
-41600.039062	-41800.039062	39200.039062	1.710000
-41600.039062	-41400.039062	39200.039062	1.715000
-41600.039062	-42000.039062	39200.039062	1.720000
-41600.039062	-41400.039062	39000.039062	1.725000
-41600.039062	-41800.039062	39200.039062	1.730000
-41600.039062	-41600.039062	39200.039062	1.735000
-41600.039062	-41800.039062	39200.039062	1.740000
-41400.039062	-41400.039062	39000.039062	1.745000
-41800.039062	-41800.039062	39400.039062	1.750000
-41600.039062	-41600.039062	39000.039062	1.755000
-41800.039062	-41800.039062	39200.039062	1.760000
-41400.039062	-41600.039062	39200.039062	1.765000
-41600.039062	-41600.039062	39200.039062	1.770000
-41600.039062	-41600.039062	39000.039062	1.775000
-41600.039062	-41800.039062	39400.039062	1.780000
-41600.039062	-41600.039062	39000.039062	1.785000
-41800.039062	-41800.039062	39400.039062	1.790000
-41400.039062	-41600.039062	39000.039062	1.795000
-41800.039062	-41800.039062	39400.039062	1.800000
-41400.039062	-41400.039062	38800.035156	1.805000
-41800.039062	-41800.039062	39400.039062	1.810000
-41599.046875	-41599.046875	39199.101562	1.815000
-41600.039062	-41800.039062	39200.039062	1.820000
-41600.039062	-41600.039062	39200.039062	1.825000
-41600.039062	-41800.039062	39200.039062	1.830000
-41600.039062	-41600.039062	39000.039062	1.835000
-41800.039062	-41800.039062	39200.039062	1.840000
-41400.039062	-41600.039062	39200.039062	1.845000
-41800.039062	-41800.039062	39200.039062	1.850000
-41400.039062	-41600.039062	39200.039062	1.855000
-41800.039062	-41800.039062	39200.039062	1.860000
-41600.039062	-41600.039062	39200.039062	1.865000
-41800.039062	-41800.039062	39200.039062	1.870000
-41600.039062	-41600.039062	39000.039062	1.875000
-41800.039062	-41800.039062	39400.039062	1.880000
-41400.039062	-41600.039062	39000.039062	1.885000
-41800.039062	-41800.039062	39400.039062	1.890000
-41600.039062	-41600.039062	39000.039062	1.895000
-41800.039062	-41800.039062	39400.039062	1.900000
-41600.039062	-41400.039062	39000.039062	1.905000
-41800.039062	-42000.039062	39400.039062	1.910000
-41600.039062	-41000.039062	39000.039062	1.915000
-41800.039062	-42000.039062	39400.039062	1.920000
-41600.039062	-41400.039062	39000.039062	1.925000
-41800.039062	-41800.039062	39200.039062	1.930000
-41400.039062	-41600.039062	39000.039062	1.935000
-41999.039062	-41799.042969	39399.097656	1.940000
-41400.039062	-41600.039062	39000.039062	1.945000
-41800.039062	-41800.039062	39200.039062	1.950000
-41800.039062	-41600.039062	39200.039062	1.955000
-41600.039062	-41800.039062	39200.039062	1.960000
-41600.039062	-41400.039062	39200.039062	1.965000
-42000.039062	-42000.039062	39200.039062	1.970000
-41400.039062	-41400.039062	39200.039062	1.975000
-42000.039062	-42000.039062	39200.039062	1.980000
-41400.039062	-41400.039062	39000.039062	1.985000
-42000.039062	-41800.039062	39400.039062	1.990000
-41400.039062	-41600.039062	39000.039062	1.995000
-42000.039062	-41800.039062	39400.039062	2.000000
-41599.046875	-41599.046875	38799.113281	2.005000
-41801.035156	-41601.031250	39600.980469	2.010000
-41599.046875	-41599.046875	38799.113281	2.015000
-42001.042969	-41801.035156	39400.976562	2.020000
-41599.046875	-41599.046875	38999.105469	2.025000
-42001.042969	-41801.035156	39400.976562	2.030000
-41599.046875	-41599.046875	38999.105469	2.035000
-42001.042969	-41801.035156	39400.976562	2.040000
-41599.046875	-41399.050781	38999.105469	2.045000
-41801.035156	-42001.042969	39200.972656	2.050000
-41599.046875	-41399.050781	39199.101562	2.055000
-42001.042969	-41801.035156	39200.972656	2.060000
-41799.042969	-41799.042969	39199.101562	2.065000
-42001.042969	-41601.031250	39200.972656	2.070000
-41599.046875	-41799.042969	39199.101562	2.075000
-42001.042969	-41601.031250	39200.972656	2.080000
-41599.046875	-41599.046875	38999.105469	2.085000
-41801.035156	-41801.035156	39200.972656	2.090000
-41799.042969	-41599.046875	39199.101562	2.095000
-42001.042969	-41801.035156	39000.968750	2.100000
-41599.046875	-41599.046875	38999.105469	2.105000
-42001.042969	-41801.035156	39400.976562	2.110000
-41599.046875	-41599.046875	38999.105469	2.115000
-42001.042969	-41801.035156	39400.976562	2.120000
-41799.042969	-41599.046875	38999.105469	2.125000
-41799.042969	-41799.042969	39399.097656	2.130000
-41801.035156	-41601.031250	39000.968750	2.135000
-41799.042969	-41799.042969	39399.097656	2.140000
-41801.035156	-41601.031250	39000.968750	2.145000
-41999.039062	-41799.042969	39399.097656	2.150000
-41601.031250	-41601.031250	39000.968750	2.155000
-41999.039062	-41799.042969	39199.101562	2.160000
-41601.031250	-41601.031250	39200.972656	2.165000
-41999.039062	-41799.042969	39199.101562	2.170000
-41601.031250	-41601.031250	39200.972656	2.175000
-41999.039062	-41799.042969	39199.101562	2.180000
-41601.031250	-41601.031250	39000.968750	2.185000
-41799.042969	-41799.042969	39199.101562	2.190000
-41801.035156	-41601.031250	39200.972656	2.195000
-41799.042969	-41799.042969	39199.101562	2.200000
-41801.035156	-41801.035156	39200.972656	2.205000
-41799.042969	-41599.046875	38999.105469	2.210000
-41801.035156	-41601.031250	39000.968750	2.215000
-41799.042969	-41999.039062	39399.097656	2.220000
-41801.035156	-41601.031250	39000.968750	2.225000
-41999.039062	-41799.042969	39399.097656	2.230000
-41601.031250	-41601.031250	38800.960938	2.235000
-41799.042969	-41799.042969	39399.097656	2.240000
-41801.035156	-41801.035156	39000.968750	2.245000
-41999.039062	-41799.042969	39399.097656	2.250000
-41799.042969	-41599.046875	38999.105469	2.255000
-42001.042969	-41801.035156	39400.976562	2.260000
-41599.046875	-41799.042969	38999.105469	2.265000
-42001.042969	-41801.035156	39400.976562	2.270000
-41799.042969	-41599.046875	38999.105469	2.275000
-41801.035156	-41801.035156	39200.972656	2.280000
-41799.042969	-41599.046875	39199.101562	2.285000
-42001.042969	-42001.042969	39200.972656	2.290000
-41599.046875	-41599.046875	39199.101562	2.295000
-42001.042969	-41801.035156	39200.972656	2.300000
-41599.046875	-41599.046875	39199.101562	2.305000
-42001.042969	-41801.035156	39200.972656	2.310000
-41799.042969	-41799.042969	39199.101562	2.315000
-42001.042969	-41801.035156	39200.972656	2.320000
-41599.046875	-41599.046875	39199.101562	2.325000
-42001.042969	-41801.035156	39400.976562	2.330000
-41799.042969	-41799.042969	38999.105469	2.335000
-41801.035156	-41801.035156	39400.976562	2.340000
-41799.042969	-41599.046875	38999.105469	2.345000
-41801.035156	-41801.035156	39400.976562	2.350000
-41799.042969	-41599.046875	38999.105469	2.355000
-42001.042969	-42001.042969	39400.976562	2.360000
-41799.042969	-41599.046875	38999.105469	2.365000
-42001.042969	-41801.035156	39400.976562	2.370000
-41599.046875	-41799.042969	38999.105469	2.375000
-41999.039062	-41799.042969	39399.097656	2.380000
-41801.035156	-41601.031250	39000.968750	2.385000
-41799.042969	-41799.042969	39399.097656	2.390000
-41801.035156	-41601.031250	39000.968750	2.395000
-41999.039062	-41799.042969	39399.097656	2.400000
-41801.035156	-41601.031250	39000.968750	2.405000
-41799.042969	-41999.039062	39199.101562	2.410000
-41801.035156	-41601.031250	39200.972656	2.415000
-42199.035156	-41799.042969	39199.101562	2.420000
-41601.031250	-41601.031250	39200.972656	2.425000
-41999.039062	-41799.042969	39199.101562	2.430000
-41801.035156	-41601.031250	39200.972656	2.435000
-42199.035156	-41999.039062	39399.097656	2.440000
-41801.035156	-41601.031250	39000.968750	2.445000
-41999.039062	-41799.042969	39399.097656	2.450000
-41801.035156	-41801.035156	39000.968750	2.455000
-41999.039062	-41799.042969	39399.097656	2.460000
-41801.035156	-41601.031250	39000.968750	2.465000
-41799.042969	-41799.042969	39399.097656	2.470000
-41801.035156	-41801.035156	39000.968750	2.475000
-42199.035156	-41999.039062	39399.097656	2.480000
-41601.031250	-41401.027344	39000.968750	2.485000
-42199.035156	-41999.039062	39399.097656	2.490000
-41601.031250	-41801.035156	39000.968750	2.495000
-41999.039062	-41799.042969	39399.097656	2.500000
-41799.042969	-41599.046875	38999.105469	2.505000
-42001.042969	-42001.042969	39200.972656	2.510000
-41799.042969	-41599.046875	39199.101562	2.515000
-42001.042969	-41801.035156	39200.972656	2.520000
-41599.046875	-41799.042969	39199.101562	2.525000
-42001.042969	-41801.035156	39200.972656	2.530000
-41799.042969	-41799.042969	39199.101562	2.535000
-42001.042969	-41801.035156	39200.972656	2.540000
-41799.042969	-41599.046875	39199.101562	2.545000
-42001.042969	-42001.042969	39200.972656	2.550000
-41599.046875	-41599.046875	39199.101562	2.555000
-42201.046875	-42001.042969	39400.976562	2.560000
-41599.046875	-41599.046875	38999.105469	2.565000
-42001.042969	-41801.035156	39400.976562	2.570000
-41799.042969	-41799.042969	38999.105469	2.575000
-42001.042969	-41801.035156	39400.976562	2.580000
-41799.042969	-41599.046875	38999.105469	2.585000
-42001.042969	-42001.042969	39400.976562	2.590000
-41799.042969	-41599.046875	38999.105469	2.595000
-42001.042969	-42001.042969	39400.976562	2.600000
-41599.046875	-41399.050781	38999.105469	2.605000
-42201.046875	-42201.046875	39400.976562	2.610000
-41599.046875	-41399.050781	38999.105469	2.615000
-42201.046875	-42001.042969	39400.976562	2.620000
-41599.046875	-41599.046875	38999.105469	2.625000
-41999.039062	-41799.042969	39199.101562	2.630000
-42001.042969	-41801.035156	39400.976562	2.635000
-41999.039062	-41799.042969	39199.101562	2.640000
-41601.031250	-41601.031250	39000.968750	2.645000
-42199.035156	-41999.039062	39399.097656	2.650000
-41801.035156	-41601.031250	39000.968750	2.655000
-41999.039062	-41999.039062	39399.097656	2.660000
-41801.035156	-41401.027344	39000.968750	2.665000
-41999.039062	-41999.039062	39399.097656	2.670000
-41801.035156	-41601.031250	39000.968750	2.675000
-41999.039062	-41799.042969	39399.097656	2.680000
-41801.035156	-41601.031250	39000.968750	2.685000
-41999.039062	-41999.039062	39399.097656	2.690000
-42001.042969	-41601.031250	39000.968750	2.695000
-41599.046875	-41999.039062	39599.093750	2.700000
-42000.039062	-41700.039062	39100.039062	2.710000
-41801.035156	-41601.031250	39000.968750	2.715000
-42199.035156	-41799.042969	39399.097656	2.720000
-41801.035156	-41601.031250	39000.968750	2.725000
-42199.035156	-41999.039062	39399.097656	2.730000
-41601.031250	-41401.027344	39000.968750	2.735000
-42399.031250	-41999.039062	39399.097656	2.740000
-41801.035156	-41601.031250	39200.972656	2.745000
-41999.039062	-41799.042969	38999.105469	2.750000
-41999.039062	-41799.042969	39399.097656	2.755000
-42201.046875	-41601.031250	39200.972656	2.760000
-41799.042969	-41799.042969	38999.105469	2.765000
-42201.046875	-41801.035156	39400.976562	2.770000
-41999.039062	-41599.046875	38999.105469	2.775000
-42201.046875	-41801.035156	39400.976562	2.780000
-41799.042969	-41599.046875	38999.105469	2.785000
-42201.046875	-41801.035156	39400.976562	2.790000
-41999.039062	-41599.046875	38999.105469	2.795000
-42201.046875	-42001.042969	39400.976562	2.800000
-41999.039062	-41399.050781	38999.105469	2.805000
-42001.042969	-42001.042969	39400.976562	2.810000
-41999.039062	-41599.046875	38999.105469	2.815000
-42201.046875	-41801.035156	39400.976562	2.820000
-41799.042969	-41599.046875	38999.105469	2.825000
-42201.046875	-41801.035156	39400.976562	2.830000
-41799.042969	-41599.046875	38999.105469	2.835000
-42201.046875	-42001.042969	39200.972656	2.840000
-41799.042969	-41599.046875	39199.101562	2.845000
-42201.046875	-41801.035156	39200.972656	2.850000
-41799.042969	-41599.046875	39199.101562	2.855000
-42001.042969	-41801.035156	39200.972656	2.860000
-41999.039062	-41599.046875	39199.101562	2.865000
-42001.042969	-42001.042969	39200.972656	2.870000
-41999.039062	-41599.046875	39199.101562	2.875000
-41999.039062	-41799.042969	39199.101562	2.880000
-41801.035156	-41601.031250	39200.972656	2.885000
-42199.035156	-41799.042969	39199.101562	2.890000
-42001.042969	-41801.035156	39200.972656	2.895000
-41999.039062	-41799.042969	39399.097656	2.900000
-41801.035156	-41601.031250	39000.968750	2.905000
-42199.035156	-41799.042969	39399.097656	2.910000
-41801.035156	-41601.031250	38800.960938	2.915000
-42199.035156	-41999.039062	39599.093750	2.920000
-41801.035156	-41401.027344	38800.960938	2.925000
-42199.035156	-41999.039062	39399.097656	2.930000
-41801.035156	-41601.031250	39200.972656	2.935000
-41999.039062	-41799.042969	39399.097656	2.940000
-42001.042969	-41601.031250	39000.968750	2.945000
-41999.039062	-41799.042969	39199.101562	2.950000
-41801.035156	-41801.035156	39200.972656	2.955000
-41999.039062	-41599.046875	39199.101562	2.960000
-42001.042969	-41801.035156	39200.972656	2.965000
-41999.039062	-41799.042969	39199.101562	2.970000
-41801.035156	-41601.031250	39200.972656	2.975000
-42199.035156	-41799.042969	39199.101562	2.980000
-41801.035156	-41601.031250	39200.972656	2.985000
-41999.039062	-41799.042969	39199.101562	2.990000
-41801.035156	-41601.031250	39200.972656	2.995000
-41999.039062	-41999.039062	39399.097656	3.000000
-41799.042969	-41599.046875	38999.105469	3.005000
-42001.042969	-41801.035156	39400.976562	3.010000
-41999.039062	-41599.046875	38999.105469	3.015000
-42001.042969	-41801.035156	39400.976562	3.020000
-41799.042969	-41599.046875	38999.105469	3.025000
-42001.042969	-41801.035156	39400.976562	3.030000
-41799.042969	-41599.046875	38999.105469	3.035000
-42001.042969	-41801.035156	39400.976562	3.040000
-41799.042969	-41599.046875	38999.105469	3.045000
-42001.042969	-41801.035156	39400.976562	3.050000
-41799.042969	-41599.046875	38599.117188	3.055000
-42001.042969	-41801.035156	39400.976562	3.060000
-41799.042969	-41599.046875	39199.101562	3.065000
-42001.042969	-41801.035156	39200.972656	3.070000
-41799.042969	-41599.046875	39199.101562	3.075000
-42001.042969	-41801.035156	39200.972656	3.080000
-41799.042969	-41599.046875	39199.101562	3.085000
-42201.046875	-41801.035156	39400.976562	3.090000
-41599.046875	-41599.046875	38999.105469	3.095000
-42001.042969	-41801.035156	39400.976562	3.100000
-41799.042969	-41599.046875	39199.101562	3.105000
-42001.042969	-42001.042969	39200.972656	3.110000
-41799.042969	-41399.050781	39199.101562	3.115000
-42001.042969	-42001.042969	39400.976562	3.120000
-41799.042969	-41399.050781	38999.105469	3.125000
-41999.039062	-41799.042969	39399.097656	3.130000
-41801.035156	-41801.035156	39000.968750	3.135000
-41999.039062	-41599.046875	39399.097656	3.140000
-41801.035156	-41801.035156	39000.968750	3.145000
-41999.039062	-41799.042969	39599.093750	3.150000
-41801.035156	-41601.031250	39000.968750	3.155000
-41999.039062	-41799.042969	39399.097656	3.160000
-41601.031250	-41401.027344	39000.968750	3.165000
-42199.035156	-41999.039062	39399.097656	3.170000
-41801.035156	-41601.031250	39200.972656	3.175000
-41799.042969	-41799.042969	39199.101562	3.180000
-41801.035156	-41601.031250	39200.972656	3.185000
-41999.039062	-41799.042969	39199.101562	3.190000
-41801.035156	-41601.031250	39200.972656	3.195000
-41799.042969	-41799.042969	39199.101562	3.200000
-41801.035156	-41601.031250	39000.968750	3.205000
-41999.039062	-41799.042969	39199.101562	3.210000
-41601.031250	-41601.031250	39200.972656	3.215000
-41999.039062	-41799.042969	39399.097656	3.220000
-41801.035156	-41601.031250	39200.972656	3.225000
-41999.039062	-41799.042969	39199.101562	3.230000
-41801.035156	-41601.031250	39200.972656	3.235000
-41999.039062	-41999.039062	39399.097656	3.240000
-41801.035156	-41401.027344	39000.968750	3.245000
-41999.039062	-41799.042969	39399.097656	3.250000
-41799.042969	-41799.042969	39199.101562	3.255000
-42001.042969	-41801.035156	39400.976562	3.260000
-41799.042969	-41599.046875	38999.105469	3.265000
-42001.042969	-41801.035156	39400.976562	3.270000
-41799.042969	-41799.042969	39199.101562	3.275000
-42201.046875	-41801.035156	39200.972656	3.280000
-41599.046875	-41599.046875	39199.101562	3.285000
-42201.046875	-41801.035156	39400.976562	3.290000
-41799.042969	-41599.046875	39199.101562	3.295000
-42001.042969	-41801.035156	39200.972656	3.300000
-41999.039062	-41599.046875	39199.101562	3.305000
-42001.042969	-42001.042969	39200.972656	3.310000
-41799.042969	-41599.046875	39199.101562	3.315000
-42201.046875	-41801.035156	39400.976562	3.320000
-41599.046875	-41599.046875	39199.101562	3.325000
-42201.046875	-41801.035156	39200.972656	3.330000
-41799.042969	-41599.046875	39199.101562	3.335000
-42001.042969	-41801.035156	39400.976562	3.340000
-41399.050781	-41599.046875	38999.105469	3.345000
-42001.042969	-42001.042969	39400.976562	3.350000
-41799.042969	-41399.050781	38999.105469	3.355000
-42201.046875	-41801.035156	39600.980469	3.360000
-41799.042969	-41599.046875	38999.105469	3.365000
-42001.042969	-41801.035156	39400.976562	3.370000
-41999.039062	-41599.046875	38999.105469	3.375000
-41999.039062	-41799.042969	39399.097656	3.380000
-41801.035156	-41601.031250	39200.972656	3.385000
-42199.035156	-41799.042969	39399.097656	3.390000
-41801.035156	-41801.035156	39000.968750	3.395000
-42199.035156	-41799.042969	39399.097656	3.400000
-41801.035156	-41401.027344	39200.972656	3.405000
-41999.039062	-41799.042969	39199.101562	3.410000
-41801.035156	-41601.031250	39200.972656	3.415000
-41799.042969	-41799.042969	39199.101562	3.420000
-41401.027344	-41601.031250	39200.972656	3.425000
-41999.039062	-41799.042969	39399.097656	3.430000
-42001.042969	-41601.031250	39200.972656	3.435000
-41999.039062	-41799.042969	39199.101562	3.440000
-41801.035156	-41401.027344	39200.972656	3.445000
-42199.035156	-41799.042969	39399.097656	3.450000
-41801.035156	-41601.031250	39000.968750	3.455000
-42199.035156	-41799.042969	39399.097656	3.460000
-41801.035156	-41601.031250	39000.968750	3.465000
-42199.035156	-41799.042969	39399.097656	3.470000
-42001.042969	-41601.031250	39000.968750	3.475000
-41999.039062	-41799.042969	39599.093750	3.480000
-42001.042969	-41601.031250	39000.968750	3.485000
-41999.039062	-41799.042969	39399.097656	3.490000
-42001.042969	-41601.031250	39000.968750	3.495000
-41999.039062	-41799.042969	39399.097656	3.500000
-41799.042969	-41599.046875	39199.101562	3.505000
-42201.046875	-41801.035156	39200.972656	3.510000
-41799.042969	-41599.046875	39199.101562	3.515000
-42201.046875	-41801.035156	39200.972656	3.520000
-41799.042969	-41599.046875	39199.101562	3.525000
-42001.042969	-41801.035156	39200.972656	3.530000
-41999.039062	-41599.046875	39399.097656	3.535000
-42001.042969	-41801.035156	39200.972656	3.540000
-41999.039062	-41599.046875	39199.101562	3.545000
-42201.046875	-41801.035156	39200.972656	3.550000
-41799.042969	-41599.046875	39199.101562	3.555000
-42201.046875	-41801.035156	39200.972656	3.560000
-41999.039062	-41599.046875	39199.101562	3.565000
-42201.046875	-41801.035156	39400.976562	3.570000
-41799.042969	-41599.046875	38999.105469	3.575000
-42201.046875	-41801.035156	39400.976562	3.580000
-41999.039062	-41599.046875	38999.105469	3.585000
-42201.046875	-41801.035156	39400.976562	3.590000
-41799.042969	-41599.046875	38999.105469	3.595000
-42201.046875	-41801.035156	39400.976562	3.600000
-41999.039062	-41599.046875	39199.101562	3.605000
-42201.046875	-42001.042969	39200.972656	3.610000
-41799.042969	-41399.050781	39199.101562	3.615000
-42201.046875	-42001.042969	39200.972656	3.620000
-41799.042969	-41599.046875	39199.101562	3.625000
-42199.035156	-41799.042969	39399.097656	3.630000
-41801.035156	-41601.031250	39200.972656	3.635000
-42199.035156	-41799.042969	39199.101562	3.640000
-42001.042969	-41801.035156	39200.972656	3.645000
-41999.039062	-41599.046875	39199.101562	3.650000
-42001.042969	-41801.035156	39200.972656	3.655000
-41999.039062	-41799.042969	39399.097656	3.660000
-41801.035156	-41401.027344	39000.968750	3.665000
-41999.039062	-41999.039062	39399.097656	3.670000
-42001.042969	-41401.027344	39200.972656	3.675000
-41999.039062	-41999.039062	39399.097656	3.680000
-41801.035156	-41401.027344	39000.968750	3.685000
-42199.035156	-41999.039062	39399.097656	3.690000
-41801.035156	-41401.027344	39000.968750	3.695000
-41999.039062	-41799.042969	39399.097656	3.700000
-41801.035156	-41601.031250	39000.968750	3.705000
-42199.035156	-41799.042969	39399.097656	3.710000
-41801.035156	-41601.031250	39000.968750	3.715000
-41999.039062	-41799.042969	39399.097656	3.720000
-41801.035156	-41601.031250	39200.972656	3.725000
-41999.039062	-41799.042969	39199.101562	3.730000
-41801.035156	-41401.027344	39200.972656	3.735000
-41999.039062	-41999.039062	39199.101562	3.740000
-41801.035156	-41401.027344	39200.972656	3.745000
-42199.035156	-41999.039062	39399.097656	3.750000
-41799.042969	-41599.046875	39199.101562	3.755000
-42001.042969	-41801.035156	39200.972656	3.760000
-41799.042969	-41599.046875	39199.101562	3.765000
-42001.042969	-41601.031250	39200.972656	3.770000
-41799.042969	-41599.046875	39199.101562	3.775000
-42001.042969	-41801.035156	39400.976562	3.780000
-41799.042969	-41599.046875	38999.105469	3.785000
-42001.042969	-41801.035156	39400.976562	3.790000
-41999.039062	-41599.046875	39199.101562	3.795000
-41801.035156	-41801.035156	39400.976562	3.800000
-41799.042969	-41599.046875	38999.105469	3.805000
-42201.046875	-41801.035156	39600.980469	3.810000
-41799.042969	-41599.046875	38999.105469	3.815000
-42001.042969	-41801.035156	39400.976562	3.820000
-41799.042969	-41599.046875	38999.105469	3.825000
-42201.046875	-41601.031250	39400.976562	3.830000
-41799.042969	-41799.042969	39199.101562	3.835000
-42001.042969	-41601.031250	39400.976562	3.840000
-41799.042969	-41599.046875	39199.101562	3.845000
-42001.042969	-41801.035156	39200.972656	3.850000
-41799.042969	-41599.046875	39199.101562	3.855000
-42001.042969	-41801.035156	39400.976562	3.860000
-41999.039062	-41599.046875	39199.101562	3.865000
-42001.042969	-41801.035156	39200.972656	3.870000
-41799.042969	-41599.046875	39199.101562	3.875000
-41999.039062	-41799.042969	39199.101562	3.880000
-41801.035156	-41601.031250	39400.976562	3.885000
-41999.039062	-41799.042969	39199.101562	3.890000
-41801.035156	-41801.035156	39200.972656	3.895000
-41999.039062	-41599.046875	39399.097656	3.900000
-41801.035156	-41601.031250	39000.968750	3.905000
-41799.042969	-41999.039062	39599.093750	3.910000
-41801.035156	-41601.031250	39000.968750	3.915000
-41999.039062	-41799.042969	39599.093750	3.920000
-41601.031250	-41401.027344	38800.960938	3.925000
-42199.035156	-42199.035156	39599.093750	3.930000
-41801.035156	-41401.027344	39200.972656	3.935000
-41999.039062	-41999.039062	39399.097656	3.940000
-41801.035156	-41601.031250	39200.972656	3.945000
-41999.039062	-41799.042969	39399.097656	3.950000
-41801.035156	-41601.031250	39200.972656	3.955000
-41999.039062	-41799.042969	39199.101562	3.960000
-41401.027344	-41601.031250	39200.972656	3.965000
-41999.039062	-41799.042969	39399.097656	3.970000
-41801.035156	-41601.031250	39200.972656	3.975000
-41999.039062	-41799.042969	39399.097656	3.980000
-41801.035156	-41601.031250	39200.972656	3.985000
-42199.035156	-41799.042969	39199.101562	3.990000
-41801.035156	-41601.031250	39400.976562	3.995000
-41999.039062	-41799.042969	39199.101562	4.000000
-41799.042969	-41599.046875	39199.101562	4.005000
-41999.039062	-41799.042969	39399.097656	4.010000
-41803.031250	-41603.015625	39202.839844	4.015000
-41999.039062	-41599.046875	39399.097656	4.020000
-41799.042969	-41599.046875	38999.105469	4.025000
-42199.035156	-41799.042969	39599.093750	4.030000
-41803.031250	-41603.015625	39002.828125	4.035000
-41999.039062	-41799.042969	39399.097656	4.040000
-41799.042969	-41599.046875	39199.101562	4.045000
-42199.035156	-41799.042969	39399.097656	4.050000
-41803.031250	-41403.000000	39202.839844	4.055000
-42199.035156	-41999.039062	39399.097656	4.060000
-41599.046875	-41199.058594	38999.105469	4.065000
-42399.031250	-41999.039062	39399.097656	4.070000
-41803.031250	-41403.000000	39202.839844	4.075000
-41999.039062	-41799.042969	39399.097656	4.080000
-41999.039062	-41599.046875	39199.101562	4.085000
-41999.039062	-41599.046875	39199.101562	4.090000
-42003.042969	-41603.015625	39202.839844	4.095000
-41999.039062	-41599.046875	39199.101562	4.100000
-41999.039062	-41599.046875	39199.101562	4.105000
-42199.035156	-41799.042969	39399.097656	4.110000
-42003.042969	-41603.015625	39202.839844	4.115000
-42199.035156	-41799.042969	39399.097656	4.120000
-41799.042969	-41399.050781	38999.105469	4.125000
-42199.035156	-41799.042969	39399.097656	4.130000
-41999.039062	-41599.046875	39199.101562	4.135000
-42003.042969	-41603.015625	39402.855469	4.140000
-41999.039062	-41599.046875	38999.105469	4.145000
-42199.035156	-41799.042969	39599.093750	4.150000
-41999.039062	-41599.046875	38999.105469	4.155000
-42203.058594	-41803.031250	39402.855469	4.160000
-41999.039062	-41599.046875	39199.101562	4.165000
-42199.035156	-41799.042969	39199.101562	4.170000
-41999.039062	-41399.050781	39199.101562	4.175000
-42203.058594	-42003.042969	39402.855469	4.180000
-41599.046875	-41399.050781	39199.101562	4.185000
-42399.031250	-41799.042969	39399.097656	4.190000
-41999.039062	-41599.046875	39199.101562	4.195000
-42203.058594	-41803.031250	39202.839844	4.200000
-41999.039062	-41599.046875	39199.101562	4.205000
-42199.035156	-41599.046875	39399.097656	4.210000
-42199.035156	-41599.046875	39199.101562	4.215000
-42203.058594	-41803.031250	39202.839844	4.220000
-41999.039062	-41599.046875	39199.101562	4.225000
-42199.035156	-41799.042969	39399.097656	4.230000
-41999.039062	-41599.046875	39199.101562	4.235000
-42403.074219	-41803.031250	39402.855469	4.240000
-41799.042969	-41399.050781	38999.105469	4.245000
-42199.035156	-41799.042969	39399.097656	4.250000
-41999.039062	-41599.046875	38999.105469	4.255000
-42199.035156	-41799.042969	39599.093750	4.260000
-42003.042969	-41603.015625	39002.828125	4.265000
-42199.035156	-41799.042969	39399.097656	4.270000
-41999.039062	-41599.046875	39199.101562	4.275000
-42199.035156	-41799.042969	39399.097656	4.280000
-42003.042969	-41603.015625	38602.796875	4.285000
-42199.035156	-41799.042969	39399.097656	4.290000
-41999.039062	-41399.050781	39199.101562	4.295000
-42199.035156	-41799.042969	39199.101562	4.300000
-42003.042969	-41403.000000	39202.839844	4.305000
-42199.035156	-41999.039062	39399.097656	4.310000
-41999.039062	-41399.050781	39199.101562	4.315000
-42199.035156	-41799.042969	39199.101562	4.320000
-42203.058594	-41603.015625	39202.839844	4.325000
-42199.035156	-41799.042969	39399.097656	4.330000
-41999.039062	-41399.050781	39199.101562	4.335000
-42199.035156	-41799.042969	39399.097656	4.340000
-42003.042969	-41603.015625	39002.828125	4.345000
-42199.035156	-41599.046875	39399.097656	4.350000
-41999.039062	-41599.046875	38999.105469	4.355000
-42199.035156	-41799.042969	39599.093750	4.360000
-42003.042969	-41403.000000	39002.828125	4.365000
-42199.035156	-41799.042969	39399.097656	4.370000
-41999.039062	-41399.050781	39199.101562	4.375000
-42199.035156	-41799.042969	39399.097656	4.380000
-41999.039062	-41599.046875	38999.105469	4.385000
-42203.058594	-41803.031250	39402.855469	4.390000
-41999.039062	-41399.050781	38999.105469	4.395000
-42199.035156	-41799.042969	39399.097656	4.400000
-41999.039062	-41399.050781	39199.101562	4.405000
-42203.058594	-41803.031250	39202.839844	4.410000
-41999.039062	-41599.046875	39399.097656	4.415000
-42399.031250	-41599.046875	39199.101562	4.420000
-41799.042969	-41399.050781	39199.101562	4.425000
-42403.074219	-42003.042969	39202.839844	4.430000
-41999.039062	-41399.050781	39199.101562	4.435000
-42399.031250	-41799.042969	39399.097656	4.440000
-41999.039062	-41399.050781	39199.101562	4.445000
-42403.074219	-41803.031250	39402.855469	4.450000
-41999.039062	-41399.050781	38999.105469	4.455000
-42399.031250	-41799.042969	39399.097656	4.460000
-41999.039062	-41599.046875	39199.101562	4.465000
-42403.074219	-41603.015625	39402.855469	4.470000
-41799.042969	-41399.050781	38999.105469	4.475000
-42399.031250	-41799.042969	39599.093750	4.480000
-41999.039062	-41599.046875	38999.105469	4.485000
-42203.058594	-41603.015625	39602.871094	4.490000
-41999.039062	-41599.046875	38999.105469	4.495000
-42199.035156	-41799.042969	39399.097656	4.500000
-41999.039062	-41399.050781	39199.101562	4.505000
-42199.035156	-41799.042969	39399.097656	4.510000
-42003.042969	-41603.015625	39202.839844	4.515000
-42199.035156	-41599.046875	39399.097656	4.520000
-41399.050781	-41599.046875	39199.101562	4.525000
-42199.035156	-41799.042969	39199.101562	4.530000
-41803.031250	-41403.000000	39402.855469	4.535000
-42399.031250	-41799.042969	39399.097656	4.540000
-41799.042969	-41599.046875	38999.105469	4.545000
-41999.039062	-41599.046875	39399.097656	4.550000
-42003.042969	-41603.015625	39202.839844	4.555000
-41999.039062	-41799.042969	39399.097656	4.560000
-41999.039062	-41399.050781	39199.101562	4.565000
-42199.035156	-41799.042969	39399.097656	4.570000
-41803.031250	-41403.000000	39202.839844	4.575000
-42199.035156	-41799.042969	39399.097656	4.580000
-41799.042969	-41399.050781	38999.105469	4.585000
-42199.035156	-41799.042969	39599.093750	4.590000
-42003.042969	-41603.015625	39002.828125	4.595000
-42199.035156	-41599.046875	39599.093750	4.600000
-41799.042969	-41599.046875	38999.105469	4.605000
-42199.035156	-41599.046875	39399.097656	4.610000
-42003.042969	-41603.015625	39402.855469	4.615000
-42199.035156	-41799.042969	39199.101562	4.620000
-41999.039062	-41399.050781	39199.101562	4.625000
-42199.035156	-41799.042969	39399.097656	4.630000
-41999.039062	-41599.046875	39399.097656	4.635000
-42203.058594	-41603.015625	39202.839844	4.640000
-41999.039062	-41599.046875	39199.101562	4.645000
-42399.031250	-41799.042969	39399.097656	4.650000
-41799.042969	-41399.050781	39199.101562	4.655000
-42403.074219	-41803.031250	39402.855469	4.660000
-41999.039062	-41399.050781	38999.105469	4.665000
-42399.031250	-41799.042969	39599.093750	4.670000
-41999.039062	-41599.046875	38999.105469	4.675000
-42403.074219	-41803.031250	39602.871094	4.680000
-41999.039062	-41399.050781	38999.105469	4.685000
-42399.031250	-41799.042969	39599.093750	4.690000
-41999.039062	-41399.050781	38599.117188	4.695000
-42203.058594	-41803.031250	39602.871094	4.700000
-41999.039062	-41399.050781	38999.105469	4.705000
-42399.031250	-41799.042969	39399.097656	4.710000
-41999.039062	-41399.050781	39199.101562	4.715000
-42203.058594	-41603.015625	39402.855469	4.720000
-41999.039062	-41599.046875	39199.101562	4.725000
-42399.031250	-41599.046875	39399.097656	4.730000
-41999.039062	-41599.046875	39199.101562	4.735000
-42403.074219	-41803.031250	39402.855469	4.740000
-41999.039062	-41399.050781	39199.101562	4.745000
-42399.031250	-41799.042969	39399.097656	4.750000
-41999.039062	-41199.058594	39199.101562	4.755000
-42199.035156	-41999.039062	39399.097656	4.760000
-42003.042969	-41403.000000	39202.839844	4.765000
-42399.031250	-41599.046875	39199.101562	4.770000
-41999.039062	-41399.050781	39199.101562	4.775000
-42199.035156	-41599.046875	39399.097656	4.780000
-42003.042969	-41603.015625	39202.839844	4.785000
-42199.035156	-41599.046875	39399.097656	4.790000
-41999.039062	-41599.046875	39199.101562	4.795000
-42199.035156	-41599.046875	39399.097656	4.800000
-42203.058594	-41603.015625	39002.828125	4.805000
-42199.035156	-41599.046875	39599.093750	4.810000
-41799.042969	-41399.050781	38999.105469	4.815000
-42399.031250	-41799.042969	39399.097656	4.820000
-41803.031250	-41403.000000	39202.839844	4.825000
-42399.031250	-41799.042969	39399.097656	4.830000
-41799.042969	-41399.050781	39199.101562	4.835000
-42199.035156	-41799.042969	39399.097656	4.840000
-42003.042969	-41403.000000	39202.839844	4.845000
-42199.035156	-41599.046875	39199.101562	4.850000
-41999.039062	-41599.046875	39399.097656	4.855000
-42199.035156	-41599.046875	39199.101562	4.860000
-42003.042969	-41603.015625	39402.855469	4.865000
-41999.039062	-41599.046875	39199.101562	4.870000
-41999.039062	-41599.046875	39199.101562	4.875000
-42199.035156	-41599.046875	39399.097656	4.880000
-41799.042969	-41399.050781	39199.101562	4.885000
-42203.058594	-41803.031250	39402.855469	4.890000
-41799.042969	-41399.050781	39199.101562	4.895000
-42199.035156	-41799.042969	39399.097656	4.900000
-41999.039062	-41599.046875	38999.105469	4.905000
-42003.042969	-41603.015625	39602.871094	4.910000
-41999.039062	-41599.046875	38999.105469	4.915000
-41999.039062	-41599.046875	39599.093750	4.920000
-41999.039062	-41599.046875	38999.105469	4.925000
-42003.042969	-41603.015625	39402.855469	4.930000
-41799.042969	-41599.046875	39199.101562	4.935000
-42199.035156	-41799.042969	39399.097656	4.940000
-41799.042969	-41399.050781	39199.101562	4.945000
-42203.058594	-41803.031250	39202.839844	4.950000
-41799.042969	-41399.050781	39199.101562	4.955000
-42199.035156	-41799.042969	39399.097656	4.960000
-41799.042969	-41599.046875	39199.101562	4.965000
-42003.042969	-41603.015625	39202.839844	4.970000
-41999.039062	-41599.046875	39399.097656	4.975000
-41999.039062	-41599.046875	39199.101562	4.980000
-41999.039062	-41599.046875	39199.101562	4.985000
-42003.042969	-41803.031250	39402.855469	4.990000
-41799.042969	-41599.046875	39199.101562	4.995000
-42199.035156	-41599.046875	39399.097656	5.000000
-41799.042969	-41599.046875	38999.105469	5.005000
-41999.039062	-41799.042969	39599.093750	5.010000
-41803.031250	-41403.000000	39002.828125	5.015000
-42199.035156	-41799.042969	39399.097656	5.020000
-41799.042969	-41399.050781	39199.101562	5.025000
-42199.035156	-41799.042969	39399.097656	5.030000
-41803.031250	-41603.015625	39202.839844	5.035000
-41999.039062	-41599.046875	39399.097656	5.040000
-41999.039062	-41599.046875	38999.105469	5.045000
-41999.039062	-41599.046875	39399.097656	5.050000
-42003.042969	-41603.015625	39202.839844	5.055000
-41999.039062	-41599.046875	39399.097656	5.060000
-41999.039062	-41599.046875	39199.101562	5.065000
-42199.035156	-41599.046875	39199.101562	5.070000
-42003.042969	-41603.015625	39402.855469	5.075000
-42199.035156	-41799.042969	39199.101562	5.080000
-41999.039062	-41399.050781	39199.101562	5.085000
-42199.035156	-41799.042969	39399.097656	5.090000
-42003.042969	-41403.000000	39202.839844	5.095000
-42199.035156	-41599.046875	38999.105469	5.100000
-42199.035156	-41599.046875	39199.101562	5.105000
-42199.035156	-41599.046875	39399.097656	5.110000
-42003.042969	-41603.015625	39202.839844	5.115000
-42199.035156	-41599.046875	39399.097656	5.120000
-41999.039062	-41599.046875	38999.105469	5.125000
-42399.031250	-41799.042969	39599.093750	5.130000
-41999.039062	-41399.050781	38999.105469	5.135000
-42403.074219	-41803.031250	39602.871094	5.140000
-41999.039062	-41399.050781	38999.105469	5.145000
-42199.035156	-41799.042969	39399.097656	5.150000
-41999.039062	-41599.046875	39199.101562	5.155000
-42203.058594	-41603.015625	39402.855469	5.160000
-41999.039062	-41599.046875	39199.101562	5.165000
-42199.035156	-41599.046875	39199.101562	5.170000
-41999.039062	-41599.046875	39399.097656	5.175000
-41803.031250	-41603.015625	39202.839844	5.180000
-41799.042969	-41599.046875	39199.101562	5.185000
-42399.031250	-41799.042969	39399.097656	5.190000
-41799.042969	-41399.050781	39199.101562	5.195000
-42203.058594	-41803.031250	39402.855469	5.200000
-41999.039062	-41399.050781	39199.101562	5.205000
-42199.035156	-41799.042969	39399.097656	5.210000
-41999.039062	-41399.050781	39199.101562	5.215000
-42003.042969	-41803.031250	39402.855469	5.220000
-41999.039062	-41399.050781	38999.105469	5.225000
-42199.035156	-41799.042969	39599.093750	5.230000
-41799.042969	-41399.050781	38999.105469	5.235000
-42203.058594	-41603.015625	39402.855469	5.240000
-41999.039062	-41199.058594	38799.113281	5.245000
-42199.035156	-41599.046875	39399.097656	5.250000
-41999.039062	-41599.046875	38999.105469	5.255000
-42199.035156	-41799.042969	39599.093750	5.260000
-41803.031250	-41403.000000	39002.828125	5.265000
-42199.035156	-41799.042969	39599.093750	5.270000
-41999.039062	-41399.050781	39199.101562	5.275000
-42199.035156	-41799.042969	39199.101562	5.280000
-41803.031250	-41403.000000	39402.855469	5.285000
-42199.035156	-41799.042969	39199.101562	5.290000
-41999.039062	-41399.050781	39399.097656	5.295000
-42199.035156	-41799.042969	39199.101562	5.300000
-42001.042969	-41501.027344	39300.972656	5.310000
-41999.039062	-41599.046875	39199.101562	5.315000
-42199.035156	-41799.042969	39399.097656	5.320000
-42003.042969	-41403.000000	39202.839844	5.325000
-42199.035156	-41799.042969	39399.097656	5.330000
-41999.039062	-41399.050781	39199.101562	5.335000
-41999.039062	-41799.042969	39199.101562	5.340000
-42003.042969	-41403.000000	39002.828125	5.345000
-42199.035156	-41799.042969	39599.093750	5.350000
-41799.042969	-41399.050781	38999.105469	5.355000
-42399.031250	-41599.046875	39599.093750	5.360000
-41803.031250	-41603.015625	39002.828125	5.365000
-41799.042969	-41599.046875	39399.097656	5.370000
-41799.042969	-41399.050781	39199.101562	5.375000
-42399.031250	-41799.042969	39399.097656	5.380000
-41799.042969	-41399.050781	39199.101562	5.385000
-42203.058594	-41803.031250	39402.855469	5.390000
-41999.039062	-41399.050781	39399.097656	5.395000
-42199.035156	-41799.042969	39199.101562	5.400000
-41999.039062	-41399.050781	39399.097656	5.405000
-42203.058594	-41803.031250	39202.839844	5.410000
-41799.042969	-41399.050781	39399.097656	5.415000
-42199.035156	-41799.042969	39199.101562	5.420000
-41799.042969	-41399.050781	39199.101562	5.425000
-42403.074219	-41803.031250	39602.871094	5.430000
-41799.042969	-41599.046875	39199.101562	5.435000
-42199.035156	-41599.046875	39399.097656	5.440000
-41999.039062	-41599.046875	38999.105469	5.445000
-42003.042969	-41603.015625	39602.871094	5.450000
-41999.039062	-41399.050781	38999.105469	5.455000
-42199.035156	-41799.042969	39599.093750	5.460000
-41999.039062	-41399.050781	38999.105469	5.465000
-42203.058594	-41803.031250	39602.871094	5.470000
-41799.042969	-41399.050781	38999.105469	5.475000
-42399.031250	-41799.042969	39399.097656	5.480000
-41799.042969	-41399.050781	39199.101562	5.485000
-42203.058594	-41603.015625	39402.855469	5.490000
-41999.039062	-41599.046875	39199.101562	5.495000
-42199.035156	-41599.046875	39199.101562	5.500000
-41999.039062	-41599.046875	39399.097656	5.505000
-42199.035156	-41599.046875	39199.101562	5.510000
-42003.042969	-41403.000000	39402.855469	5.515000
-42199.035156	-41799.042969	39199.101562	5.520000
-41999.039062	-41399.050781	39399.097656	5.525000
-42199.035156	-41799.042969	39199.101562	5.530000
-41803.031250	-41403.000000	39202.839844	5.535000
-42399.031250	-41799.042969	39399.097656	5.540000
-41799.042969	-41399.050781	39199.101562	5.545000
-42399.031250	-41599.046875	39399.097656	5.550000
-42003.042969	-41603.015625	39202.839844	5.555000
-42199.035156	-41599.046875	39399.097656	5.560000
-41999.039062	-41599.046875	38999.105469	5.565000
-42199.035156	-41799.042969	39599.093750	5.570000
-42003.042969	-41403.000000	39002.828125	5.575000
-42199.035156	-41799.042969	39599.093750	5.580000
-41999.039062	-41399.050781	38999.105469	5.585000
-42199.035156	-41799.042969	39399.097656	5.590000
-42003.042969	-41403.000000	39202.839844	5.595000
-42199.035156	-41799.042969	39399.097656	5.600000
-41999.039062	-41399.050781	39199.101562	5.605000
-42399.031250	-41799.042969	39399.097656	5.610000
-42003.042969	-41603.015625	39202.839844	5.615000
-42199.035156	-41599.046875	39399.097656	5.620000
-41999.039062	-41599.046875	39199.101562	5.625000
-42199.035156	-41599.046875	39199.101562	5.630000
-41999.039062	-41599.046875	39399.097656	5.635000
-42203.058594	-41803.031250	39202.839844	5.640000
-41999.039062	-41399.050781	39399.097656	5.645000
-42199.035156	-41799.042969	39199.101562	5.650000
-41799.042969	-41399.050781	38999.105469	5.655000
-42403.074219	-41803.031250	39402.855469	5.660000
-41799.042969	-41599.046875	39199.101562	5.665000
-42399.031250	-41799.042969	39399.097656	5.670000
-41799.042969	-41399.050781	38999.105469	5.675000
-42203.058594	-41803.031250	39602.871094	5.680000
-41999.039062	-41599.046875	38999.105469	5.685000
-42199.035156	-41599.046875	39599.093750	5.690000
-41999.039062	-41599.046875	38999.105469	5.695000
-42203.058594	-41803.031250	39402.855469	5.700000
-41999.039062	-41399.050781	39199.101562	5.705000
-42199.035156	-41799.042969	39399.097656	5.710000
-41999.039062	-41399.050781	39199.101562	5.715000
-42203.058594	-41803.031250	39202.839844	5.720000
-41999.039062	-41599.046875	39399.097656	5.725000
-42199.035156	-41799.042969	39199.101562	5.730000
-41999.039062	-41399.050781	39199.101562	5.735000
-42203.058594	-41803.031250	39402.855469	5.740000
-41999.039062	-41399.050781	39199.101562	5.745000
-42199.035156	-41799.042969	39199.101562	5.750000
-41999.039062	-41599.046875	39399.097656	5.755000
-42199.035156	-41599.046875	39199.101562	5.760000
-42003.042969	-41603.015625	39202.839844	5.765000
-42199.035156	-41599.046875	39399.097656	5.770000
-41999.039062	-41599.046875	39199.101562	5.775000
-42399.031250	-41799.042969	39399.097656	5.780000
-42003.042969	-41403.000000	39002.828125	5.785000
-42199.035156	-41799.042969	39599.093750	5.790000
-41999.039062	-41399.050781	38999.105469	5.795000
-42199.035156	-41799.042969	39599.093750	5.800000
-42203.058594	-41603.015625	39002.828125	5.805000
-42199.035156	-41599.046875	39399.097656	5.810000
-41999.039062	-41599.046875	39199.101562	5.815000
-42199.035156	-41799.042969	39399.097656	5.820000
-42003.042969	-41403.000000	39202.839844	5.825000
-42399.031250	-41799.042969	39399.097656	5.830000
-41799.042969	-41399.050781	39199.101562	5.835000
-42399.031250	-41799.042969	39199.101562	5.840000
-42003.042969	-41603.015625	39402.855469	5.845000
-42199.035156	-41799.042969	39199.101562	5.850000
-42199.035156	-41399.050781	39399.097656	5.855000
-42199.035156	-41799.042969	39199.101562	5.860000
-42003.042969	-41403.000000	39202.839844	5.865000
-42199.035156	-41799.042969	39399.097656	5.870000
-41999.039062	-41599.046875	39199.101562	5.875000
-42199.035156	-41599.046875	39399.097656	5.880000
-41999.039062	-41599.046875	38999.105469	5.885000
-42403.074219	-41803.031250	39602.871094	5.890000
-41999.039062	-41599.046875	39199.101562	5.895000
-42199.035156	-41799.042969	39399.097656	5.900000
-41799.042969	-41399.050781	38999.105469	5.905000
-42203.058594	-42003.042969	39602.871094	5.910000
-41799.042969	-41199.058594	38999.105469	5.915000
-42199.035156	-41999.039062	39599.093750	5.920000
-41999.039062	-41399.050781	38999.105469	5.925000
-42203.058594	-41803.031250	39402.855469	5.930000
-41799.042969	-41599.046875	39399.097656	5.935000
-42199.035156	-41799.042969	39199.101562	5.940000
-41999.039062	-41599.046875	39399.097656	5.945000
-42203.058594	-41603.015625	39202.839844	5.950000
-41999.039062	-41599.046875	39399.097656	5.955000
-42199.035156	-41799.042969	39199.101562	5.960000
-41799.042969	-41399.050781	39399.097656	5.965000
-42203.058594	-41803.031250	39202.839844	5.970000
-41999.039062	-41599.046875	39399.097656	5.975000
-41799.042969	-41799.042969	39399.097656	5.980000
-41999.039062	-41399.050781	39199.101562	5.985000
-42203.058594	-41803.031250	39402.855469	5.990000
-41999.039062	-41399.050781	39199.101562	5.995000
-41799.042969	-41799.042969	39399.097656	6.000000
-41999.039062	-41399.050781	38999.105469	6.005000
-42199.035156	-41799.042969	39599.093750	6.010000
-42003.042969	-41603.015625	39202.839844	6.015000
-42399.031250	-41599.046875	39399.097656	6.020000
-41799.042969	-41599.046875	39199.101562	6.025000
-42399.031250	-41799.042969	39399.097656	6.030000
-42003.042969	-41403.000000	39202.839844	6.035000
-42199.035156	-41399.050781	39399.097656	6.040000
-42199.035156	-41399.050781	39199.101562	6.045000
-42199.035156	-41799.042969	39399.097656	6.050000
-42003.042969	-41403.000000	39202.839844	6.055000
-42399.031250	-41799.042969	39399.097656	6.060000
-41999.039062	-41599.046875	39199.101562	6.065000
-42399.031250	-41799.042969	39399.097656	6.070000
-42003.042969	-41403.000000	39202.839844	6.075000
-42399.031250	-41799.042969	39399.097656	6.080000
-41799.042969	-41599.046875	39199.101562	6.085000
-42399.031250	-41599.046875	39399.097656	6.090000
-42003.042969	-41603.015625	39402.855469	6.095000
-42199.035156	-41799.042969	39399.097656	6.100000
-41999.039062	-41599.046875	39199.101562	6.105000
-42199.035156	-41799.042969	39399.097656	6.110000
-42003.042969	-41403.000000	39202.839844	6.115000
-42199.035156	-41999.039062	39599.093750	6.120000
-41999.039062	-41399.050781	38999.105469	6.125000
-42199.035156	-41799.042969	39599.093750	6.130000
-41999.039062	-41599.046875	38999.105469	6.135000
-42203.058594	-41603.015625	39402.855469	6.140000
-41999.039062	-41599.046875	39199.101562	6.145000
-42199.035156	-41799.042969	39399.097656	6.150000
-41999.039062	-41399.050781	39199.101562	6.155000
-42203.058594	-42003.042969	39402.855469	6.160000
-41999.039062	-41399.050781	39199.101562	6.165000
-41999.039062	-41799.042969	39199.101562	6.170000
-41999.039062	-41399.050781	39399.097656	6.175000
-42203.058594	-42003.042969	39202.839844	6.180000
-41799.042969	-41399.050781	39199.101562	6.185000
-42199.035156	-41799.042969	39399.097656	6.190000
-41999.039062	-41599.046875	39199.101562	6.195000
-42203.058594	-41603.015625	39402.855469	6.200000
-41799.042969	-41599.046875	38999.105469	6.205000
-42199.035156	-41799.042969	39599.093750	6.210000
-41999.039062	-41599.046875	38999.105469	6.215000
-42203.058594	-41803.031250	39602.871094	6.220000
-41999.039062	-41399.050781	38999.105469	6.225000
-41999.039062	-41799.042969	39399.097656	6.230000
-41999.039062	-41399.050781	39199.101562	6.235000
-42403.074219	-41803.031250	39402.855469	6.240000
-41799.042969	-41399.050781	39199.101562	6.245000
-42399.031250	-41799.042969	39399.097656	6.250000
-41799.042969	-41599.046875	39199.101562	6.255000
-42199.035156	-41599.046875	39199.101562	6.260000
-42003.042969	-41603.015625	39402.855469	6.265000
-42199.035156	-41599.046875	39199.101562	6.270000
-41999.039062	-41599.046875	39399.097656	6.275000
-41599.046875	-41599.046875	39199.101562	6.280000
-42203.058594	-41603.015625	39202.839844	6.285000
-41999.039062	-41799.042969	39399.097656	6.290000
-41999.039062	-41399.050781	39199.101562	6.295000
-42199.035156	-41799.042969	39199.101562	6.300000
-42003.042969	-41403.000000	39202.839844	6.305000
-42199.035156	-41799.042969	39399.097656	6.310000
-41799.042969	-41599.046875	38999.105469	6.315000
-42199.035156	-41599.046875	39599.093750	6.320000
-42003.042969	-41603.015625	39002.828125	6.325000
-42199.035156	-41799.042969	39599.093750	6.330000
-41799.042969	-41399.050781	38999.105469	6.335000
-42199.035156	-41799.042969	39599.093750	6.340000
-42003.042969	-41603.015625	39002.828125	6.345000
-41999.039062	-41599.046875	39399.097656	6.350000
-42199.035156	-41599.046875	39199.101562	6.355000
-41999.039062	-41799.042969	39399.097656	6.360000
-42003.042969	-41403.000000	39202.839844	6.365000
-42199.035156	-41799.042969	39399.097656	6.370000
-41799.042969	-41599.046875	39199.101562	6.375000
-42199.035156	-41799.042969	39399.097656	6.380000
-41999.039062	-41399.050781	39199.101562	6.385000
-42003.042969	-41803.031250	39202.839844	6.390000
-41999.039062	-41599.046875	39399.097656	6.395000
-42199.035156	-41599.046875	39199.101562	6.400000
-41999.039062	-41599.046875	39399.097656	6.405000
-42003.042969	-41803.031250	39202.839844	6.410000
-41999.039062	-41399.050781	39199.101562	6.415000
-42199.035156	-41799.042969	39399.097656	6.420000
-41799.042969	-41399.050781	39199.101562	6.425000
-42203.058594	-42003.042969	39402.855469	6.430000
-41799.042969	-41399.050781	38999.105469	6.435000
-42199.035156	-41799.042969	39599.093750	6.440000
-41799.042969	-41599.046875	38999.105469	6.445000
-42003.042969	-41603.015625	39402.855469	6.450000
-41999.039062	-41599.046875	38999.105469	6.455000
-41999.039062	-41799.042969	39399.097656	6.460000
-41599.046875	-41599.046875	39199.101562	6.465000
-42003.042969	-41603.015625	39402.855469	6.470000
-41999.039062	-41599.046875	39199.101562	6.475000
-42199.035156	-41799.042969	39399.097656	6.480000
-41599.046875	-41399.050781	38999.105469	6.485000
-42403.074219	-42003.042969	39402.855469	6.490000
-41799.042969	-41599.046875	39399.097656	6.495000
-41999.039062	-41599.046875	39199.101562	6.500000
-41999.039062	-41599.046875	39399.097656	6.505000
-42199.035156	-41799.042969	39199.101562	6.510000
-41803.031250	-41603.015625	39402.855469	6.515000
-41999.039062	-41599.046875	39199.101562	6.520000
-41999.039062	-41799.042969	39199.101562	6.525000
-42199.035156	-41799.042969	39599.093750	6.530000
-41803.031250	-41403.000000	39002.828125	6.535000
-42199.035156	-41999.039062	39599.093750	6.540000
-41799.042969	-41399.050781	38999.105469	6.545000
-42199.035156	-41799.042969	39599.093750	6.550000
-41803.031250	-41603.015625	39002.828125	6.555000
-42199.035156	-41799.042969	39599.093750	6.560000
-41799.042969	-41599.046875	38999.105469	6.565000
-42199.035156	-41799.042969	39399.097656	6.570000
-42003.042969	-41603.015625	39202.839844	6.575000
-42199.035156	-41799.042969	39599.093750	6.580000
-41799.042969	-41599.046875	38999.105469	6.585000
-42199.035156	-41799.042969	39399.097656	6.590000
-42003.042969	-41603.015625	39402.855469	6.595000
-41999.039062	-41799.042969	39199.101562	6.600000
-41999.039062	-41599.046875	39399.097656	6.605000
-42199.035156	-41799.042969	39199.101562	6.610000
-41803.031250	-41403.000000	39402.855469	6.615000
-42199.035156	-41799.042969	39399.097656	6.620000
-41999.039062	-41599.046875	39199.101562	6.625000
-41999.039062	-41799.042969	39399.097656	6.630000
-41999.039062	-41599.046875	39199.101562	6.635000
-42203.058594	-41803.031250	39602.871094	6.640000
-41799.042969	-41399.050781	38999.105469	6.645000
-42199.035156	-41799.042969	39599.093750	6.650000
-41799.042969	-41599.046875	38999.105469	6.655000
-42203.058594	-41803.031250	39602.871094	6.660000
-41799.042969	-41599.046875	39199.101562	6.665000
-42199.035156	-41799.042969	39399.097656	6.670000
-41799.042969	-41399.050781	39199.101562	6.675000
-42203.058594	-41803.031250	39402.855469	6.680000
-41799.042969	-41399.050781	39199.101562	6.685000
-42199.035156	-41799.042969	39399.097656	6.690000
-41999.039062	-41599.046875	39199.101562	6.695000
-42003.042969	-41803.031250	39002.828125	6.700000
-41999.039062	-41399.050781	39399.097656	6.705000
-41999.039062	-41799.042969	39199.101562	6.710000
-41999.039062	-41599.046875	39399.097656	6.715000
-42203.058594	-41803.031250	39202.839844	6.720000
-41799.042969	-41399.050781	39399.097656	6.725000
-42199.035156	-41799.042969	39199.101562	6.730000
-41799.042969	-41399.050781	39399.097656	6.735000
-42203.058594	-42003.042969	39402.855469	6.740000
-41799.042969	-41399.050781	39199.101562	6.745000
-42199.035156	-41799.042969	39399.097656	6.750000
-41799.042969	-41399.050781	39199.101562	6.755000
-41799.042969	-41799.042969	39599.093750	6.760000
-42003.042969	-41603.015625	39002.828125	6.765000
-41999.039062	-41599.046875	39599.093750	6.770000
-41999.039062	-41599.046875	38999.105469	6.775000
-42199.035156	-41799.042969	39599.093750	6.780000
-41803.031250	-41603.015625	39002.828125	6.785000
-42199.035156	-41599.046875	39599.093750	6.790000
-41999.039062	-41599.046875	39199.101562	6.795000
-42199.035156	-41799.042969	39399.097656	6.800000
-41803.031250	-41403.000000	39202.839844	6.805000
-42199.035156	-41999.039062	39399.097656	6.810000
-41999.039062	-41399.050781	39399.097656	6.815000
-41999.039062	-41799.042969	39199.101562	6.820000
-42003.042969	-41403.000000	39402.855469	6.825000
-41999.039062	-41799.042969	39399.097656	6.830000
-41999.039062	-41599.046875	39199.101562	6.835000
-41999.039062	-41599.046875	39399.097656	6.840000
-41803.031250	-41603.015625	39202.839844	6.845000
-42399.031250	-41799.042969	39599.093750	6.850000
-41599.046875	-41399.050781	38999.105469	6.855000
-42399.031250	-41999.039062	39599.093750	6.860000
-41803.031250	-41403.000000	39202.839844	6.865000
-42199.035156	-41799.042969	39399.097656	6.870000
-41999.039062	-41399.050781	39199.101562	6.875000
-41999.039062	-41799.042969	39599.093750	6.880000
-41999.039062	-41599.046875	39199.101562	6.885000
-42203.058594	-41603.015625	39402.855469	6.890000
-41799.042969	-41599.046875	39199.101562	6.895000
-42199.035156	-41799.042969	39599.093750	6.900000
-41799.042969	-41399.050781	38999.105469	6.905000
-42403.074219	-41803.031250	39602.871094	6.910000
-41799.042969	-41599.046875	39199.101562	6.915000
-42199.035156	-41799.042969	39399.097656	6.920000
-41999.039062	-41399.050781	39199.101562	6.925000
-42203.058594	-41803.031250	39402.855469	6.930000
-41999.039062	-41399.050781	39399.097656	6.935000
-41999.039062	-41799.042969	39399.097656	6.940000
-41999.039062	-41599.046875	39199.101562	6.945000
-42203.058594	-41803.031250	39402.855469	6.950000
-41999.039062	-41399.050781	39199.101562	6.955000
-42199.035156	-41799.042969	39399.097656	6.960000
-41999.039062	-41599.046875	39199.101562	6.965000
-42403.074219	-41603.015625	39602.871094	6.970000
-41999.039062	-41599.046875	38999.105469	6.975000
-42199.035156	-41799.042969	39599.093750	6.980000
-41999.039062	-41399.050781	38999.105469	6.985000
-42203.058594	-41803.031250	39602.871094	6.990000
-42199.035156	-41399.050781	38999.105469	6.995000
-42199.035156	-41799.042969	39599.093750	7.000000
-41999.039062	-41599.046875	39199.101562	7.005000
-42199.035156	-41599.046875	39399.097656	7.010000
-42003.042969	-41603.015625	39202.839844	7.015000
-42199.035156	-41799.042969	39399.097656	7.020000
-41999.039062	-41599.046875	39399.097656	7.025000
-42199.035156	-41599.046875	39199.101562	7.030000
-42003.042969	-41603.015625	39402.855469	7.035000
-42199.035156	-41599.046875	39199.101562	7.040000
-41999.039062	-41599.046875	39399.097656	7.045000
-42199.035156	-41799.042969	39399.097656	7.050000
-42003.042969	-41403.000000	39202.839844	7.055000
-42199.035156	-41799.042969	39399.097656	7.060000
-41999.039062	-41599.046875	39199.101562	7.065000
-42399.031250	-41799.042969	39599.093750	7.070000
-41803.031250	-41403.000000	39002.828125	7.075000
-42399.031250	-41799.042969	39599.093750	7.080000
-41799.042969	-41599.046875	39199.101562	7.085000
-42399.031250	-41599.046875	39399.097656	7.090000
-42003.042969	-41603.015625	39202.839844	7.095000
-42199.035156	-41799.042969	39399.097656	7.100000
-41999.039062	-41599.046875	39199.101562	7.105000
-42199.035156	-41799.042969	39599.093750	7.110000
-42003.042969	-41403.000000	39002.828125	7.115000
-42199.035156	-41799.042969	39599.093750	7.120000
-41999.039062	-41399.050781	38999.105469	7.125000
-42399.031250	-41799.042969	39599.093750	7.130000
-41999.039062	-41599.046875	39199.101562	7.135000
-42203.058594	-41803.031250	39402.855469	7.140000
-41999.039062	-41599.046875	39199.101562	7.145000
-42199.035156	-41599.046875	39199.101562	7.150000
-41999.039062	-41599.046875	39399.097656	7.155000
-42203.058594	-41603.015625	39202.839844	7.160000
-42199.035156	-41799.042969	39399.097656	7.165000
-42199.035156	-41599.046875	39399.097656	7.170000
-41999.039062	-41599.046875	39199.101562	7.175000
-42203.058594	-41803.031250	39402.855469	7.180000
-41999.039062	-41599.046875	39199.101562	7.185000
-42399.031250	-41799.042969	39599.093750	7.190000
-41799.042969	-41399.050781	38999.105469	7.195000
-42403.074219	-41803.031250	39602.871094	7.200000
-41999.039062	-41599.046875	39199.101562	7.205000
-42199.035156	-41799.042969	39599.093750	7.210000
-42199.035156	-41599.046875	39199.101562	7.215000
-42203.058594	-41603.015625	39402.855469	7.220000
-41999.039062	-41599.046875	39199.101562	7.225000
-42399.031250	-41799.042969	39599.093750	7.230000
-41999.039062	-41599.046875	39199.101562	7.235000
-42203.058594	-41803.031250	39402.855469	7.240000
-41999.039062	-41399.050781	39199.101562	7.245000
-42399.031250	-41999.039062	39399.097656	7.250000
-41999.039062	-41399.050781	39399.097656	7.255000
-42399.031250	-41799.042969	39399.097656	7.260000
-41803.031250	-41603.015625	39202.839844	7.265000
-42399.031250	-41799.042969	39399.097656	7.270000
-41999.039062	-41599.046875	39399.097656	7.275000
-42399.031250	-41599.046875	39399.097656	7.280000
-42003.042969	-41603.015625	39202.839844	7.285000
-42199.035156	-41799.042969	39399.097656	7.290000
-41999.039062	-41599.046875	39199.101562	7.295000
-42199.035156	-41799.042969	39599.093750	7.300000
-42003.042969	-41603.015625	39002.828125	7.305000
-42399.031250	-41799.042969	39599.093750	7.310000
-42099.035156	-41699.046875	39399.097656	7.320000
-42003.042969	-41403.000000	39002.828125	7.325000
-42399.031250	-41999.039062	39599.093750	7.330000
-41999.039062	-41399.050781	39199.101562	7.335000
-42399.031250	-41799.042969	39399.097656	7.340000
-42203.058594	-41603.015625	39402.855469	7.345000
-42399.031250	-41799.042969	39399.097656	7.350000
-41999.039062	-41599.046875	39399.097656	7.355000
-42399.031250	-41599.046875	39399.097656	7.360000
-42003.042969	-41603.015625	39202.839844	7.365000
-42399.031250	-41799.042969	39399.097656	7.370000
-42199.035156	-41599.046875	39399.097656	7.375000
-42399.031250	-41799.042969	39399.097656	7.380000
-41999.039062	-41399.050781	39199.101562	7.385000
-42403.074219	-41803.031250	39402.855469	7.390000
-42199.035156	-41599.046875	39399.097656	7.395000
-42199.035156	-41599.046875	39399.097656	7.400000
-42199.035156	-41599.046875	39199.101562	7.405000
-42403.074219	-41803.031250	39602.871094	7.410000
-41999.039062	-41599.046875	39199.101562	7.415000
-42399.031250	-41599.046875	39599.093750	7.420000
-41999.039062	-41599.046875	39199.101562	7.425000
-42403.074219	-41803.031250	39402.855469	7.430000
-41999.039062	-41399.050781	39199.101562	7.435000
-42399.031250	-41799.042969	39599.093750	7.440000
-41999.039062	-41399.050781	39199.101562	7.445000
-42403.074219	-42003.042969	39602.871094	7.450000
-41999.039062	-41399.050781	39199.101562	7.455000
-42399.031250	-41799.042969	39599.093750	7.460000
-41999.039062	-41599.046875	39399.097656	7.465000
-42203.058594	-41603.015625	39202.839844	7.470000
-42199.035156	-41599.046875	39399.097656	7.475000
-42199.035156	-41599.046875	39399.097656	7.480000
-41999.039062	-41599.046875	39399.097656	7.485000
-42003.042969	-41403.000000	39402.855469	7.490000
-41999.039062	-41599.046875	39399.097656	7.495000
-42199.035156	-41599.046875	39399.097656	7.500000
-41999.039062	-41399.050781	39199.101562	7.505000
-42399.031250	-41999.039062	39599.093750	7.510000
-42003.042969	-41403.000000	39202.839844	7.515000
-42199.035156	-41799.042969	39599.093750	7.520000
-41999.039062	-41399.050781	38999.105469	7.525000
-42399.031250	-41799.042969	39799.089844	7.530000
-42003.042969	-41603.015625	39002.828125	7.535000
-42199.035156	-41799.042969	39599.093750	7.540000
-41999.039062	-41599.046875	39199.101562	7.545000
-42199.035156	-41599.046875	39599.093750	7.550000
-42003.042969	-41603.015625	39202.839844	7.555000
-42399.031250	-41799.042969	39599.093750	7.560000
-41799.042969	-41399.050781	39199.101562	7.565000
-42199.035156	-41799.042969	39399.097656	7.570000
-42203.058594	-41603.015625	39402.855469	7.575000
-42199.035156	-41799.042969	39399.097656	7.580000
-41999.039062	-41599.046875	39399.097656	7.585000
-42199.035156	-41599.046875	39399.097656	7.590000
-42003.042969	-41603.015625	39402.855469	7.595000
-42399.031250	-41799.042969	39399.097656	7.600000
-41999.039062	-41599.046875	39399.097656	7.605000
-42199.035156	-41599.046875	39399.097656	7.610000
-42003.042969	-41603.015625	39202.839844	7.615000
-42399.031250	-41799.042969	39599.093750	7.620000
-41999.039062	-41399.050781	39199.101562	7.625000
-42199.035156	-41799.042969	39599.093750	7.630000
-42199.035156	-41399.050781	39199.101562	7.635000
-42203.058594	-41803.031250	39602.871094	7.640000
-41999.039062	-41599.046875	38999.105469	7.645000
-42199.035156	-41599.046875	39599.093750	7.650000
-41999.039062	-41599.046875	39199.101562	7.655000
-42403.074219	-41603.015625	39402.855469	7.660000
-41999.039062	-41799.042969	39399.097656	7.665000
-42399.031250	-41599.046875	39399.097656	7.670000
-41999.039062	-41599.046875	39399.097656	7.675000
-42203.058594	-41603.015625	39402.855469	7.680000
-41999.039062	-41599.046875	39399.097656	7.685000
-42399.031250	-41799.042969	39199.101562	7.690000
-41999.039062	-41399.050781	39399.097656	7.695000
-42203.058594	-41803.031250	39402.855469	7.700000
-42199.035156	-41599.046875	39399.097656	7.705000
-42399.031250	-41799.042969	39399.097656	7.710000
-41999.039062	-41399.050781	39199.101562	7.715000
-42403.074219	-41803.031250	39602.871094	7.720000
-41999.039062	-41599.046875	39199.101562	7.725000
-42399.031250	-41599.046875	39599.093750	7.730000
-41999.039062	-41599.046875	38999.105469	7.735000
-42403.074219	-41603.015625	39602.871094	7.740000
-41999.039062	-41599.046875	39199.101562	7.745000
-42399.031250	-41799.042969	39599.093750	7.750000
-41999.039062	-41599.046875	39199.101562	7.755000
-42399.031250	-41799.042969	39599.093750	7.760000
-42003.042969	-41403.000000	39202.839844	7.765000
-42399.031250	-41799.042969	39399.097656	7.770000
-41999.039062	-41599.046875	39399.097656	7.775000
-42399.031250	-41799.042969	39399.097656	7.780000
-42003.042969	-41403.000000	39402.855469	7.785000
-42199.035156	-41799.042969	39199.101562	7.790000
-41999.039062	-41599.046875	39399.097656	7.795000
-42399.031250	-41599.046875	39399.097656	7.800000
-42003.042969	-41603.015625	39402.855469	7.805000
-42399.031250	-41799.042969	39399.097656	7.810000
-41999.039062	-41599.046875	39399.097656	7.815000
-42199.035156	-41799.042969	39399.097656	7.820000
-42203.058594	-41403.000000	39202.839844	7.825000
-42199.035156	-41799.042969	39599.093750	7.830000
-41999.039062	-41599.046875	38999.105469	7.835000
-42399.031250	-41799.042969	39599.093750	7.840000
-42003.042969	-41403.000000	39202.839844	7.845000
-42599.023438	-41799.042969	39599.093750	7.850000
-41999.039062	-41599.046875	39199.101562	7.855000
-42399.031250	-41799.042969	39599.093750	7.860000
-42003.042969	-41403.000000	39002.828125	7.865000
-42399.031250	-41799.042969	39599.093750	7.870000
-42199.035156	-41599.046875	39199.101562	7.875000
-42399.031250	-41799.042969	39599.093750	7.880000
-42199.035156	-41599.046875	39199.101562	7.885000
-42403.074219	-41803.031250	39402.855469	7.890000
-41999.039062	-41399.050781	39399.097656	7.895000
-42399.031250	-41999.039062	39399.097656	7.900000
-41999.039062	-41399.050781	39199.101562	7.905000
-42603.085938	-41803.031250	39402.855469	7.910000
-41999.039062	-41599.046875	39399.097656	7.915000
-42399.031250	-41799.042969	39399.097656	7.920000
-41999.039062	-41599.046875	39199.101562	7.925000
-42403.074219	-41803.031250	39602.871094	7.930000
-42199.035156	-41599.046875	39199.101562	7.935000
-42199.035156	-41799.042969	39399.097656	7.940000
-41999.039062	-41399.050781	39199.101562	7.945000
-42403.074219	-42003.042969	39602.871094	7.950000
-41999.039062	-41399.050781	39199.101562	7.955000
-42399.031250	-41999.039062	39599.093750	7.960000
-41999.039062	-41399.050781	39199.101562	7.965000
-42403.074219	-41803.031250	39602.871094	7.970000
-41999.039062	-41599.046875	39199.101562	7.975000
-42199.035156	-41799.042969	39399.097656	7.980000
-41999.039062	-41599.046875	39199.101562	7.985000
-42203.058594	-41803.031250	39402.855469	7.990000
-41999.039062	-41599.046875	39399.097656	7.995000
-42399.031250	-41999.039062	39399.097656	8.000000
-41999.039062	-41399.050781	39399.097656	8.005000
-42199.035156	-41999.039062	39399.097656	8.010000
-41999.039062	-41599.046875	39399.097656	8.015000
-42199.035156	-41799.042969	39399.097656	8.020000
-42007.050781	-41406.949219	39206.582031	8.025000
-42199.035156	-41999.039062	39599.093750	8.030000
-41999.039062	-41599.046875	39199.101562	8.035000
-41799.042969	-41799.042969	39399.097656	8.040000
-41999.039062	-41599.046875	39199.101562	8.045000
-41999.039062	-41599.046875	39599.093750	8.050000
-41999.039062	-41799.042969	39199.101562	8.055000
-42199.035156	-41799.042969	39599.093750	8.060000
-42007.050781	-41606.984375	39206.582031	8.065000
-42199.035156	-41799.042969	39599.093750	8.070000
-41799.042969	-41399.050781	39199.101562	8.075000
-42199.035156	-41999.039062	39399.097656	8.080000
-41999.039062	-41399.050781	39399.097656	8.085000
-42199.035156	-41999.039062	39399.097656	8.090000
-41799.042969	-41399.050781	39399.097656	8.095000
-42199.035156	-41999.039062	39399.097656	8.100000
-42007.050781	-41606.984375	39406.613281	8.105000
-42199.035156	-41799.042969	39399.097656	8.110000
-41999.039062	-41599.046875	39399.097656	8.115000
-42199.035156	-41799.042969	39399.097656	8.120000
-41799.042969	-41599.046875	39399.097656	8.125000
-42199.035156	-41799.042969	39399.097656	8.130000
-41799.042969	-41399.050781	39199.101562	8.135000
-42399.031250	-41999.039062	39599.093750	8.140000
-41799.042969	-41399.050781	39199.101562	8.145000
-42207.085938	-42007.050781	39606.648438	8.150000
-41999.039062	-41399.050781	39199.101562	8.155000
-42199.035156	-41799.042969	39599.093750	8.160000
-41999.039062	-41599.046875	39199.101562	8.165000
-41999.039062	-41799.042969	39599.093750	8.170000
-41999.039062	-41599.046875	39199.101562	8.175000
-42199.035156	-41799.042969	39599.093750	8.180000
-41999.039062	-41599.046875	39199.101562	8.185000
-42207.085938	-41807.015625	39606.648438	8.190000
-41799.042969	-41599.046875	39199.101562	8.195000
-42199.035156	-41799.042969	39399.097656	8.200000
-41999.039062	-41599.046875	39399.097656	8.205000
-42199.035156	-41799.042969	39399.097656	8.210000
-41799.042969	-41599.046875	39399.097656	8.215000
-42199.035156	-41799.042969	39199.101562	8.220000
-41599.046875	-41599.046875	39599.093750	8.225000
-42007.050781	-41606.984375	39206.582031	8.230000
-42199.035156	-41799.042969	39599.093750	8.235000
-41799.042969	-41599.046875	39199.101562	8.240000
-42199.035156	-41799.042969	39399.097656	8.245000
-42199.035156	-41799.042969	39599.093750	8.250000
-41999.039062	-41599.046875	39199.101562	8.255000
-42199.035156	-41799.042969	39599.093750	8.260000
-41999.039062	-41599.046875	39199.101562	8.265000
-42199.035156	-41799.042969	39599.093750	8.270000
-42007.050781	-41606.984375	39206.582031	8.275000
-42199.035156	-41799.042969	39599.093750	8.280000
-41999.039062	-41599.046875	39199.101562	8.285000
-42199.035156	-41999.039062	39599.093750	8.290000
-41999.039062	-41599.046875	38999.105469	8.295000
-42399.031250	-41799.042969	39599.093750	8.300000
-41999.039062	-41599.046875	39399.097656	8.305000
-42199.035156	-41799.042969	39399.097656	8.310000
-42007.050781	-41606.984375	39406.613281	8.315000
-42199.035156	-41799.042969	39399.097656	8.320000
-41999.039062	-41599.046875	39199.101562	8.325000
-42399.031250	-41999.039062	39399.097656	8.330000
-41999.039062	-41599.046875	39399.097656	8.335000
-42199.035156	-41799.042969	39399.097656	8.340000
-41999.039062	-41599.046875	39399.097656	8.345000
-42199.035156	-41799.042969	39399.097656	8.350000
-42007.050781	-41807.015625	39406.613281	8.355000
-42199.035156	-41599.046875	39399.097656	8.360000
-42199.035156	-41799.042969	39399.097656	8.365000
-42199.035156	-41799.042969	39599.093750	8.370000
-41599.046875	-41599.046875	38999.105469	8.375000
-42399.031250	-41799.042969	39599.093750	8.380000
-41999.039062	-41599.046875	39199.101562	8.385000
-42199.035156	-41799.042969	39599.093750	8.390000
-41999.039062	-41599.046875	39399.097656	8.395000
-42407.117188	-41807.015625	39406.613281	8.400000
-41599.046875	-41199.058594	39399.097656	8.405000
-42199.035156	-41799.042969	39399.097656	8.410000
-41999.039062	-41599.046875	39399.097656	8.415000
-42399.031250	-41799.042969	39399.097656	8.420000
-41999.039062	-41599.046875	39399.097656	8.425000
-42399.031250	-41799.042969	39399.097656	8.430000
-41799.042969	-41599.046875	39399.097656	8.435000
-42407.117188	-41807.015625	39406.613281	8.440000
-41999.039062	-41599.046875	39399.097656	8.445000
-42199.035156	-41999.039062	39399.097656	8.450000
-41999.039062	-41399.050781	39199.101562	8.455000
-42199.035156	-41999.039062	39599.093750	8.460000
-41999.039062	-41399.050781	39199.101562	8.465000
-42199.035156	-41999.039062	39399.097656	8.470000
-41999.039062	-41599.046875	39199.101562	8.475000
-42407.117188	-41807.015625	39606.648438	8.480000
-41799.042969	-41599.046875	39199.101562	8.485000
-42399.031250	-41799.042969	39599.093750	8.490000
-41999.039062	-41599.046875	39199.101562	8.495000
-42199.035156	-41799.042969	39599.093750	8.500000
-41999.039062	-41599.046875	39199.101562	8.505000
-42199.035156	-41799.042969	39399.097656	8.510000
-41999.039062	-41599.046875	39199.101562	8.515000
-42399.031250	-41999.039062	39599.093750	8.520000
-42007.050781	-41406.949219	39406.613281	8.525000
-42199.035156	-41999.039062	39199.101562	8.530000
-41999.039062	-41599.046875	39399.097656	8.535000
-42399.031250	-41799.042969	39399.097656	8.540000
-41799.042969	-41599.046875	39399.097656	8.545000
-42399.031250	-41799.042969	39399.097656	8.550000
-41999.039062	-41599.046875	39399.097656	8.555000
-42199.035156	-41799.042969	39399.097656	8.560000
-42007.050781	-41606.984375	39206.582031	8.565000
-42199.035156	-41799.042969	39599.093750	8.570000
-41999.039062	-41599.046875	39199.101562	8.575000
-42199.035156	-41799.042969	39399.097656	8.580000
-42199.035156	-41599.046875	39199.101562	8.585000
-42199.035156	-41999.039062	39599.093750	8.590000
-41999.039062	-41599.046875	39199.101562	8.595000
-42199.035156	-41799.042969	39599.093750	8.600000
-42007.050781	-41606.984375	39206.582031	8.605000
-42399.031250	-41799.042969	39399.097656	8.610000
-41799.042969	-41599.046875	39199.101562	8.615000
-42199.035156	-41799.042969	39599.093750	8.620000
-41999.039062	-41599.046875	39199.101562	8.625000
-42199.035156	-41799.042969	39399.097656	8.630000
-42199.035156	-41799.042969	39399.097656	8.635000
-42199.035156	-41799.042969	39399.097656	8.640000
-41999.039062	-41599.046875	39399.097656	8.645000
-42207.085938	-42007.050781	39406.613281	8.650000
-41999.039062	-41399.050781	39399.097656	8.655000
-42199.035156	-41999.039062	39399.097656	8.660000
-41999.039062	-41599.046875	39399.097656	8.665000
-42399.031250	-41799.042969	39399.097656	8.670000
-41799.042969	-41599.046875	39199.101562	8.675000
-42199.035156	-41799.042969	39599.093750	8.680000
-41999.039062	-41599.046875	39199.101562	8.685000
-42207.085938	-41807.015625	39606.648438	8.690000
-41999.039062	-41599.046875	39199.101562	8.695000
-42199.035156	-41999.039062	39599.093750	8.700000
-41999.039062	-41399.050781	39199.101562	8.705000
-42199.035156	-41999.039062	39599.093750	8.710000
-41799.042969	-41399.050781	38999.105469	8.715000
-42199.035156	-41799.042969	39599.093750	8.720000
-41999.039062	-41799.042969	39399.097656	8.725000
-42207.085938	-41807.015625	39406.613281	8.730000
-41999.039062	-41599.046875	39399.097656	8.735000
-42199.035156	-41799.042969	39399.097656	8.740000
-41999.039062	-41599.046875	39199.101562	8.745000
-42199.035156	-41599.046875	39399.097656	8.750000
-41999.039062	-41799.042969	39599.093750	8.755000
-41799.042969	-41799.042969	39199.101562	8.760000
-41999.039062	-41399.050781	39399.097656	8.765000
-42199.035156	-41999.039062	39599.093750	8.770000
-42007.050781	-41406.949219	39206.582031	8.775000
-42199.035156	-41999.039062	39599.093750	8.780000
-41999.039062	-41399.050781	39199.101562	8.785000
-42199.035156	-41799.042969	39599.093750	8.790000
-41799.042969	-41599.046875	39199.101562	8.795000
-42199.035156	-41799.042969	39599.093750	8.800000
-41599.046875	-41599.046875	39199.101562	8.805000
-42199.035156	-41799.042969	39599.093750	8.810000
-42007.050781	-41606.984375	39206.582031	8.815000
-42199.035156	-41799.042969	39399.097656	8.820000
-41999.039062	-41599.046875	39399.097656	8.825000
-42399.031250	-41799.042969	39399.097656	8.830000
-41999.039062	-41399.050781	39399.097656	8.835000
-42199.035156	-41999.039062	39399.097656	8.840000
-41999.039062	-41399.050781	39399.097656	8.845000
-42399.031250	-41999.039062	39399.097656	8.850000
-42007.050781	-41606.984375	39406.613281	8.855000
-42399.031250	-41799.042969	39399.097656	8.860000
-41999.039062	-41599.046875	39399.097656	8.865000
-42399.031250	-41799.042969	39399.097656	8.870000
-41999.039062	-41599.046875	39199.101562	8.875000
-42399.031250	-41799.042969	39599.093750	8.880000
-41999.039062	-41599.046875	39199.101562	8.885000
-42399.031250	-41799.042969	39599.093750	8.890000
-41999.039062	-41599.046875	38799.113281	8.895000
-42407.117188	-42007.050781	39606.648438	8.900000
-41999.039062	-41399.050781	38999.105469	8.905000
-42399.031250	-41999.039062	39799.089844	8.910000
-41999.039062	-41399.050781	38999.105469	8.915000
-42399.031250	-41999.039062	39799.089844	8.920000
-41999.039062	-41599.046875	38999.105469	8.925000
-42399.031250	-41799.042969	39799.089844	8.930000
-42199.035156	-41599.046875	39199.101562	8.935000
-42207.085938	-41807.015625	39606.648438	8.940000
-42199.035156	-41599.046875	39199.101562	8.945000
-42399.031250	-41999.039062	39599.093750	8.950000
-41999.039062	-41599.046875	39399.097656	8.955000
-42399.031250	-41799.042969	39399.097656	8.960000
-41999.039062	-41599.046875	39399.097656	8.965000
-42399.031250	-41999.039062	39399.097656	8.970000
-41999.039062	-41599.046875	39399.097656	8.975000
-42407.117188	-41807.015625	39406.613281	8.980000
-41999.039062	-41799.042969	39399.097656	8.985000
-42399.031250	-41599.046875	39399.097656	8.990000
-42199.035156	-41799.042969	39399.097656	8.995000
-42199.035156	-41799.042969	39599.093750	9.000000
-42199.035156	-41799.042969	39199.101562	9.005000
-42399.031250	-41799.042969	39599.093750	9.010000
-41999.039062	-41599.046875	39199.101562	9.015000
-42399.031250	-41999.039062	39599.093750	9.020000
-42207.085938	-41606.984375	39206.582031	9.025000
-42199.035156	-41799.042969	39599.093750	9.030000
-42199.035156	-41799.042969	39399.097656	9.035000
-42199.035156	-41799.042969	39399.097656	9.040000
-42199.035156	-41599.046875	39399.097656	9.045000
-42199.035156	-41799.042969	39399.097656	9.050000
-42199.035156	-41799.042969	39399.097656	9.055000
-42199.035156	-41799.042969	39399.097656	9.060000
-42007.050781	-41606.984375	39406.613281	9.065000
-42399.031250	-41799.042969	38999.105469	9.070000
-41799.042969	-41599.046875	39399.097656	9.075000
-42399.031250	-41999.039062	39399.097656	9.080000
-41999.039062	-41599.046875	39399.097656	9.085000
-42199.035156	-41999.039062	39599.093750	9.090000
-41999.039062	-41399.050781	39199.101562	9.095000
-42199.035156	-41999.039062	39599.093750	9.100000
-42007.050781	-41606.984375	39206.582031	9.105000
-42199.035156	-41799.042969	39599.093750	9.110000
-42199.035156	-41799.042969	39199.101562	9.115000
-42199.035156	-41799.042969	39599.093750	9.120000
-41799.042969	-41599.046875	38999.105469	9.125000
-42399.031250	-41999.039062	39799.089844	9.130000
-41999.039062	-41599.046875	39199.101562	9.135000
-42199.035156	-41999.039062	39599.093750	9.140000
-41999.039062	-41399.050781	39199.101562	9.145000
-42207.085938	-42007.050781	39406.613281	9.150000
-41999.039062	-41599.046875	39399.097656	9.155000
-42199.035156	-41999.039062	39399.097656	9.160000
-42199.035156	-41599.046875	39399.097656	9.165000
-42199.035156	-41799.042969	39399.097656	9.170000
-41999.039062	-41799.042969	39399.097656	9.175000
-42199.035156	-41799.042969	39399.097656	9.180000
-41999.039062	-41599.046875	39199.101562	9.185000
-42407.117188	-42007.050781	39606.648438	9.190000
-41999.039062	-41599.046875	39399.097656	9.195000
-42199.035156	-41799.042969	39399.097656	9.200000
-41999.039062	-41599.046875	39199.101562	9.205000
-42399.031250	-41999.039062	39599.093750	9.210000
-41999.039062	-41599.046875	39199.101562	9.215000
-42399.031250	-41999.039062	39599.093750	9.220000
-41999.039062	-41599.046875	39199.101562	9.225000
-42207.085938	-41807.015625	39606.648438	9.230000
-42199.035156	-41799.042969	39199.101562	9.235000
-42399.031250	-41799.042969	39599.093750	9.240000
-41999.039062	-41599.046875	39199.101562	9.245000
-42399.031250	-41999.039062	39599.093750	9.250000
-42199.035156	-41599.046875	39199.101562	9.255000
-42199.035156	-41799.042969	39399.097656	9.260000
-42199.035156	-41599.046875	39399.097656	9.265000
-42199.035156	-41999.039062	39399.097656	9.270000
-42207.085938	-41606.984375	39406.613281	9.275000
-42199.035156	-41999.039062	39399.097656	9.280000
-42199.035156	-41599.046875	39399.097656	9.285000
-42199.035156	-41799.042969	39399.097656	9.290000
-42199.035156	-41799.042969	39399.097656	9.295000
-42199.035156	-41799.042969	39399.097656	9.300000
-41999.039062	-41799.042969	39399.097656	9.305000
-42399.031250	-41799.042969	39399.097656	9.310000
-42007.050781	-41606.984375	39206.582031	9.315000
-42399.031250	-41999.039062	39599.093750	9.320000
-42199.035156	-41599.046875	39199.101562	9.325000
-42199.035156	-41999.039062	39599.093750	9.330000
-42199.035156	-41399.050781	39199.101562	9.335000
-42199.035156	-41999.039062	39599.093750	9.340000
-42199.035156	-41599.046875	39199.101562	9.345000
-42199.035156	-41999.039062	39599.093750	9.350000
-42207.085938	-41606.984375	39406.613281	9.355000
-42199.035156	-41799.042969	39399.097656	9.360000
-41999.039062	-41799.042969	39399.097656	9.365000
-42399.031250	-41799.042969	39399.097656	9.370000
-41999.039062	-41599.046875	39399.097656	9.375000
-42399.031250	-41799.042969	39399.097656	9.380000
-41999.039062	-41599.046875	39399.097656	9.385000
-42399.031250	-41999.039062	39399.097656	9.390000
-41999.039062	-41399.050781	39399.097656	9.395000
-42207.085938	-42007.050781	39406.613281	9.400000
-42199.035156	-41599.046875	39399.097656	9.405000
-42199.035156	-41799.042969	39399.097656	9.410000
-41999.039062	-41599.046875	39199.101562	9.415000
-42199.035156	-41799.042969	39599.093750	9.420000
-41999.039062	-41599.046875	39199.101562	9.425000
-42399.031250	-41999.039062	39599.093750	9.430000
-41999.039062	-41599.046875	38999.105469	9.435000
-42207.085938	-41807.015625	39806.679688	9.440000
-41999.039062	-41599.046875	39199.101562	9.445000
-42199.035156	-41799.042969	39599.093750	9.450000
-42199.035156	-41599.046875	39199.101562	9.455000
-42199.035156	-41999.039062	39599.093750	9.460000
-41799.042969	-41399.050781	39199.101562	9.465000
-42399.031250	-41999.039062	39399.097656	9.470000
-41799.042969	-41399.050781	39399.097656	9.475000
-42207.085938	-42007.050781	39406.613281	9.480000
-41999.039062	-41599.046875	39399.097656	9.485000
-42399.031250	-41799.042969	39399.097656	9.490000
-41799.042969	-41799.042969	39399.097656	9.495000
-42399.031250	-41799.042969	39599.093750	9.500000
-41999.039062	-41599.046875	39399.097656	9.505000
-42199.035156	-41999.039062	39399.097656	9.510000
-41999.039062	-41399.050781	39199.101562	9.515000
-42199.035156	-41999.039062	39599.093750	9.520000
-42007.050781	-41606.984375	39206.582031	9.525000
-42199.035156	-41799.042969	39599.093750	9.530000
-41999.039062	-41599.046875	39199.101562	9.535000
-42199.035156	-41999.039062	39599.093750	9.540000
-41999.039062	-41599.046875	39199.101562	9.545000
-42199.035156	-41799.042969	39799.089844	9.550000
-41999.039062	-41599.046875	38999.105469	9.555000
-42199.035156	-41799.042969	39799.089844	9.560000
-42007.050781	-41807.015625	39006.546875	9.565000
-42199.035156	-41799.042969	39599.093750	9.570000
-41999.039062	-41599.046875	39399.097656	9.575000
-42199.035156	-41999.039062	39399.097656	9.580000
-41999.039062	-41399.050781	39399.097656	9.585000
-42199.035156	-41999.039062	39399.097656	9.590000
-41999.039062	-41599.046875	39399.097656	9.595000
-42199.035156	-41799.042969	39399.097656	9.600000
-41807.015625	-41606.984375	39406.613281	9.605000
-42399.031250	-41799.042969	39599.093750	9.610000
-41999.039062	-41799.042969	39399.097656	9.615000
-42199.035156	-41799.042969	39399.097656	9.620000
-41999.039062	-41599.046875	39199.101562	9.625000
-41999.039062	-41799.042969	39399.097656	9.630000
-42199.035156	-41799.042969	39199.101562	9.635000
-42199.035156	-41799.042969	39799.089844	9.640000
-41799.042969	-41599.046875	38999.105469	9.645000
-42407.117188	-42007.050781	39806.679688	9.650000
-41799.042969	-41599.046875	39199.101562	9.655000
-42399.031250	-41799.042969	39599.093750	9.660000
-41799.042969	-41599.046875	39199.101562	9.665000
-42199.035156	-41799.042969	39599.093750	9.670000
-41999.039062	-41799.042969	39199.101562	9.675000
-42199.035156	-41799.042969	39599.093750	9.680000
-41999.039062	-41599.046875	39199.101562	9.685000
-42207.085938	-41807.015625	39606.648438	9.690000
-41999.039062	-41799.042969	39399.097656	9.695000
-42199.035156	-41799.042969	39399.097656	9.700000
-41999.039062	-41599.046875	39399.097656	9.705000
-41999.039062	-41799.042969	39399.097656	9.710000
-41999.039062	-41599.046875	39399.097656	9.715000
-42199.035156	-41999.039062	39399.097656	9.720000
-41999.039062	-41599.046875	39399.097656	9.725000
-42207.085938	-41807.015625	39606.648438	9.730000
-41999.039062	-41799.042969	39199.101562	9.735000
-42199.035156	-41799.042969	39599.093750	9.740000
-41799.042969	-41599.046875	39199.101562	9.745000
-42199.035156	-41999.039062	39599.093750	9.750000
-41999.039062	-41599.046875	39199.101562	9.755000
-41999.039062	-41799.042969	39599.093750	9.760000
-41999.039062	-41599.046875	39199.101562	9.765000
-42199.035156	-41999.039062	39599.093750	9.770000
-42007.050781	-41606.984375	39406.613281	9.775000
-42199.035156	-41999.039062	39399.097656	9.780000
-41799.042969	-41599.046875	39399.097656	9.785000
-42199.035156	-41999.039062	39399.097656	9.790000
-41999.039062	-41599.046875	39399.097656	9.795000
-41999.039062	-41799.042969	39399.097656	9.800000
-41999.039062	-41799.042969	39399.097656	9.805000
-42199.035156	-41999.039062	39599.093750	9.810000
-42007.050781	-41606.984375	39406.613281	9.815000
-42199.035156	-41999.039062	39399.097656	9.820000
-41799.042969	-41599.046875	39199.101562	9.825000
-42199.035156	-41799.042969	39599.093750	9.830000
-41999.039062	-41599.046875	39399.097656	9.835000
-41999.039062	-41999.039062	39399.097656	9.840000
-41999.039062	-41599.046875	39199.101562	9.845000
-41999.039062	-41799.042969	39599.093750	9.850000
-42007.050781	-41807.015625	39406.613281	9.855000
-42199.035156	-41799.042969	39599.093750	9.860000
-41799.042969	-41599.046875	38999.105469	9.865000
-42199.035156	-41799.042969	39799.089844	9.870000
-41799.042969	-41799.042969	39199.101562	9.875000
-42199.035156	-41799.042969	39599.093750	9.880000
-41799.042969	-41599.046875	39199.101562	9.885000
-42199.035156	-41999.039062	39599.093750	9.890000
-41799.042969	-41399.050781	39199.101562	9.895000
-42207.085938	-42007.050781	39606.648438	9.900000
-41799.042969	-41599.046875	39399.097656	9.905000
-42199.035156	-41999.039062	39399.097656	9.910000
-41999.039062	-41599.046875	39399.097656	9.915000
-41999.039062	-41799.042969	39399.097656	9.920000
-41999.039062	-41799.042969	39399.097656	9.925000
-42199.035156	-41799.042969	39399.097656	9.930000
-41799.042969	-41799.042969	39399.097656	9.935000
-42007.050781	-41606.984375	39406.613281	9.940000
-41999.039062	-41799.042969	39399.097656	9.945000
-42199.035156	-41999.039062	39599.093750	9.950000
-41799.042969	-41599.046875	39199.101562	9.955000
-42199.035156	-41799.042969	39599.093750	9.960000
-41999.039062	-41599.046875	39199.101562	9.965000
-42199.035156	-41999.039062	39599.093750	9.970000
-41799.042969	-41599.046875	38999.105469	9.975000
-42207.085938	-42007.050781	39806.679688	9.980000
-41999.039062	-41599.046875	39199.101562	9.985000
-41999.039062	-41799.042969	39399.097656	9.990000
-41999.039062	-41799.042969	39399.097656	9.995000
-42199.035156	-41799.042969	39399.097656	10.000000
-41999.039062	-41799.042969	39399.097656	10.010000
-42099.035156	-41799.042969	39399.097656	10.020000
-42003.042969	-41803.031250	39402.855469	10.030000
-42099.035156	-41799.042969	39499.097656	10.040000
-41999.039062	-41699.046875	39399.097656	10.050000
-41999.039062	-41799.042969	39399.097656	10.060000
-42103.050781	-41803.031250	39402.855469	10.070000
-42099.035156	-41799.042969	39399.097656	10.080000
-42099.035156	-41699.046875	39399.097656	10.090000