   41.40	21121995	845.760010
   39.60	21122085	845.765015
   41.40	21122175	845.770020
   40.50	21122265	845.775024
   40.50	21122356	845.780029
   40.50	21122446	845.784973
   41.00	21122536	845.789978
   41.40	21122626	845.794983
   39.60	21122717	845.799988
   41.40	21122807	845.804993
   39.60	21122897	845.809998
   41.40	21122987	845.815002
   40.50	21123078	845.820007
   40.50	21123168	845.825012
   40.50	21123258	845.830017
   40.50	21123348	845.835022
   41.40	21123439	845.840027
   40.50	21123529	845.844971
   41.00	21123619	845.849976
   40.50	21123710	845.854980
   40.50	21123800	845.859985
   41.40	21123891	845.864990
   39.60	21123981	845.869995
   41.40	21124071	845.875000
   40.50	21124162	845.880005
   40.50	21124252	845.885010
   41.40	21124342	845.890015
   39.60	21124433	845.895020
   41.40	21124523	845.900024
   40.50	21124614	845.905029
   40.50	21124704	845.909973
   41.91	21124794	845.914978
   39.60	21124885	845.919983
   41.40	21124975	845.924988
   40.50	21125066	845.929993
   40.50	21125156	845.934998
   41.40	21125247	845.940002
   39.60	21125337	845.945007
   41.40	21125427	845.950012
   40.50	21125517	845.955017
   40.50	21125608	845.960022
   41.40	21125698	845.965027
   39.60	21125789	845.969971
   41.91	21125879	845.974976
   40.50	21125970	845.979980
   40.50	21126060	845.984985
   41.40	21126151	845.989990
   39.60	21126241	845.994995
   41.40	21126332	846.000000
   41.40	21126422	846.005005
   39.60	21126513	846.010010
   41.40	21126603	846.015015
   40.50	21126694	846.020020
   40.50	21126784	846.025024
   41.40	21126875	846.030029
   39.60	21126965	846.034973
   41.91	21127056	846.039978
   41.40	21127146	846.044983
   39.60	21127236	846.049988
   41.40	21127327	846.054993
   40.50	21127418	846.059998
   40.50	21127508	846.065002
   41.40	21127598	846.070007
   39.60	21127689	846.075012
   41.40	21127780	846.080017
   41.40	21127870	846.085022
   39.60	21127961	846.090027
   41.40	21128051	846.094971
   41.00	21128142	846.099976
   40.50	21128232	846.104980
   41.40	21128323	846.109985
   40.50	21128413	846.114990
   40.50	21128504	846.119995
   41.40	21128594	846.125000
   39.60	21128685	846.130005
   41.40	21128775	846.135010
   40.50	21128866	846.140015
   40.50	21128957	846.145020
   41.40	21129047	846.150024
   40.50	21129138	846.155029
   40.50	21129229	846.159973
   41.91	21129319	846.164978
   39.60	21129409	846.169983
   41.40	21129500	846.174988
   41.40	21129590	846.179993
   39.60	21129681	846.184998
   41.40	21129771	846.190002
   40.50	21129862	846.195007
   40.50	21129952	846.200012
   41.40	21130043	846.205017
   39.60	21130133	846.210022
   41.40	21130223	846.215027
   40.50	21130314	846.219971
   41.00	21130405	846.224976
   41.40	21130495	846.229980
   40.50	21130585	846.234985
   40.50	21130676	846.239990
   41.40	21130766	846.244995
   39.60	21130857	846.250000
   41.40	21130947	846.255005
   40.50	21131038	846.260010
   40.50	21131128	846.265015
   41.40	21131218	846.270020
   39.60	21131309	846.275024
   41.40	21131400	846.280029
   40.50	21131490	846.284973
   41.00	21131580	846.289978
   41.40	21131671	846.294983
   39.60	21131761	846.299988
   41.40	21131852	846.304993
   40.50	21131942	846.309998
   40.50	21132032	846.315002
   41.40	21132123	846.320007
   40.50	21132213	846.325012
   40.50	21132304	846.330017
   41.40	21132394	846.335022
   39.60	21132485	846.340027
   41.40	21132575	846.344971
   40.09	21132665	846.349976
   41.40	21132756	846.354980
   40.50	21132846	846.359985
   40.50	21132936	846.364990
   41.40	21133027	846.369995
   40.50	21133117	846.375000
   40.50	21133208	846.380005
   41.40	21133298	846.385010
   39.60	21133389	846.390015
   41.40	21133479	846.395020
   40.50	21133570	846.400024
   40.50	21133660	846.405029
   41.40	21133751	846.409973
   41.00	21133841	846.414978
   40.50	21133932	846.419983
   41.40	21134022	846.424988
   39.60	21134113	846.429993
   41.40	21134203	846.434998
   40.50	21134294	846.440002
   40.50	21134384	846.445007
   41.40	21134475	846.450012
   40.50	21134565	846.455017
   40.50	21134656	846.460022
   41.40	21134746	846.465027
   39.60	21134837	846.469971
   41.91	21134927	846.474976
   40.50	21135018	846.479980
   40.50	21135108	846.484985
   41.40	21135199	846.489990
   40.50	21135289	846.494995
   40.50	21135380	846.500000
   41.40	21135471	846.505005
   39.60	21135561	846.510010
   41.40	21135652	846.515015
   40.50	21135742	846.520020
   40.50	21135832	846.525024
   41.40	21135923	846.530029
   40.50	21136013	846.534973
   41.00	21136104	846.539978
   41.40	21136194	846.544983
   39.60	21136285	846.549988
   41.40	21136375	846.554993
   40.50	21136466	846.559998
   40.50	21136556	846.565002
   41.40	21136647	846.570007
   39.60	21136737	846.575012
   41.40	21136828	846.580017
   41.40	21136918	846.585022
   39.60	21137008	846.590027
   41.40	21137099	846.594971
   41.00	21137190	846.599976
   40.50	21137280	846.604980
   40.50	21137370	846.609985
   39.60	21137461	846.614990
   41.40	21137552	846.619995
   40.50	21137642	846.625000
   40.50	21137732	846.630005
   41.40	21137823	846.635010
   39.60	21137913	846.640015
   40.50	21138003	846.645020
   40.50	21138094	846.650024
   40.50	21138184	846.655029
   41.40	21138275	846.659973
   41.00	21138365	846.664978
   40.50	21138455	846.669983
   40.50	21138546	846.674988
   40.50	21138636	846.679993
   41.40	21138726	846.684998
   39.60	21138817	846.690002
   41.40	21138907	846.695007
   40.50	21138998	846.700012
   40.50	21139087	846.705017
   40.50	21139178	846.710022
   40.50	21139268	846.715027
   41.40	21139359	846.719971
   40.09	21139449	846.724976
   41.40	21139539	846.729980
   40.50	21139630	846.734985
   40.50	21139720	846.739990
   41.40	21139810	846.744995
   39.60	21139901	846.750000
   41.40	21139991	846.755005
   40.50	21140082	846.760010
   40.50	21140171	846.765015
   40.50	21140262	846.770020
   40.50	21140352	846.775024
   41.40	21140443	846.780029
   39.60	21140533	846.784973
   41.91	21140623	846.789978
   40.50	21140713	846.794983
   40.50	21140804	846.799988
   41.40	21140894	846.804993
   39.60	21140984	846.809998
   41.40	21141074	846.815002
   39.60	21141165	846.820007
   41.40	21141254	846.825012
   39.60	21141345	846.830017
   41.40	21141435	846.835022
   39.60	21141525	846.840027
   41.40	21141615	846.844971
   40.09	21141705	846.849976
   41.40	21141795	846.854980
   40.50	21141885	846.859985
   40.50	21141975	846.864990
   40.50	21142065	846.869995
   40.50	21142155	846.875000
   40.50	21142245	846.880005
   40.50	21142335	846.885010
   39.60	21142425	846.890015
   40.50	21142515	846.895020
   40.50	21142606	846.900024
   40.50	21142695	846.905029
   40.50	21142785	846.909973
   41.00	21142875	846.914978
   40.50	21142966	846.919983
   40.50	21143055	846.924988
   40.50	21143146	846.929993
   40.50	21143235	846.934998
   40.50	21143326	846.940002
   40.50	21143415	846.945007
   40.50	21143506	846.950012
   40.50	21143596	846.955017
   40.50	21143686	846.960022
   40.50	21143775	846.965027
   40.50	21143866	846.969971
   41.00	21143956	846.974976
   40.50	21144046	846.979980
   40.50	21144135	846.984985
   40.50	21144226	846.989990
   40.50	21144316	846.994995
   40.50	21144406	847.000000
   40.50	21144496	847.005005
   40.50	21144586	847.010010
   40.50	21144676	847.015015
   40.50	21144766	847.020020
   40.50	21144856	847.025024
   40.50	21144946	847.030029
   40.50	21145036	847.034973
   41.91	21145126	847.039978
   39.60	21145216	847.044983
   40.50	21145306	847.049988
   40.50	21145396	847.054993
   41.40	21145487	847.059998
   39.60	21145576	847.065002
   41.40	21145667	847.070007
   39.60	21145757	847.075012
   41.40	21145847	847.080017
   39.60	21145937	847.085022
   41.40	21146027	847.090027
   40.50	21146117	847.094971
   41.00	21146207	847.099976
   40.50	21146297	847.104980
   40.50	21146387	847.109985
   40.50	21146477	847.114990
   40.50	21146568	847.119995
   40.50	21146658	847.125000
   40.50	21146748	847.130005
   41.40	21146838	847.135010
   39.60	21146928	847.140015
   41.40	21147018	847.145020
   39.60	21147109	847.150024
   41.40	21147199	847.155029
   40.50	21147289	847.159973
   41.00	21147379	847.164978
   40.50	21147469	847.169983
   40.50	21147560	847.174988
   40.50	21147650	847.179993
   40.50	21147740	847.184998
   41.40	21147830	847.190002
   39.60	21147920	847.195007
   41.40	21148011	847.200012
   40.50	21148101	847.205017
   40.50	21148191	847.210022
   40.50	21148281	847.215027
   40.50	21148372	847.219971
   41.00	21148462	847.224976
   40.50	21148552	847.229980
   41.40	21148642	847.234985
   39.60	21148733	847.239990
   41.40	21148822	847.244995
   39.60	21148913	847.250000
   41.40	21149003	847.255005
   40.50	21149094	847.260010
   40.50	21149183	847.265015
   40.50	21149274	847.270020
   40.50	21149364	847.275024
   41.40	21149455	847.280029
   39.60	21149544	847.284973
   41.91	21149635	847.289978
   40.50	21149725	847.294983
   40.50	21149816	847.299988
   40.50	21149906	847.304993
   39.60	21149996	847.309998
   41.40	21150087	847.315002
   39.60	21150177	847.320007
   41.40	21150267	847.325012
   40.50	21150358	847.330017
   40.50	21150448	847.335022
   41.40	21150538	847.340027
   39.60	21150628	847.344971
   41.91	21150719	847.349976
   40.50	21150809	847.354980
   40.50	21150900	847.359985
   40.50	21150990	847.364990
   40.50	21151080	847.369995
   41.40	21151171	847.375000
   39.60	21151261	847.380005
   41.40	21151351	847.385010
   40.50	21151442	847.390015
   40.50	21151532	847.395020
   41.40	21151623	847.400024
   39.60	21151713	847.405029
   41.40	21151803	847.409973
   41.00	21151894	847.414978
   40.50	21151984	847.419983
   41.40	21152074	847.424988
   39.60	21152165	847.429993
   41.40	21152256	847.434998
   41.40	21152346	847.440002
   39.60	21152436	847.445007
   41.40	21152527	847.450012
   40.50	21152618	847.455017
   40.50	21152708	847.460022
   41.40	21152798	847.465027
   39.60	21152889	847.469971
   41.91	21152979	847.474976
   40.50	21153070	847.479980
   40.50	21153160	847.484985
   41.40	21153251	847.489990
   40.50	21153341	847.494995
   40.50	21153432	847.500000
   41.40	21153522	847.505005
   39.60	21153613	847.510010
   41.40	21153703	847.515015
   40.50	21153794	847.520020
   40.50	21153884	847.525024
   40.50	21153974	847.530029
   40.50	21154065	847.534973
   41.91	21154155	847.539978
   40.50	21154245	847.544983
   40.50	21154336	847.549988
   41.40	21154427	847.554993
   40.50	21154517	847.559998
   40.50	21154607	847.565002
   40.50	21154698	847.570007
   40.50	21154789	847.575012
   41.40	21154879	847.580017
   40.50	21154969	847.585022
   40.50	21155060	847.590027
   41.40	21155151	847.594971
   40.09	21155241	847.599976
   41.40	21155331	847.604980
   40.50	21155422	847.609985
   40.50	21155513	847.614990
   41.40	21155603	847.619995
   40.50	21155693	847.625000
   40.50	21155784	847.630005
   41.40	21155875	847.635010
   40.50	21155965	847.640015
   40.50	21156056	847.645020
   41.40	21156147	847.650024
   40.50	21156237	847.655029
   40.50	21156328	847.659973
   41.00	21156418	847.664978
   40.50	21156509	847.669983
   41.40	21156599	847.674988
   40.50	21156690	847.679993
   40.50	21156780	847.684998
   41.40	21156871	847.690002
   40.50	21156962	847.695007
   40.50	21157052	847.700012
   41.40	21157142	847.705017
   39.60	21157233	847.710022
   41.40	21157324	847.715027
   41.40	21157414	847.719971
   40.09	21157505	847.724976
   41.40	21157595	847.729980
   40.50	21157686	847.734985
   40.50	21157777	847.739990
   41.40	21157867	847.744995
   40.50	21157958	847.750000
   40.50	21158048	847.755005
   41.40	21158139	847.760010
   39.60	21158229	847.765015
   40.50	21158320	847.770020
   41.40	21158410	847.775024
   39.60	21158501	847.780029
   41.40	21158591	847.784973
   41.00	21158682	847.789978
   40.50	21158772	847.794983
   41.40	21158863	847.799988
   39.60	21158953	847.804993
   41.40	21159044	847.809998
   41.40	21159134	847.815002
   39.60	21159225	847.820007
   41.40	21159315	847.825012
   40.50	21159405	847.830017
   40.50	21159496	847.835022
   41.40	21159586	847.840027
   39.60	21159676	847.844971
   41.91	21159767	847.849976
   40.50	21159858	847.854980
   40.50	21159948	847.859985
   41.40	21160038	847.864990
   39.60	21160129	847.869995
   41.40	21160219	847.875000
   40.50	21160310	847.880005
   40.50	21160400	847.885010
   41.40	21160491	847.890015
   40.50	21160581	847.895020
   40.50	21160672	847.900024
   41.40	21160762	847.905029
   39.60	21160853	847.909973
   41.91	21160943	847.914978
   40.50	21161034	847.919983
   40.50	21161124	847.924988
   41.40	21161215	847.929993
   40.50	21161305	847.934998
   40.50	21161395	847.940002
   40.50	21161486	847.945007
   40.50	21161576	847.950012
   41.40	21161667	847.955017
   40.50	21161757	847.960022
   40.50	21161847	847.965027
   40.50	21161938	847.969971
   41.00	21162029	847.974976
   41.40	21162119	847.979980
   40.50	21162209	847.984985
   40.50	21162300	847.989990
   41.40	21162390	847.994995
   39.60	21162481	848.000000
   41.40	21162571	848.005005
   40.50	21162662	848.010010
   40.50	21162752	848.015015
   41.40	21162843	848.020020
   40.50	21162933	848.025024
   40.50	21163024	848.030029
   41.40	21163114	848.034973
   40.09	21163205	848.039978
   41.40	21163295	848.044983
   40.50	21163386	848.049988
   40.50	21163477	848.054993
   41.40	21163567	848.059998
   40.50	21163657	848.065002
   40.50	21163748	848.070007
   41.40	21163839	848.075012
   39.60	21163929	848.080017
   41.40	21164020	848.085022
   41.40	21164111	848.090027
   40.50	21164201	848.094971
   41.00	21164292	848.099976
   40.50	21164382	848.104980
   40.50	21164473	848.109985
   41.40	21164563	848.114990
   40.50	21164654	848.119995
   40.50	21164744	848.125000
   41.40	21164835	848.130005
   40.50	21164926	848.135010
   40.50	21165016	848.140015
   41.40	21165106	848.145020
   39.60	21165197	848.150024
   41.40	21165288	848.155029
   40.50	21165378	848.159973
   41.00	21165469	848.164978
   41.40	21165560	848.169983
   40.50	21165650	848.174988
   39.60	21165740	848.179993
   41.40	21165831	848.184998
   40.50	21165922	848.190002
   40.50	21166012	848.195007
   40.50	21166102	848.200012
   40.50	21166193	848.205017
   41.40	21166283	848.210022
   40.50	21166374	848.215027
   40.50	21166464	848.219971
   41.91	21166554	848.224976
   39.60	21166645	848.229980
   41.40	21166735	848.234985
   40.50	21166826	848.239990
   40.50	21166916	848.244995
   41.40	21167007	848.250000
   40.50	21167097	848.255005
   40.50	21167187	848.260010
   40.50	21167278	848.265015
   40.50	21167369	848.270020
   41.40	21167459	848.275024
   40.50	21167549	848.280029
   40.50	21167639	848.284973
   41.00	21167730	848.289978
   40.50	21167820	848.294983
   41.40	21167911	848.299988
   39.60	21168001	848.304993
   41.40	21168092	848.309998
   40.50	21168182	848.315002
   40.50	21168272	848.320007
   41.40	21168362	848.325012
   39.60	21168453	848.330017
   41.40	21168543	848.335022
   39.60	21168633	848.340027
   41.40	21168723	848.344971
   41.00	21168814	848.349976
   40.50	21168904	848.354980
   40.50	21168994	848.359985
   40.50	21169084	848.364990
   41.40	21169175	848.369995
   39.60	21169264	848.375000
   41.40	21169355	848.380005
   39.60	21169445	848.385010
   41.40	21169535	848.390015
   40.50	21169625	848.395020
   40.50	21169715	848.400024
   40.50	21169805	848.405029
   40.50	21169895	848.409973
   41.00	21169985	848.414978
   40.50	21170075	848.419983
   39.60	21170165	848.424988
   41.40	21170255	848.429993
   40.50	21170345	848.434998
   40.50	21170435	848.440002
   39.60	21170525	848.445007
   41.40	21170615	848.450012
   40.50	21170705	848.455017
   40.50	21170795	848.460022
   39.60	21170885	848.465027
   41.40	21170975	848.469971
   41.00	21171065	848.474976
   40.50	21171155	848.479980
   40.50	21171245	848.484985
   40.50	21171336	848.489990
   40.50	21171425	848.494995
   40.50	21171516	848.500000
   40.50	21171606	848.505005
   40.50	21171696	848.510010
   41.40	21171786	848.515015
   39.60	21171876	848.520020
   41.40	21171966	848.525024
   39.60	21172057	848.530029
   41.40	21172146	848.534973
   40.09	21172237	848.539978
   41.40	21172327	848.544983
   39.60	21172417	848.549988
   41.40	21172507	848.554993
   39.60	21172597	848.559998
   41.40	21172687	848.565002
   40.50	21172778	848.570007
   40.50	21172867	848.575012
   40.50	21172958	848.580017
   40.50	21173048	848.585022
   40.50	21173138	848.590027
   40.50	21173228	848.594971
   41.00	21173318	848.599976
   40.50	21173408	848.604980
   41.40	21173499	848.609985
   39.60	21173589	848.614990
   41.40	21173679	848.619995
   40.50	21173769	848.625000
   40.50	21173860	848.630005
   40.50	21173950	848.635010
   40.50	21174040	848.640015
   41.40	21174130	848.645020
   39.60	21174221	848.650024
   41.40	21174311	848.655029
   39.60	21174401	848.659973
   41.91	21174491	848.664978
   40.50	21174582	848.669983
   40.50	21174672	848.674988
   40.50	21174762	848.679993
   40.50	21174852	848.684998
   41.40	21174943	848.690002
   39.60	21175033	848.695007
   41.40	21175123	848.700012
   40.50	21175213	848.705017
   40.50	21175304	848.710022
   40.50	21175394	848.715027
   40.50	21175484	848.719971
   41.91	21175574	848.724976
   39.60	21175665	848.729980
   41.40	21175755	848.734985
   39.60	21175845	848.739990
   41.40	21175935	848.744995
   40.50	21176026	848.750000
   40.50	21176116	848.755005
   41.40	21176207	848.760010
   39.60	21176297	848.765015
   41.40	21176388	848.770020
   41.40	21176478	848.775024
   39.60	21176568	848.780029
   41.40	21176659	848.784973
   40.09	21176749	848.789978
   41.40	21176839	848.794983
   40.50	21176930	848.799988
   40.50	21177020	848.804993
   41.40	21177111	848.809998
   40.50	21177201	848.815002
   40.50	21177291	848.820007
   40.50	21177381	848.825012
   40.50	21177472	848.830017
   41.40	21177562	848.835022
   39.60	21177653	848.840027
   41.40	21177743	848.844971
   41.00	21177834	848.849976
   40.50	21177924	848.854980
   41.40	21178014	848.859985
   39.60	21178105	848.864990
   41.40	21178196	848.869995
   40.50	21178286	848.875000
   40.50	21178376	848.880005
   41.40	21178466	848.885010
   39.60	21178557	848.890015
   41.40	21178647	848.895020
   40.50	21178738	848.900024
   40.50	21178828	848.905029
   41.40	21178919	848.909973
   41.00	21179009	848.914978
   40.50	21179099	848.919983
   40.50	21179190	848.924988
   40.50	21179281	848.929993
   41.40	21179371	848.934998
   39.60	21179461	848.940002
   41.40	21179552	848.945007
   40.50	21179642	848.950012
   39.60	21179733	848.955017
   41.40	21179823	848.960022
   40.50	21179913	848.965027
   40.50	21180004	848.969971
   41.91	21180094	848.974976
   39.60	21180185	848.979980
   41.40	21180275	848.984985
   40.50	21180366	848.989990
   40.50	21180456	848.994995
   41.40	21180547	849.000000
   40.50	21180637	849.005005
   40.50	21180728	849.010010
   41.40	21180819	849.015015
   39.60	21180909	849.020020
   41.40	21181000	849.025024
   41.40	21181090	849.030029
   39.60	21181181	849.034973
   41.91	21181271	849.039978
   40.50	21181362	849.044983
   40.50	21181453	849.049988
   41.40	21181543	849.054993
   39.60	21181633	849.059998
   41.40	21181724	849.065002
   41.40	21181815	849.070007
   39.60	21181905	849.075012
   41.40	21181995	849.080017
   40.50	21182086	849.085022
   40.50	21182177	849.090027
   41.40	21182267	849.094971
   40.09	21182357	849.099976
   41.40	21182448	849.104980
   41.40	21182539	849.109985
   40.50	21182629	849.114990
   40.50	21182720	849.119995
   41.40	21182810	849.125000
   39.60	21182901	849.130005
   41.40	21182991	849.135010
   40.50	21183082	849.140015
   40.50	21183173	849.145020
   41.40	21183264	849.150024
   40.50	21183354	849.155029
   40.50	21183445	849.159973
   41.91	21183535	849.164978
   40.50	21183626	849.169983
   40.50	21183716	849.174988
   41.40	21183807	849.179993
   40.50	21183898	849.184998
   40.50	21183989	849.190002
   41.40	21184079	849.195007
   40.50	21184170	849.200012
   40.50	21184261	849.205017
   41.40	21184352	849.210022
   40.50	21184442	849.215027
   40.50	21184533	849.219971
   41.91	21184623	849.224976
   40.50	21184714	849.229980
   40.50	21184805	849.234985
   41.40	21184896	849.239990
   41.40	21184986	849.244995
   39.60	21185077	849.250000
   41.40	21185168	849.255005
   40.50	21185258	849.260010
   40.50	21185349	849.265015
   41.40	21185440	849.270020
   41.40	21185530	849.275024
   39.60	21185621	849.280029
   41.40	21185712	849.284973
   41.91	21185802	849.289978
   39.60	21185893	849.294983
   41.40	21185984	849.299988
   40.50	21186074	849.304993
   40.50	21186165	849.309998
   41.40	21186255	849.315002
   40.50	21186346	849.320007
   40.50	21186436	849.325012
   41.40	21186527	849.330017
   40.50	21186617	849.335022
   40.50	21186708	849.340027
   41.40	21186799	849.344971
   41.00	21186889	849.349976
   40.50	21186979	849.354980
   40.50	21187070	849.359985
   40.50	21187161	849.364990
   41.40	21187251	849.369995
   40.50	21187341	849.375000
   40.50	21187432	849.380005
   41.40	21187523	849.385010
   39.60	21187613	849.390015
   41.40	21187703	849.395020
   40.50	21187794	849.400024
   40.50	21187884	849.405029
   41.40	21187975	849.409973
   41.00	21188065	849.414978
   40.50	21188156	849.419983
   41.40	21188246	849.424988
   39.60	21188337	849.429993
   41.40	21188427	849.434998
   40.50	21188518	849.440002
   40.50	21188608	849.445007
   41.40	21188699	849.450012
   40.50	21188789	849.455017
   40.50	21188880	849.460022
   41.40	21188970	849.465027
   39.60	21189061	849.469971
   41.91	21189151	849.474976
   40.50	21189242	849.479980
   40.50	21189332	849.484985
   41.40	21189423	849.489990
   40.50	21189513	849.494995
   40.50	21189604	849.500000
   41.40	21189694	849.505005
   39.60	21189785	849.510010
   41.40	21189875	849.515015
   40.50	21189966	849.520020
   40.50	21190056	849.525024
   41.40	21190147	849.530029
   40.50	21190237	849.534973
   41.00	21190328	849.539978
   41.40	21190418	849.544983
   39.60	21190509	849.549988
   41.40	21190599	849.554993
   40.50	21190690	849.559998
   40.50	21190780	849.565002
   41.40	21190871	849.570007
   40.50	21190961	849.575012
   40.50	21191052	849.580017
   41.40	21191143	849.585022
   39.60	21191233	849.590027
   41.40	21191323	849.594971
   41.00	21191414	849.599976
   40.50	21191505	849.604980
   41.40	21191595	849.609985
   40.50	21191685	849.614990
   40.50	21191776	849.619995
   41.40	21191867	849.625000
   39.60	21191957	849.630005
   41.40	21192047	849.635010
   40.50	21192138	849.640015
   40.50	21192229	849.645020
   41.40	21192319	849.650024
   40.50	21192409	849.655029
   40.50	21192500	849.659973
   41.91	21192591	849.664978
   39.60	21192681	849.669983
   41.40	21192771	849.674988
   40.50	21192862	849.679993
   40.50	21192953	849.684998
   41.40	21193043	849.690002
   40.50	21193133	849.695007
   40.50	21193224	849.700012
   41.40	21193315	849.705017
   39.60	21193405	849.710022
   41.40	21193495	849.715027
   40.50	21193586	849.719971
   41.00	21193677	849.724976
   41.40	21193767	849.729980
   40.50	21193857	849.734985
   40.50	21193948	849.739990
   41.40	21194038	849.744995
   39.60	21194129	849.750000
   41.40	21194219	849.755005
   40.50	21194310	849.760010
   40.50	21194400	849.765015
   41.40	21194491	849.770020
   39.60	21194581	849.775024
   41.40	21194671	849.780029
   40.50	21194762	849.784973
   41.00	21194852	849.789978
   41.40	21194942	849.794983
   39.60	21195033	849.799988
   41.40	21195123	849.804993
   40.50	21195214	849.809998
   40.50	21195304	849.815002
   40.50	21195394	849.820007
   40.50	21195484	849.825012
   41.40	21195575	849.830017
   39.60	21195665	849.835022
   41.40	21195755	849.840027
   40.50	21195846	849.844971
   41.00	21195936	849.849976
   41.40	21196026	849.854980
   39.60	21196117	849.859985
   41.40	21196207	849.864990
   39.60	21196297	849.869995
   41.40	21196387	849.875000
   40.50	21196478	849.880005
   40.50	21196568	849.885010
   41.40	21196658	849.890015
   39.60	21196748	849.895020
   41.40	21196839	849.900024
   39.60	21196929	849.905029
   41.40	21197019	849.909973
   40.09	21197109	849.914978
   41.40	21197199	849.919983
   40.50	21197289	849.924988
   40.50	21197379	849.929993
   40.50	21197469	849.934998
   40.50	21197559	849.940002
   40.50	21197649	849.945007
   40.50	21197739	849.950012
   40.50	21197829	849.955017
   40.50	21197919	849.960022
   40.50	21198009	849.965027
   40.50	21198099	849.969971
   41.00	21198189	849.974976
   40.50	21198279	849.979980
   40.50	21198369	849.984985
   40.50	21198459	849.989990
   39.60	21198548	849.994995
   41.40	21198639	850.000000
   39.60	21198729	850.005005
   41.40	21198819	850.010010
   39.60	21198908	850.015015
   41.40	21198998	850.020020
   39.60	21199088	850.025024
   41.40	21199178	850.030029
   39.60	21199268	850.034973
   41.91	21199358	850.039978
   39.60	21199448	850.044983
   41.40	21199538	850.049988
   39.60	21199628	850.054993
   40.50	21199718	850.059998
   40.50	21199808	850.065002
   41.40	21199898	850.070007
   39.60	21199988	850.075012
   40.50	21200078	850.080017
   40.50	21200168	850.085022
   41.40	21200258	850.090027
   39.60	21200348	850.094971
   41.91	21200438	850.099976
   39.60	21200528	850.104980
   41.40	21200618	850.109985
   39.60	21200708	850.114990
   41.40	21200798	850.119995
   39.60	21200888	850.125000
   41.40	21200978	850.130005
   39.60	21201068	850.135010
   41.40	21201158	850.140015
   39.60	21201248	850.145020
   41.40	21201339	850.150024
   39.60	21201428	850.155029
   41.40	21201519	850.159973
   40.09	21201609	850.164978
   41.40	21201699	850.169983
   39.60	21201788	850.174988
   41.40	21201879	850.179993
   39.60	21201969	850.184998
   41.40	21202059	850.190002
   39.60	21202148	850.195007
   41.40	21202239	850.200012
   39.60	21202329	850.205017
   41.40	21202419	850.210022
   39.60	21202508	850.215027
   41.40	21202599	850.219971
   41.00	21202689	850.224976
   40.50	21202779	850.229980
   39.60	21202869	850.234985
   41.40	21202959	850.239990
   40.50	21203049	850.244995
   40.50	21203139	850.250000
   39.60	21203229	850.255005
   41.40	21203319	850.260010
   40.50	21203409	850.265015
   40.50	21203499	850.270020
   40.50	21203589	850.275024
   40.50	21203679	850.280029
   40.50	21203769	850.284973
   41.00	21203859	850.289978
   40.50	21203949	850.294983
   40.50	21204040	850.299988
   41.40	21204130	850.304993
   39.60	21204220	850.309998
   41.40	21204310	850.315002
   39.60	21204400	850.320007
   41.40	21204491	850.325012
   39.60	21204581	850.330017
   41.40	21204671	850.335022
   39.60	21204761	850.340027
   41.40	21204851	850.344971
   41.00	21204942	850.349976
   40.50	21205031	850.354980
   40.50	21205122	850.359985
   40.50	21205212	850.364990
   41.40	21205302	850.369995
   39.60	21205392	850.375000
   41.40	21205483	850.380005
   40.50	21205573	850.385010
   40.50	21205663	850.390015
   40.50	21205753	850.395020
   40.50	21205844	850.400024
   41.40	21205934	850.405029
   39.60	21206024	850.409973
   41.91	21206114	850.414978
   39.60	21206205	850.419983
   41.40	21206295	850.424988
   40.50	21206386	850.429993
   40.50	21206475	850.434998
   40.50	21206566	850.440002
   40.50	21206656	850.445007
   41.40	21206747	850.450012
   39.60	21206836	850.455017
   41.40	21206927	850.460022
   40.50	21207017	850.465027
   40.50	21207108	850.469971
   41.00	21207198	850.474976
   40.50	21207288	850.479980
   41.40	21207378	850.484985
   39.60	21207469	850.489990
   41.40	21207559	850.494995
   39.60	21207649	850.500000
   41.40	21207740	850.505005
   40.50	21207830	850.510010
   40.50	21207920	850.515015
   41.40	21208011	850.520020
   40.50	21208101	850.525024
   40.50	21208192	850.530029
   40.50	21208282	850.534973
   41.00	21208372	850.539978
   41.40	21208463	850.544983
   39.60	21208553	850.549988
   41.40	21208643	850.554993
   40.50	21208734	850.559998
   40.50	21208824	850.565002
   41.40	21208915	850.570007
   39.60	21209005	850.575012
   41.40	21209095	850.580017
   40.50	21209186	850.585022
   40.50	21209276	850.590027
   41.40	21209366	850.594971
   40.09	21209457	850.599976
   41.40	21209547	850.604980
   40.50	21209638	850.609985
   40.50	21209728	850.614990
   41.40	21209819	850.619995
   39.60	21209909	850.625000
   41.40	21209999	850.630005
   40.50	21210089	850.635010
   40.50	21210180	850.640015
   41.40	21210270	850.645020
   39.60	21210361	850.650024
   41.40	21210451	850.655029
   40.50	21210542	850.659973
   41.00	21210632	850.664978
   40.50	21210722	850.669983
   40.50	21210812	850.674988
   41.40	21210903	850.679993
   40.50	21210993	850.684998
   40.50	21211084	850.690002
   40.50	21211174	850.695007
   40.50	21211265	850.700012
   41.40	21211355	850.705017
   40.50	21211445	850.710022
   40.50	21211536	850.715027
   40.50	21211626	850.719971
   41.00	21211717	850.724976
   41.40	21211807	850.729980
   40.50	21211897	850.734985
   40.50	21211988	850.739990
   41.40	21212078	850.744995
   39.60	21212169	850.750000
   41.40	21212259	850.755005
   40.50	21212350	850.760010
   40.50	21212440	850.765015
   41.40	21212531	850.770020
   40.50	21212621	850.775024
   40.50	21212712	850.780029
   41.40	21212802	850.784973
   40.09	21212893	850.789978
   41.40	21212983	850.794983
   40.50	21213074	850.799988
   40.50	21213164	850.804993
   41.40	21213255	850.809998
   39.60	21213345	850.815002
   41.40	21213436	850.820007
   41.40	21213526	850.825012
   39.60	21213616	850.830017
   41.40	21213707	850.835022
   40.50	21213798	850.840027
   40.50	21213888	850.844971
   41.91	21213978	850.849976
   39.60	21214069	850.854980
   41.40	21214159	850.859985
   40.50	21214250	850.864990
   40.50	21214340	850.869995
   41.40	21214430	850.875000
   39.60	21214521	850.880005
   41.40	21214611	850.885010
   40.50	21214702	850.890015
   40.50	21214792	850.895020
   41.40	21214883	850.900024
   40.50	21214973	850.905029
   40.50	21215063	850.909973
   41.00	21215154	850.914978
   40.50	21215244	850.919983
   41.40	21215334	850.924988
   39.60	21215425	850.929993
   41.40	21215515	850.934998
   40.50	21215606	850.940002
   40.50	21215696	850.945007
   41.40	21215786	850.950012
   39.60	21215877	850.955017
   41.40	21215967	850.960022
   40.50	21216057	850.965027
   40.50	21216148	850.969971
   41.91	21216238	850.974976
   39.60	21216329	850.979980
   41.40	21216419	850.984985
   40.50	21216509	850.989990
   40.50	21216599	850.994995
   40.50	21216690	851.000000
   40.50	21216780	851.005005
   41.40	21216871	851.010010
   39.60	21216961	851.015015
   41.40	21217052	851.020020
   40.50	21217142	851.025024
   40.50	21217232	851.030029
   41.40	21217322	851.034973
   40.09	21217413	851.039978
   41.40	21217503	851.044983
   40.50	21217593	851.049988
   40.50	21217684	851.054993
   40.50	21217774	851.059998
   40.50	21217864	851.065002
   41.40	21217955	851.070007
   40.50	21218045	851.075012
   40.50	21218136	851.080017
   41.40	21218226	851.085022
   39.60	21218316	851.090027
   41.40	21218406	851.094971
   40.09	21218497	851.099976
   41.40	21218587	851.104980
   40.50	21218677	851.109985
   40.50	21218768	851.114990
   41.40	21218859	851.119995
   39.60	21218949	851.125000
   41.40	21219039	851.130005
   40.50	21219129	851.135010
   40.50	21219220	851.140015
   41.40	21219310	851.145020
   39.60	21219400	851.150024
   41.40	21219491	851.155029
   40.50	21219581	851.159973
   41.00	21219672	851.164978
   40.50	21219762	851.169983
   40.50	21219852	851.174988
   41.40	21219943	851.179993
   40.50	21220033	851.184998
   40.50	21220123	851.190002
   40.50	21220214	851.195007
   40.50	21220305	851.200012
   41.40	21220395	851.205017
   39.60	21220485	851.210022
   41.40	21220575	851.215027
   40.50	21220666	851.219971
   41.00	21220756	851.224976
   41.40	21220847	851.229980
   39.60	21220937	851.234985
   41.40	21221028	851.239990
   40.50	21221118	851.244995
   40.50	21221208	851.250000
   41.40	21221298	851.255005
   39.60	21221389	851.260010
   41.40	21221479	851.265015
   40.50	21221569	851.270020
   40.50	21221660	851.275024
   41.40	21221751	851.280029
   39.60	21221841	851.284973
   41.91	21221931	851.289978
   40.50	21222021	851.294983
   40.50	21222112	851.299988
   41.40	21222202	851.304993
   39.60	21222292	851.309998
   41.40	21222383	851.315002
   39.60	21222473	851.320007
   41.40	21222563	851.325012
   40.50	21222654	851.330017
   40.50	21222744	851.335022
   41.40	21222835	851.340027
   39.60	21222925	851.344971
   41.91	21223015	851.349976
   40.50	21223105	851.354980
   40.50	21223196	851.359985
   40.50	21223286	851.364990
   40.50	21223376	851.369995
   41.40	21223466	851.375000
   39.60	21223557	851.380005
   41.40	21223647	851.385010
   39.60	21223737	851.390015
   41.40	21223827	851.395020
   40.50	21223918	851.400024
   40.50	21224008	851.405029
   40.50	21224098	851.409973
   41.00	21224188	851.414978
   41.40	21224279	851.419983
   40.50	21224369	851.424988
   40.50	21224459	851.429993
   40.50	21224549	851.434998
   40.50	21224640	851.440002
   41.40	21224730	851.445007
   39.60	21224820	851.450012
   41.40	21224910	851.455017
   39.60	21225001	851.460022
   41.40	21225091	851.465027
   39.60	21225181	851.469971
   41.91	21225271	851.474976
   40.50	21225362	851.479980
   40.50	21225452	851.484985
   40.50	21225542	851.489990
   40.50	21225632	851.494995
   40.50	21225722	851.500000
   40.50	21225812	851.505005
   40.50	21225902	851.510010
   40.50	21225992	851.515015
   41.40	21226082	851.520020
   39.60	21226172	851.525024
   40.50	21226262	851.530029
   40.50	21226352	851.534973
   41.91	21226442	851.539978
   39.60	21226532	851.544983
   40.50	21226622	851.549988
   40.50	21226712	851.554993
   40.50	21226802	851.559998
   40.50	21226891	851.565002
   40.50	21226981	851.570007
   40.50	21227071	851.575012
   40.50	21227162	851.580017
   40.50	21227251	851.585022
   40.50	21227341	851.590027
   40.50	21227431	851.594971
   41.00	21227521	851.599976
   40.50	21227611	851.604980
   39.60	21227701	851.609985
   41.40	21227791	851.614990
   39.60	21227881	851.619995
   41.40	21227971	851.625000
   39.60	21228061	851.630005
   41.40	21228151	851.635010
   39.60	21228241	851.640015
   41.40	21228331	851.645020
   39.60	21228421	851.650024
   41.40	21228511	851.655029
   39.60	21228601	851.659973
   41.91	21228691	851.664978
   39.60	21228781	851.669983
   41.40	21228871	851.674988
   39.60	21228961	851.679993
   41.40	21229051	851.684998
   39.60	21229141	851.690002
   41.40	21229231	851.695007
   39.60	21229321	851.700012
   41.40	21229411	851.705017
   39.60	21229501	851.710022
   41.40	21229591	851.715027
   40.50	21229681	851.719971
   41.00	21229771	851.724976
   39.60	21229861	851.729980
   41.40	21229951	851.734985
   40.50	21230041	851.739990
   40.50	21230131	851.744995
   40.50	21230221	851.750000
   40.50	21230311	851.755005
   40.50	21230401	851.760010
   40.50	21230491	851.765015
   39.60	21230581	851.770020
   41.40	21230671	851.775024
   40.50	21230762	851.780029
   40.50	21230851	851.784973
   41.00	21230941	851.789978
   40.50	21231031	851.794983
   40.50	21231122	851.799988
   40.50	21231211	851.804993
   40.50	21231301	851.809998
   40.50	21231391	851.815002
   40.50	21231482	851.820007
   40.50	21231571	851.825012
   40.50	21231661	851.830017
   40.50	21231751	851.835022
   40.50	21231842	851.840027
   40.50	21231932	851.844971
   41.00	21232022	851.849976
   40.50	21232112	851.854980
   40.50	21232202	851.859985
   39.60	21232292	851.864990
   40.50	21232382	851.869995
   40.50	21232472	851.875000
   41.40	21232563	851.880005
   39.60	21232652	851.885010
   41.40	21232743	851.890015
   39.60	21232833	851.895020
   41.40	21232923	851.900024
   40.50	21233013	851.905029
   40.50	21233103	851.909973
   41.00	21233193	851.914978
   40.50	21233284	851.919983
   40.50	21233373	851.924988
   40.50	21233464	851.929993
   40.50	21233554	851.934998
   40.50	21233644	851.940002
   41.40	21233734	851.945007
   39.60	21233824	851.950012
   41.40	21233914	851.955017
   39.60	21234005	851.960022
   41.40	21234095	851.965027
   39.60	21234185	851.969971
   41.91	21234275	851.974976
   40.50	21234366	851.979980
   40.50	21234455	851.984985
   40.50	21234546	851.989990
   40.50	21234636	851.994995
   41.40	21234726	852.000000
   39.60	21234816	852.005005
   41.40	21234906	852.010010
   39.60	21234997	852.015015
   41.40	21235087	852.020020
   40.50	21235177	852.025024
   40.50	21235267	852.030029
   40.50	21235358	852.034973
   41.00	21235448	852.039978
   41.40	21235538	852.044983
   39.60	21235628	852.049988
   41.40	21235719	852.054993
   39.60	21235809	852.059998
   41.40	21235899	852.065002
   40.50	21235989	852.070007
   40.50	21236080	852.075012
   40.50	21236170	852.080017
   40.50	21236260	852.085022
   41.40	21236351	852.090027
   39.60	21236441	852.094971
   41.91	21236531	852.099976
   40.50	21236621	852.104980
   40.50	21236712	852.109985
   41.40	21236802	852.114990
   39.60	21236893	852.119995
   41.40	21236983	852.125000
   39.60	21237073	852.130005
   41.40	21237164	852.135010
   40.50	21237254	852.140015
   40.50	21237344	852.145020
   41.40	21237435	852.150024
   39.60	21237525	852.155029
   41.40	21237616	852.159973
   41.00	21237706	852.164978
   40.50	21237796	852.169983
   41.40	21237886	852.174988
   39.60	21237977	852.179993
   41.40	21238067	852.184998
   40.50	21238158	852.190002
   40.50	21238248	852.195007
   41.40	21238339	852.200012
   39.60	21238429	852.205017
   41.40	21238519	852.210022
   40.50	21238610	852.215027
   40.50	21238700	852.219971
   41.91	21238790	852.224976
   39.60	21238881	852.229980
   41.40	21238971	852.234985
   40.50	21239062	852.239990
   40.50	21239152	852.244995
   41.40	21239243	852.250000
   39.60	21239333	852.255005
   41.40	21239424	852.260010
   40.50	21239514	852.265015
   40.50	21239604	852.270020
   41.40	21239695	852.275024
   40.50	21239786	852.280029
   40.50	21239876	852.284973
   41.91	21239966	852.289978
   39.60	21240057	852.294983
   41.40	21240148	852.299988
   40.50	21240238	852.304993
   40.50	21240328	852.309998
   41.40	21240419	852.315002
   40.50	21240510	852.320007
   40.50	21240600	852.325012
   41.40	21240690	852.330017
   39.60	21240781	852.335022
   41.40	21240872	852.340027
   40.50	21240962	852.344971
   41.00	21241053	852.349976
   41.40	21241143	852.354980
   40.50	21241234	852.359985
   40.50	21241324	852.364990
   41.40	21241415	852.369995
   40.50	21241505	852.375000
   40.50	21241596	852.380005
   41.40	21241686	852.385010
   39.60	21241777	852.390015
   41.40	21241867	852.395020
   40.50	21241958	852.400024
   40.50	21242048	852.405029
   41.40	21242139	852.409973
   41.00	21242230	852.414978
   40.50	21242321	852.419983
   41.40	21242411	852.424988
   39.60	21242501	852.429993
   41.40	21242592	852.434998
   41.40	21242683	852.440002
   39.60	21242773	852.445007
   41.40	21242863	852.450012
   40.50	21242954	852.455017
   40.50	21243044	852.460022
   41.40	21243134	852.465027
   39.60	21243225	852.469971
   41.91	21243315	852.474976
   40.50	21243406	852.479980
   40.50	21243496	852.484985
   41.40	21243587	852.489990
   40.50	21243677	852.494995
   40.50	21243768	852.500000
   40.50	21243858	852.505005
   40.50	21243948	852.510010
   41.40	21244039	852.515015
   40.50	21244130	852.520020
   40.50	21244220	852.525024
   40.50	21244310	852.530029
   40.50	21244401	852.534973
   41.91	21244491	852.539978
   40.50	21244581	852.544983
   40.50	21244672	852.549988
   41.40	21244763	852.554993
   40.50	21244853	852.559998
   40.50	21244943	852.565002
   40.50	21245034	852.570007
   40.50	21245125	852.575012
   41.40	21245215	852.580017
   40.50	21245305	852.585022
   40.50	21245396	852.590027
   41.40	21245487	852.594971
   40.09	21245577	852.599976
   41.40	21245667	852.604980
   40.50	21245758	852.609985
   40.50	21245849	852.614990
   41.40	21245939	852.619995
   40.50	21246029	852.625000
   40.50	21246120	852.630005
   41.40	21246211	852.635010
   39.60	21246301	852.640015
   41.40	21246391	852.645020
   40.50	21246482	852.650024
   40.50	21246573	852.655029
   41.40	21246663	852.659973
   41.00	21246754	852.664978
   40.50	21246844	852.669983
   41.40	21246935	852.674988
   40.50	21247026	852.679993
   40.50	21247116	852.684998
   41.40	21247207	852.690002
   40.50	21247297	852.695007
   40.50	21247388	852.700012
   41.40	21247478	852.705017
   39.60	21247569	852.710022
   41.40	21247660	852.715027
   40.50	21247750	852.719971
   41.00	21247840	852.724976
   41.40	21247931	852.729980
   40.50	21248022	852.734985
   40.50	21248113	852.739990
   41.40	21248203	852.744995
   40.50	21248294	852.750000
   40.50	21248385	852.755005
   41.40	21248475	852.760010
   40.50	21248566	852.765015
   40.50	21248657	852.770020
   41.40	21248747	852.775024
   40.50	21248838	852.780029
   40.50	21248928	852.784973
   41.91	21249019	852.789978
   40.50	21249110	852.794983
   40.50	21249201	852.799988
   41.40	21249291	852.804993
   40.50	21249382	852.809998
   40.50	21249472	852.815002
   41.40	21249563	852.820007
   40.50	21249653	852.825012
   40.50	21249744	852.830017
   41.40	21249835	852.835022
   40.50	21249926	852.840027
   40.50	21250016	852.844971
   41.91	21250107	852.849976
   40.50	21250197	852.854980
   40.50	21250288	852.859985
   41.40	21250378	852.864990
   39.60	21250469	852.869995
   41.40	21250560	852.875000
   40.50	21250650	852.880005
   40.50	21250740	852.885010
   41.40	21250831	852.890015
   40.50	21250922	852.895020
   40.50	21251012	852.900024
   41.40	21251102	852.905029
   39.60	21251193	852.909973
   41.91	21251284	852.914978
   40.50	21251374	852.919983
   40.50	21251464	852.924988
   41.40	21251555	852.929993
   40.50	21251645	852.934998
   40.50	21251736	852.940002
   41.40	21251826	852.945007
   39.60	21251917	852.950012
   41.40	21252007	852.955017
   40.50	21252098	852.960022
   40.50	21252188	852.965027
   41.40	21252279	852.969971
   40.09	21252369	852.974976
   41.40	21252459	852.979980
   40.50	21252549	852.984985
   40.50	21252640	852.989990
   41.40	21252731	852.994995
   39.60	21252821	853.000000
   41.40	21252911	853.005005
   40.50	21253002	853.010010
   40.50	21253092	853.015015
   41.40	21253183	853.020020
   39.60	21253272	853.025024
   41.40	21253363	853.030029
   40.50	21253453	853.034973
   41.00	21253544	853.039978
   40.50	21253634	853.044983
   40.50	21253724	853.049988
   41.40	21253814	853.054993
   39.60	21253904	853.059998
   41.40	21253994	853.065002
   39.60	21254085	853.070007
   41.40	21254175	853.075012
   39.60	21254265	853.080017
   41.40	21254355	853.085022
   39.60	21254445	853.090027
   41.40	21254535	853.094971
   41.00	21254625	853.099976
   40.50	21254715	853.104980
   39.60	21254805	853.109985
   41.40	21254895	853.114990
   39.60	21254985	853.119995
   41.40	21255075	853.125000
   39.60	21255165	853.130005
   41.40	21255255	853.135010
   40.50	21255345	853.140015
   40.50	21255435	853.145020
   40.50	21255525	853.150024
   40.50	21255615	853.155029
   40.50	21255705	853.159973
   41.00	21255795	853.164978
   40.50	21255886	853.169983
   40.50	21255975	853.174988
   40.50	21256066	853.179993
   40.50	21256155	853.184998
   40.50	21256246	853.190002
   40.50	21256336	853.195007
   40.50	21256426	853.200012
   40.50	21256516	853.205017
   41.40	21256606	853.210022
   39.60	21256697	853.215027
   41.40	21256787	853.219971
   40.09	21256877	853.224976
   41.40	21256967	853.229980
   40.50	21257057	853.234985
   40.50	21257147	853.239990
   40.50	21257237	853.244995
   40.50	21257328	853.250000
   40.50	21257418	853.255005
   40.50	21257508	853.260010
   41.40	21257598	853.265015
   39.60	21257688	853.270020
   41.40	21257779	853.275024
   39.60	21257869	853.280029
   41.40	21257959	853.284973
   40.09	21258049	853.289978
   41.40	21258139	853.294983
   40.50	21258230	853.299988
   40.50	21258319	853.304993
   40.50	21258410	853.309998
   40.50	21258500	853.315002
   41.40	21258591	853.320007
   39.60	21258680	853.325012
   41.40	21258771	853.330017
   40.50	21258861	853.335022
   40.50	21258952	853.340027
   40.50	21259041	853.344971
   41.00	21259132	853.349976
   41.40	21259222	853.354980
   39.60	21259313	853.359985
   41.40	21259402	853.364990
   39.60	21259493	853.369995
   41.40	21259583	853.375000
   40.50	21259674	853.380005
   40.50	21259764	853.385010
   41.40	21259854	853.390015
   39.60	21259945	853.395020
   41.40	21260035	853.400024
   40.50	21260125	853.405029
   40.50	21260216	853.409973
   41.91	21260306	853.414978
   39.60	21260396	853.419983
   41.40	21260486	853.424988
   39.60	21260577	853.429993
   41.40	21260667	853.434998
   40.50	21260758	853.440002
   40.50	21260848	853.445007
   40.50	21260938	853.450012
   40.50	21261029	853.455017
   41.40	21261119	853.460022
   40.50	21261209	853.465027
   40.50	21261300	853.469971
   41.91	21261390	853.474976
   39.60	21261480	853.479980
   41.40	21261570	853.484985
   39.60	21261661	853.489990
   41.40	21261752	853.494995
   40.50	21261842	853.500000
   40.50	21261932	853.505005
   41.40	21262023	853.510010
   40.50	21262113	853.515015
   40.50	21262204	853.520020
   41.40	21262294	853.525024
   39.60	21262385	853.530029
   41.40	21262475	853.534973
   41.00	21262565	853.539978
   40.50	21262656	853.544983
   40.50	21262746	853.549988
   39.60	21262837	853.554993
   41.40	21262927	853.559998
   40.50	21263018	853.565002
   40.50	21263108	853.570007
   41.40	21263199	853.575012
   40.50	21263289	853.580017
   40.50	21263380	853.585022
   41.40	21263471	853.590027
   40.50	21263561	853.594971
   41.00	21263651	853.599976
   40.50	21263742	853.604980
   40.50	21263833	853.609985
   41.40	21263923	853.614990
   40.50	21264013	853.619995
   40.50	21264104	853.625000
   41.40	21264195	853.630005
   40.50	21264285	853.635010
   40.50	21264375	853.640015
   40.50	21264466	853.645020
   40.50	21264557	853.650024
   41.40	21264647	853.655029
   40.50	21264738	853.659973
   41.00	21264828	853.664978
   41.40	21264919	853.669983
   40.50	21265009	853.674988
   40.50	21265100	853.679993
   41.40	21265190	853.684998
   39.60	21265281	853.690002
   41.40	21265372	853.695007
   40.50	21265462	853.700012
   40.50	21265552	853.705017
   41.40	21265643	853.710022
   40.50	21265734	853.715027
   40.50	21265824	853.719971
   41.91	21265915	853.724976
   39.60	21266005	853.729980
   41.40	21266096	853.734985
   40.50	21266186	853.739990
   40.50	21266277	853.744995
   41.40	21266367	853.750000
   40.50	21266458	853.755005
   40.50	21266548	853.760010
   41.40	21266639	853.765015
   39.60	21266729	853.770020
   41.40	21266820	853.775024
   41.40	21266910	853.780029
   39.60	21267001	853.784973
   41.91	21267092	853.789978
   41.40	21267182	853.794983
   39.60	21267273	853.799988
   41.40	21267363	853.804993
   40.50	21267454	853.809998
   40.50	21267544	853.815002
   41.40	21267635	853.820007
   40.50	21267725	853.825012
   40.50	21267816	853.830017
   41.40	21267907	853.835022
   40.50	21267997	853.840027
   40.50	21268088	853.844971
   41.91	21268179	853.849976
   40.50	21268269	853.854980
   40.50	21268360	853.859985
   41.40	21268450	853.864990
   39.60	21268542	853.869995
   40.50	21268632	853.875000
   41.40	21268723	853.880005
   40.50	21268813	853.885010
   40.50	21268904	853.890015
   41.40	21268995	853.895020
   39.60	21269085	853.900024
   41.40	21269176	853.905029
   41.40	21269267	853.909973
   41.00	21269357	853.914978
   40.50	21269448	853.919983
   41.40	21269538	853.924988
   39.60	21269629	853.929993
   41.40	21269720	853.934998
   41.40	21269810	853.940002
   39.60	21269901	853.945007
   41.40	21269992	853.950012
   41.40	21270082	853.955017
   39.60	21270173	853.960022
   41.40	21270263	853.965027
   40.50	21270354	853.969971
   41.00	21270445	853.974976
   41.40	21270535	853.979980
   40.50	21270626	853.984985
   40.50	21270717	853.989990
   41.40	21270807	853.994995
   40.50	21270898	854.000000
   40.50	21270988	854.005005
   41.40	21271079	854.010010
   40.50	21271169	854.015015
   40.50	21271260	854.020020
   41.40	21271350	854.025024
   39.60	21271441	854.030029
   41.40	21271531	854.034973
   41.00	21271622	854.039978
   40.50	21271712	854.044983
   41.40	21271803	854.049988
   40.50	21271893	854.054993
   40.50	21271984	854.059998
   41.40	21272074	854.065002
   39.60	21272165	854.070007
   41.40	21272255	854.075012
   40.50	21272346	854.080017
   40.50	21272436	854.085022
   41.40	21272527	854.090027
   40.50	21272617	854.094971
   41.00	21272707	854.099976
   40.50	21272798	854.104980
   40.50	21272889	854.109985
   41.40	21272979	854.114990
   39.60	21273069	854.119995
   41.40	21273160	854.125000
   41.40	21273250	854.130005
   39.60	21273341	854.135010
   41.40	21273431	854.140015
   40.50	21273522	854.145020
   40.50	21273612	854.150024
   41.40	21273702	854.155029
   39.60	21273793	854.159973
   41.91	21273883	854.164978
   40.50	21273974	854.169983
   40.50	21274064	854.174988
   41.40	21274155	854.179993
   40.50	21274245	854.184998
   40.50	21274336	854.190002
   41.40	21274426	854.195007
   39.60	21274517	854.200012
   41.40	21274607	854.205017
   40.50	21274698	854.210022
   40.50	21274788	854.215027
   41.40	21274878	854.219971
   40.09	21274969	854.224976
   41.40	21275060	854.229980
   40.50	21275150	854.234985
   40.50	21275240	854.239990
   41.40	21275330	854.244995
   39.60	21275421	854.250000
   41.40	21275511	854.255005
   40.50	21275602	854.260010
   40.50	21275692	854.265015
   41.40	21275783	854.270020
   39.60	21275872	854.275024
   41.40	21275963	854.280029
   40.50	21276053	854.284973
   41.00	21276144	854.289978
   41.40	21276234	854.294983
   39.60	21276324	854.299988
   41.40	21276415	854.304993
   40.50	21276505	854.309998
   40.50	21276595	854.315002
   40.50	21276686	854.320007
   40.50	21276776	854.325012
   41.40	21276867	854.330017
   39.60	21276956	854.335022
   41.40	21277047	854.340027
   40.50	21277137	854.344971
   41.00	21277228	854.349976
   41.40	21277318	854.354980
   39.60	21277408	854.359985
   41.40	21277499	854.364990
   40.50	21277589	854.369995
   40.50	21277679	854.375000
   40.50	21277770	854.380005
   40.50	21277860	854.385010
   41.40	21277951	854.390015
   40.50	21278041	854.395020
   40.50	21278131	854.400024
   40.50	21278222	854.405029
   40.50	21278312	854.409973
   41.91	21278402	854.414978
   39.60	21278493	854.419983
   41.40	21278583	854.424988
   40.50	21278674	854.429993
   40.50	21278764	854.434998
   41.40	21278854	854.440002
   39.60	21278945	854.445007
   41.40	21279035	854.450012
   40.50	21279125	854.455017
   40.50	21279216	854.460022
   41.40	21279306	854.465027
   39.60	21279397	854.469971
   41.91	21279486	854.474976
   39.60	21279577	854.479980
   41.40	21279667	854.484985
   40.50	21279758	854.489990
   40.50	21279848	854.494995
   40.50	21279938	854.500000
   40.50	21280028	854.505005
   41.40	21280119	854.510010
   40.50	21280209	854.515015
   40.50	21280299	854.520020
   40.50	21280390	854.525024
   40.50	21280480	854.530029
   41.40	21280570	854.534973
   40.09	21280661	854.539978
   41.40	21280751	854.544983
   40.50	21280841	854.549988
   40.50	21280931	854.554993
   40.50	21281022	854.559998
   40.50	21281112	854.565002
   40.50	21281202	854.570007
   40.50	21281292	854.575012
   40.50	21281382	854.580017
   40.50	21281472	854.585022
   41.40	21281563	854.590027
   39.60	21281652	854.594971
   41.91	21281743	854.599976
   39.60	21281832	854.604980
   41.40	21281923	854.609985
   39.60	21282012	854.614990
   41.40	21282103	854.619995
   39.60	21282192	854.625000
   41.40	21282283	854.630005
   39.60	21282372	854.635010
   41.40	21282462	854.640015
   39.60	21282552	854.645020
   41.40	21282642	854.650024
   39.60	21282732	854.655029
   40.50	21282822	854.659973
   41.00	21282912	854.664978
   41.40	21283002	854.669983
   39.60	21283092	854.674988
   40.50	21283182	854.679993
   40.50	21283272	854.684998
   41.40	21283362	854.690002
   39.60	21283452	854.695007
   41.40	21283542	854.700012
   39.60	21283632	854.705017
   41.40	21283723	854.710022
   39.60	21283812	854.715027
   41.40	21283903	854.719971
   40.09	21283993	854.724976
   41.40	21284083	854.729980
   40.50	21284173	854.734985
   40.50	21284263	854.739990
   40.50	21284353	854.744995
   40.50	21284444	854.750000
   40.50	21284533	854.755005
   40.50	21284624	854.760010
   40.50	21284714	854.765015
   40.50	21284804	854.770020
   41.40	21284894	854.775024
   39.60	21284984	854.780029
   41.40	21285074	854.784973
   40.09	21285165	854.789978
   41.40	21285255	854.794983
   39.60	21285345	854.799988
   41.40	21285435	854.804993
   40.50	21285525	854.809998
   40.50	21285615	854.815002
   40.50	21285706	854.820007
   40.50	21285796	854.825012
   40.50	21285886	854.830017
   40.50	21285976	854.835022
   40.50	21286066	854.840027
   40.50	21286156	854.844971
   41.91	21286247	854.849976
   39.60	21286336	854.854980
   41.40	21286427	854.859985
   39.60	21286517	854.864990
   41.40	21286607	854.869995
   40.50	21286697	854.875000
   40.50	21286787	854.880005
   40.50	21286877	854.885010
   40.50	21286968	854.890015
   40.50	21287057	854.895020
   40.50	21287148	854.900024
   40.50	21287238	854.905029
   40.50	21287328	854.909973
   41.91	21287418	854.914978
   39.60	21287508	854.919983
   41.40	21287598	854.924988
   39.60	21287689	854.929993
   41.40	21287779	854.934998
   39.60	21287869	854.940002
   41.40	21287959	854.945007
   40.50	21288050	854.950012
   40.50	21288139	854.955017
   40.50	21288230	854.960022
   40.50	21288320	854.965027
   41.40	21288410	854.969971
   40.09	21288500	854.974976
   41.40	21288591	854.979980
   39.60	21288681	854.984985
   41.40	21288771	854.989990
   40.50	21288861	854.994995
   40.50	21288952	855.000000
   40.50	21289042	855.005005
   40.50	21289132	855.010010
   41.40	21289222	855.015015
   39.60	21289312	855.020020
   41.40	21289403	855.025024
   39.60	21289493	855.030029
   41.40	21289583	855.034973
   40.09	21289673	855.039978
   41.40	21289763	855.044983
   40.50	21289854	855.049988
   40.50	21289944	855.054993
   41.40	21290034	855.059998
   39.60	21290125	855.065002
   41.40	21290215	855.070007
   40.50	21290305	855.075012
   40.50	21290396	855.080017
   40.50	21290486	855.085022
   40.50	21290576	855.090027
   41.40	21290666	855.094971
   40.09	21290757	855.099976
   41.40	21290847	855.104980
   40.50	21290938	855.109985
   40.50	21291028	855.114990
   41.40	21291119	855.119995
   39.60	21291209	855.125000
   41.40	21291299	855.130005
   40.50	21291389	855.135010
   40.50	21291480	855.140015
   41.40	21291571	855.145020
   39.60	21291661	855.150024
   41.40	21291751	855.155029
   40.50	21291842	855.159973
   41.00	21291932	855.164978
   41.40	21292023	855.169983
   40.50	21292113	855.174988
   40.50	21292204	855.179993
   41.40	21292294	855.184998
   39.60	21292385	855.190002
   41.40	21292475	855.195007
   40.50	21292566	855.200012
   40.50	21292656	855.205017
   41.40	21292747	855.210022
   40.50	21292837	855.215027
   40.50	21292928	855.219971
   41.91	21293019	855.224976
   40.50	21293110	855.229980
   40.50	21293200	855.234985
   41.40	21293291	855.239990
   40.50	21293381	855.244995
   40.50	21293472	855.250000
   41.40	21293562	855.255005
   39.60	21293653	855.260010
   41.40	21293744	855.265015
   40.50	21293834	855.270020
   40.50	21293925	855.275024
   41.40	21294015	855.280029
   40.50	21294106	855.284973
   41.00	21294197	855.289978
   41.40	21294287	855.294983
   40.50	21294378	855.299988
   40.50	21294468	855.304993
   41.40	21294559	855.309998
   40.50	21294649	855.315002
   40.50	21294740	855.320007
   41.40	21294831	855.325012
   40.50	21294922	855.330017
   40.50	21295012	855.335022
   41.40	21295103	855.340027
   40.50	21295193	855.344971
   41.00	21295284	855.349976
   41.40	21295374	855.354980
   39.60	21295465	855.359985
   41.40	21295556	855.364990
   41.40	21295647	855.369995
   40.50	21295737	855.375000
   40.50	21295828	855.380005
   41.40	21295919	855.385010
   40.50	21296010	855.390015
   40.50	21296100	855.395020
   41.40	21296191	855.400024
   40.50	21296282	855.405029
   40.50	21296373	855.409973
   41.91	21296463	855.414978
   40.50	21296554	855.419983
   40.50	21296645	855.424988
   41.40	21296736	855.429993
   40.50	21296826	855.434998
   40.50	21296917	855.440002
   41.40	21297008	855.445007
   41.40	21297099	855.450012
   39.60	21297189	855.455017
   41.40	21297280	855.460022
   41.40	21297371	855.465027
   40.50	21297462	855.469971
   41.00	21297552	855.474976
   41.40	21297643	855.479980
   40.50	21297734	855.484985
   40.50	21297825	855.489990
   41.40	21297915	855.494995
   40.50	21298006	855.500000
   40.50	21298097	855.505005
   41.40	21298187	855.510010
   40.50	21298278	855.515015
   40.50	21298369	855.520020
   41.40	21298459	855.525024
   40.50	21298550	855.530029
   40.50	21298640	855.534973
   41.91	21298731	855.539978
   40.50	21298821	855.544983
   40.50	21298912	855.549988
   41.40	21299002	855.554993
   39.60	21299093	855.559998
   41.40	21299183	855.565002
   40.50	21299274	855.570007
   40.50	21299364	855.575012
   41.40	21299455	855.580017
   40.50	21299546	855.585022
   40.50	21299636	855.590027
   41.40	21299726	855.594971
   40.09	21299817	855.599976
   41.40	21299908	855.604980
   40.50	21299998	855.609985
   40.50	21300088	855.614990
   41.40	21300179	855.619995
   40.50	21300270	855.625000
   40.50	21300360	855.630005
   41.40	21300450	855.635010
   39.60	21300541	855.640015
   41.40	21300632	855.645020
   40.50	21300722	855.650024
   40.50	21300812	855.655029
   41.40	21300903	855.659973
   41.00	21300993	855.664978
   40.50	21301084	855.669983
   41.40	21301174	855.674988
   39.60	21301265	855.679993
   41.40	21301355	855.684998
   40.50	21301445	855.690002
   40.50	21301536	855.695007
   40.50	21301626	855.700012
   40.50	21301717	855.7050