  156.60	2773510	207.630005
  158.40	2773860	207.634995
  157.99	2774211	207.639999
  157.50	2774561	207.645004
  157.50	2774913	207.649994
  158.89	2775263	207.654999
  157.50	2775615	207.660004
  158.40	2775965	207.664993
  157.53	2776317	207.669998
  158.40	2776667	207.675003
  157.50	2777018	207.679993
  158.89	2777368	207.684998
  157.50	2777719	207.690002
  157.50	2778069	207.695007
  157.50	2778420	207.699997
  158.89	2778770	207.705002
  157.05	2779121	207.710007
  157.95	2779470	207.714996
  157.99	2779822	207.720001
  157.95	2780171	207.725006
  157.50	2780522	207.729996
  158.44	2780872	207.735001
  157.50	2781224	207.740005
  158.40	2781573	207.744995
  157.53	2781925	207.750000
  158.40	2782275	207.755005
  157.50	2782627	207.759995
  158.89	2782977	207.764999
  157.50	2783329	207.770004
  158.40	2783679	207.774994
  157.99	2784029	207.779999
  157.50	2784379	207.785004
  157.05	2784730	207.789993
  158.89	2785080	207.794998
  157.50	2785432	207.800003
  157.95	2785781	207.804993
  157.99	2786133	207.809998
  158.40	2786483	207.815002
  157.05	2786834	207.820007
  157.95	2787183	207.824997
  157.53	2787535	207.830002
  158.40	2787884	207.835007
  157.05	2788235	207.839996
  158.44	2788584	207.845001
  157.05	2788935	207.850006
  157.95	2789285	207.854996
  157.08	2789636	207.860001
  158.40	2789985	207.865005
  157.05	2790336	207.869995
  158.44	2790685	207.875000
  157.05	2791036	207.880005
  157.95	2791386	207.884995
  157.99	2791737	207.889999
  157.95	2792086	207.895004
  157.05	2792437	207.899994
  158.89	2792786	207.904999
  157.05	2793138	207.910004
  157.95	2793487	207.914993
  157.53	2793838	207.919998
  158.40	2794187	207.925003
  157.05	2794539	207.929993
  158.89	2794888	207.934998
  157.05	2795240	207.940002
  158.40	2795589	207.945007
  157.05	2795941	207.949997
  158.89	2796290	207.955002
  157.05	2796642	207.960007
  158.40	2796992	207.964996
  157.53	2797343	207.970001
  158.40	2797693	207.975006
  157.05	2798044	207.979996
  158.89	2798392	207.985001
  156.15	2798743	207.990005
  157.95	2799092	207.994995
  157.99	2799444	208.000000
  157.95	2799793	208.005005
  157.05	2800144	208.009995
  158.44	2800492	208.014999
  156.15	2800843	208.020004
  157.95	2801192	208.024994
  157.99	2801544	208.029999
  157.95	2801893	208.035004
  157.05	2802245	208.039993
  158.89	2802594	208.044998
  157.05	2802946	208.050003
  158.40	2803295	208.054993
  157.99	2803647	208.059998
  157.95	2803997	208.065002
  157.50	2804348	208.070007
  157.95	2804698	208.074997
  157.53	2805049	208.080002
  157.95	2805398	208.085007
  157.50	2805750	208.089996
  158.44	2806099	208.095001
  157.50	2806451	208.100006
  158.40	2806800	208.104996
  157.53	2807152	208.110001
  157.95	2807501	208.115005
  157.05	2807852	208.119995
  158.89	2808201	208.125000
  157.05	2808552	208.130005
  157.95	2808902	208.134995
  157.53	2809251	208.139999
  157.05	2809600	208.145004
  156.60	2809951	208.149994
  158.89	2810300	208.154999
  157.05	2810652	208.160004
  158.40	2811001	208.164993
  157.53	2811352	208.169998
  157.95	2811701	208.175003
  157.05	2812051	208.179993
  157.53	2812400	208.184998
  157.05	2812751	208.190002
  157.95	2813100	208.195007
  157.50	2813451	208.199997
  157.99	2813801	208.205002
  157.50	2814152	208.210007
  157.95	2814501	208.214996
  157.53	2814853	208.220001
  158.40	2815202	208.225006
  157.05	2815553	208.229996
  158.44	2815902	208.235001
  157.50	2816254	208.240005
  157.95	2816603	208.244995
  157.53	2816954	208.250000
  157.95	2817304	208.255005
  157.05	2817655	208.259995
  158.89	2818004	208.264999
  157.05	2818355	208.270004
  157.95	2818704	208.274994
  157.99	2819056	208.279999
  158.40	2819405	208.285004
  157.05	2819757	208.289993
  158.89	2820107	208.294998
  157.50	2820458	208.300003
  157.95	2820808	208.304993
  157.53	2821159	208.309998
  158.85	2821509	208.315002
  157.05	2821860	208.320007
  158.40	2822210	208.324997
  157.53	2822561	208.330002
  157.95	2822911	208.335007
  157.05	2823262	208.339996
  158.89	2823612	208.345001
  157.05	2823963	208.350006
  158.40	2824312	208.354996
  157.53	2824664	208.360001
  158.40	2825013	208.365005
  157.05	2825365	208.369995
  158.44	2825714	208.375000
  157.05	2826066	208.380005
  158.40	2826415	208.384995
  157.99	2826767	208.389999
  157.95	2827117	208.395004
  157.50	2827468	208.399994
  158.89	2827818	208.404999
  157.05	2828170	208.410004
  158.40	2828519	208.414993
  157.99	2828871	208.419998
  157.95	2829220	208.425003
  157.50	2829572	208.429993
  158.44	2829922	208.434998
  157.50	2830273	208.440002
  157.95	2830622	208.445007
  157.05	2830974	208.449997
  158.89	2831323	208.455002
  157.50	2831675	208.460007
  157.95	2832024	208.464996
  157.99	2832376	208.470001
  157.95	2832725	208.475006
  157.50	2833077	208.479996
  158.89	2833427	208.485001
  157.05	2833779	208.490005
  158.85	2834129	208.494995
  157.99	2834481	208.500000
  158.40	2834831	208.505005
  157.50	2835183	208.509995
  158.89	2835533	208.514999
  157.50	2835885	208.520004
  158.85	2836236	208.524994
  157.99	2836586	208.529999
  157.50	2836936	208.535004
  157.50	2837288	208.539993
  158.44	2837638	208.544998
  157.50	2837990	208.550003
  158.40	2838340	208.554993
  157.99	2838693	208.559998
  158.40	2839043	208.565002
  157.50	2839395	208.570007
  158.40	2839746	208.574997
  158.44	2840098	208.580002
  158.40	2840448	208.585007
  157.50	2840800	208.589996
  158.89	2841149	208.595001
  156.60	2841501	208.600006
  157.95	2841851	208.604996
  158.44	2842203	208.610001
  158.40	2842553	208.615005
  157.05	2842905	208.619995
  159.34	2843255	208.625000
  157.05	2843607	208.630005
  158.40	2843956	208.634995
  157.99	2844308	208.639999
  157.95	2844658	208.645004
  157.50	2845009	208.649994
  158.89	2845358	208.654999
  157.05	2845710	208.660004
  157.95	2846059	208.664993
  157.99	2846411	208.669998
  157.95	2846760	208.675003
  157.50	2847112	208.679993
  158.44	2847461	208.684998
  157.50	2847813	208.690002
  158.40	2848162	208.695007
  157.05	2848514	208.699997
  158.89	2848864	208.705002
  157.05	2849215	208.710007
  158.40	2849565	208.714996
  158.44	2849917	208.720001
  157.95	2850267	208.725006
  157.50	2850619	208.729996
  158.89	2850969	208.735001
  157.50	2851321	208.740005
  158.40	2851671	208.744995
  158.44	2852023	208.750000
  157.95	2852374	208.755005
  157.95	2852726	208.759995
  158.89	2853076	208.764999
  157.50	2853429	208.770004
  158.40	2853779	208.774994
  157.99	2854131	208.779999
  158.40	2854481	208.785004
  157.95	2854833	208.789993
  158.89	2855183	208.794998
  157.50	2855536	208.800003
  158.40	2855884	208.804993
  157.08	2856234	208.809998
  157.50	2856582	208.815002
  156.60	2856932	208.820007
  157.50	2857281	208.824997
  157.99	2857633	208.830002
  158.40	2857983	208.835007
  157.05	2858335	208.839996
  158.89	2858684	208.845001
  157.50	2859036	208.850006
  158.40	2859386	208.854996
  157.99	2859738	208.860001
  158.40	2860088	208.865005
  157.50	2860440	208.869995
  158.89	2860790	208.875000
  157.50	2861142	208.880005
  158.40	2861493	208.884995
  157.53	2861845	208.889999
  158.40	2862195	208.895004
  157.50	2862547	208.899994
  158.44	2862896	208.904999
  157.95	2863248	208.910004
  158.40	2863598	208.914993
  157.53	2863950	208.919998
  158.40	2864300	208.925003
  157.50	2864652	208.929993
  158.89	2865002	208.934998
  157.50	2865353	208.940002
  158.40	2865703	208.945007
  157.05	2866055	208.949997
  158.89	2866405	208.955002
  157.05	2866757	208.960007
  158.40	2867106	208.964996
  157.99	2867458	208.970001
  157.95	2867808	208.975006
  157.50	2868160	208.979996
  158.89	2868510	208.985001
  157.05	2868862	208.990005
  158.85	2869212	208.994995
  157.53	2869564	209.000000
  158.40	2869915	209.005005
  157.50	2870267	209.009995
  158.89	2870617	209.014999
  157.50	2870969	209.020004
  158.40	2871319	209.024994
  157.99	2871670	209.029999
  158.40	2872020	209.035004
  157.05	2872370	209.039993
  157.99	2872719	209.044998
  157.50	2873069	209.050003
  157.05	2873418	209.054993
  157.53	2873769	209.059998
  158.40	2874119	209.065002
  157.05	2874470	209.070007
  157.95	2874820	209.074997
  157.99	2875171	209.080002
  157.95	2875520	209.085007
  157.50	2875872	209.089996
  158.89	2876221	209.095001
  157.05	2876573	209.100006
  157.95	2876922	209.104996
  157.99	2877273	209.110001
  157.95	2877623	209.115005
  157.50	2877974	209.119995
  158.44	2878323	209.125000
  157.05	2878675	209.130005
  157.95	2879024	209.134995
  157.99	2879375	209.139999
  157.95	2879724	209.145004
  157.05	2880076	209.149994
  158.44	2880425	209.154999
  156.60	2880776	209.160004
  158.40	2881126	209.164993
  157.53	2881477	209.169998
  157.95	2881826	209.175003
  157.05	2882177	209.179993
  158.44	2882527	209.184998
  157.50	2882878	209.190002
  157.95	2883227	209.195007
  157.05	2883579	209.199997
  158.89	2883928	209.205002
  157.05	2884279	209.210007
  157.95	2884629	209.214996
  157.99	2884980	209.220001
  157.95	2885330	209.225006
  157.50	2885680	209.229996
  157.99	2886029	209.235001
  157.50	2886381	209.240005
  158.40	2886731	209.244995
  157.53	2887083	209.250000
  158.40	2887433	209.255005
  157.95	2887784	209.259995
  158.44	2888134	209.264999
  157.50	2888486	209.270004
  158.40	2888836	209.274994
  157.99	2889186	209.279999
  157.50	2889535	209.285004
  157.05	2889887	209.289993
  158.89	2890237	209.294998
  157.50	2890588	209.300003
  158.40	2890938	209.304993
  157.53	2891288	209.309998
  157.50	2891637	209.315002
  157.05	2891989	209.320007
  157.95	2892338	209.324997
  157.99	2892690	209.330002
  157.95	2893039	209.335007
  157.50	2893391	209.339996
  158.89	2893740	209.345001
  157.05	2894092	209.350006
  158.40	2894442	209.354996
  157.53	2894793	209.360001
  158.40	2895143	209.365005
  157.50	2895495	209.369995
  158.44	2895843	209.375000
  156.60	2896194	209.380005
  157.95	2896544	209.384995
  157.99	2896895	209.389999
  157.95	2897245	209.395004
  157.50	2897596	209.399994
  158.44	2897946	209.404999
  157.50	2898296	209.410004
  157.50	2898645	209.414993
  157.53	2898997	209.419998
  158.40	2899346	209.425003
  157.05	2899698	209.429993
  158.89	2900047	209.434998
  157.05	2900398	209.440002
  157.95	2900747	209.445007
  157.50	2901098	209.449997
  158.44	2901447	209.455002
  157.05	2901798	209.460007
  157.95	2902147	209.464996
  157.53	2902497	209.470001
  157.05	2902846	209.475006
  157.50	2903197	209.479996
  157.99	2903546	209.485001
  157.50	2903897	209.490005
  157.95	2904246	209.494995
  157.53	2904597	209.500000
  157.95	2904946	209.505005
  157.05	2905298	209.509995
  158.44	2905647	209.514999
  157.05	2905998	209.520004
  158.40	2906347	209.524994
  157.08	2906698	209.529999
  158.40	2907047	209.535004
  157.05	2907399	209.539993
  158.44	2907748	209.544998
  157.05	2908099	209.550003
  157.95	2908448	209.554993
  157.99	2908800	209.559998
  157.50	2909149	209.565002
  157.50	2909500	209.570007
  157.95	2909849	209.574997
  157.53	2910200	209.580002
  157.95	2910549	209.585007
  157.05	2910900	209.589996
  158.44	2911249	209.595001
  157.05	2911600	209.600006
  157.95	2911949	209.604996
  157.53	2912300	209.610001
  157.95	2912649	209.615005
  157.05	2913000	209.619995
  158.44	2913349	209.625000
  157.50	2913700	209.630005
  157.95	2914049	209.634995
  157.53	2914399	209.639999
  157.05	2914748	209.645004
  157.05	2915099	209.649994
  158.44	2915449	209.654999
  157.50	2915800	209.660004
  157.95	2916149	209.664993
  157.53	2916501	209.669998
  158.40	2916850	209.675003
  157.05	2917202	209.679993
  158.89	2917551	209.684998
  157.05	2917901	209.690002
  157.05	2918250	209.695007
  157.50	2918601	209.699997
  158.44	2918951	209.705002
  157.50	2919301	209.710007
  157.05	2919650	209.714996
  157.99	2920002	209.720001
  158.40	2920352	209.725006
  157.05	2920704	209.729996
  158.89	2921054	209.735001
  157.95	2921406	209.740005
  157.95	2921756	209.744995
  158.44	2922108	209.750000
  158.40	2922459	209.755005
  157.50	2922811	209.759995
  158.89	2923161	209.764999
  157.50	2923513	209.770004
  158.40	2923863	209.774994
  157.99	2924215	209.779999
  158.85	2924565	209.785004
  157.05	2924917	209.789993
  159.34	2925267	209.794998
  157.50	2925619	209.800003
  158.40	2925968	209.804993
  157.53	2926320	209.809998
  158.40	2926670	209.815002
  157.50	2927022	209.820007
  158.40	2927372	209.824997
  157.99	2927724	209.830002
  158.40	2928074	209.835007
  157.50	2928426	209.839996
  158.89	2928776	209.845001
  157.50	2929128	209.850006
  158.85	2929478	209.854996
  157.99	2929831	209.860001
  158.40	2930181	209.865005
  157.50	2930533	209.869995
  158.89	2930883	209.875000
  157.50	2931235	209.880005
  158.40	2931585	209.884995
  157.99	2931937	209.889999
  158.85	2932287	209.895004
  157.05	2932639	209.899994
  159.34	2932990	209.904999
  157.50	2933342	209.910004
  158.40	2933692	209.914993
  157.99	2934044	209.919998
  158.40	2934394	209.925003
  157.50	2934746	209.929993
  158.89	2935096	209.934998
  157.50	2935448	209.940002
  158.40	2935798	209.945007
  157.50	2936151	209.949997
  158.89	2936501	209.955002
  157.50	2936853	209.960007
  158.40	2937201	209.964996
  157.53	2937553	209.970001
  157.95	2937903	209.975006
  157.50	2938255	209.979996
  158.89	2938605	209.985001
  157.95	2938957	209.990005
  157.95	2939307	209.994995
  158.44	2939659	210.000000
  158.40	2940009	210.005005
  157.50	2940361	210.009995
  158.89	2940712	210.014999
  157.95	2941063	210.020004
  157.95	2941414	210.024994
  158.44	2941766	210.029999
  158.40	2942116	210.035004
  157.50	2942468	210.039993
  159.34	2942815	210.044998
  155.70	2943167	210.050003
  158.40	2943517	210.054993
  157.99	2943869	210.059998
  158.40	2944219	210.065002
  157.95	2944571	210.070007
  158.40	2944920	210.074997
  157.08	2945272	210.080002
  158.40	2945622	210.085007
  157.50	2945974	210.089996
  158.89	2946324	210.095001
  157.95	2946676	210.100006
  157.95	2947025	210.104996
  157.53	2947377	210.110001
  158.40	2947727	210.115005
  157.50	2948079	210.119995
  158.89	2948430	210.125000
  157.50	2948782	210.130005
  158.40	2949132	210.134995
  158.44	2949484	210.139999
  158.40	2949835	210.145004
  157.50	2950187	210.149994
  159.34	2950538	210.154999
  157.50	2950890	210.160004
  158.40	2951240	210.164993
  157.99	2951593	210.169998
  158.40	2951943	210.175003
  157.95	2952295	210.179993
  158.89	2952646	210.184998
  157.50	2952998	210.190002
  158.85	2953348	210.195007
  157.05	2953700	210.199997
  159.34	2954050	210.205002
  157.50	2954402	210.210007
  158.40	2954752	210.214996
  157.99	2955105	210.220001
  158.85	2955455	210.225006
  157.50	2955807	210.229996
  158.89	2956156	210.235001
  157.05	2956508	210.240005
  158.40	2956858	210.244995
  157.99	2957210	210.250000
  158.85	2957559	210.255005
  156.60	2957911	210.259995
  158.89	2958261	210.264999
  157.50	2958613	210.270004
  158.85	2958964	210.274994
  157.99	2959316	210.279999
  158.40	2959666	210.285004
  157.95	2960019	210.289993
  158.89	2960369	210.294998
  157.50	2960722	210.300003
  158.85	2961072	210.304993
  157.99	2961424	210.309998
  158.40	2961775	210.315002
  157.95	2962127	210.320007
  158.40	2962478	210.324997
  158.44	2962830	210.330002
  158.40	2963180	210.335007
  157.50	2963533	210.339996
  159.34	2963883	210.345001
  157.50	2964236	210.350006
  158.40	2964586	210.354996
  157.99	2964939	210.360001
  158.40	2965289	210.365005
  157.95	2965642	210.369995
  159.34	2965992	210.375000
  157.50	2966345	210.380005
  158.85	2966696	210.384995
  158.44	2967048	210.389999
  158.40	2967399	210.395004
  157.95	2967752	210.399994
  159.34	2968102	210.404999
  157.50	2968455	210.410004
  158.40	2968805	210.414993
  158.44	2969157	210.419998
  158.40	2969508	210.425003
  157.95	2969860	210.429993
  159.34	2970211	210.434998
  157.50	2970563	210.440002
  158.85	2970914	210.445007
  157.50	2971266	210.449997
  158.89	2971616	210.455002
  157.50	2971969	210.460007
  158.85	2972319	210.464996
  157.99	2972671	210.470001
  158.85	2973022	210.475006
  157.50	2973374	210.479996
  158.89	2973724	210.485001
  157.50	2974076	210.490005
  158.85	2974427	210.494995
  157.99	2974779	210.500000
  158.40	2975129	210.505005
  157.95	2975482	210.509995
  158.89	2975832	210.514999
  157.50	2976185	210.520004
  158.85	2976535	210.524994
  157.99	2976888	210.529999
  158.40	2977238	210.535004
  157.95	2977590	210.539993
  158.89	2977941	210.544998
  157.95	2978292	210.550003
  157.95	2978642	210.554993
  157.99	2978995	210.559998
  158.40	2979345	210.565002
  157.95	2979697	210.570007
  157.95	2980047	210.574997
  158.44	2980399	210.580002
  158.40	2980749	210.585007
  157.50	2981101	210.589996
  158.89	2981451	210.595001
  157.50	2981803	210.600006
  158.40	2982152	210.604996
  157.08	2982504	210.610001
  158.40	2982854	210.615005
  157.50	2983206	210.619995
  158.89	2983556	210.625000
  157.50	2983908	210.630005
  158.40	2984258	210.634995
  157.99	2984610	210.639999
  158.40	2984960	210.645004
  157.50	2985312	210.649994
  158.89	2985662	210.654999
  157.50	2986014	210.660004
  158.40	2986364	210.664993
  157.99	2986716	210.669998
  158.40	2987067	210.675003
  157.50	2987419	210.679993
  158.89	2987769	210.684998
  157.50	2988121	210.690002
  158.40	2988471	210.695007
  157.50	2988823	210.699997
  158.89	2989173	210.705002
  157.50	2989525	210.710007
  158.40	2989875	210.714996
  157.99	2990227	210.720001
  158.40	2990577	210.725006
  157.50	2990929	210.729996
  158.89	2991279	210.735001
  157.50	2991632	210.740005
  158.40	2991982	210.744995
  157.99	2992334	210.750000
  158.85	2992684	210.755005
  157.50	2993036	210.759995
  158.89	2993387	210.764999
  157.05	2993739	210.770004
  158.40	2994088	210.774994
  157.53	2994440	210.779999
  157.95	2994790	210.785004
  157.50	2995143	210.789993
  158.89	2995493	210.794998
  157.95	2995846	210.800003
  158.40	2996196	210.804993
  158.44	2996548	210.809998
  158.40	2996899	210.815002
  157.95	2997251	210.820007
  158.40	2997600	210.824997
  157.53	2997952	210.830002
  158.40	2998303	210.835007
  157.95	2998655	210.839996
  158.89	2999006	210.845001
  157.95	2999359	210.850006
  158.40	2999709	210.854996
  157.99	3000062	210.860001
  158.85	3000412	210.865005
  157.95	3000763	210.869995
  157.99	3001113	210.875000
  157.95	3001466	210.880005
  158.40	3001816	210.884995
  158.44	3002169	210.889999
  158.40	3002520	210.895004
  157.95	3002872	210.899994
  158.89	3003222	210.904999
  157.95	3003575	210.910004
  158.85	3003925	210.914993
  157.99	3004278	210.919998
  158.40	3004629	210.925003
  157.95	3004981	210.929993
  158.89	3005331	210.934998
  157.95	3005684	210.940002
  158.40	3006034	210.945007
  157.50	3006385	210.949997
  158.44	3006735	210.955002
  157.50	3007087	210.960007
  158.40	3007436	210.964996
  157.53	3007788	210.970001
  157.95	3008138	210.975006
  157.50	3008490	210.979996
  158.89	3008841	210.985001
  157.50	3009193	210.990005
  158.85	3009543	210.994995
  157.53	3009895	211.000000
  158.85	3010245	211.005005
  157.50	3010597	211.009995
  158.89	3010947	211.014999
  157.50	3011299	211.020004
  158.40	3011650	211.024994
  157.99	3012002	211.029999
  158.40	3012352	211.035004
  157.50	3012704	211.039993
  159.34	3013054	211.044998
  157.50	3013405	211.050003
  157.95	3013755	211.054993
  157.99	3014107	211.059998
  158.40	3014458	211.065002
  157.50	3014810	211.070007
  158.40	3015161	211.074997
  158.44	3015513	211.080002
  158.40	3015863	211.085007
  157.50	3016215	211.089996
  158.89	3016566	211.095001
  157.50	3016918	211.100006
  158.85	3017269	211.104996
  157.99	3017621	211.110001
  158.40	3017971	211.115005
  157.95	3018324	211.119995
  158.89	3018674	211.125000
  157.50	3019026	211.130005
  158.85	3019376	211.134995
  157.53	3019729	211.139999
  158.40	3020079	211.145004
  157.50	3020431	211.149994
  158.44	3020781	211.154999
  157.50	3021133	211.160004
  158.40	3021483	211.164993
  157.99	3021834	211.169998
  157.95	3022184	211.175003
  157.50	3022536	211.179993
  158.89	3022887	211.184998
  157.95	3023239	211.190002
  158.40	3023590	211.195007
  157.50	3023942	211.199997
  159.34	3024293	211.205002
  157.50	3024645	211.210007
  158.85	3024994	211.214996
  157.53	3025346	211.220001
  158.40	3025697	211.225006
  157.95	3026049	211.229996
  158.89	3026400	211.235001
  157.95	3026752	211.240005
  158.40	3027101	211.244995
  157.08	3027453	211.250000
  158.40	3027803	211.255005
  157.50	3028156	211.259995
  159.34	3028506	211.264999
  157.50	3028858	211.270004
  158.85	3029209	211.274994
  157.99	3029561	211.279999
  158.40	3029911	211.285004
  157.50	3030263	211.289993
  159.34	3030614	211.294998
  157.50	3030966	211.300003
  158.40	3031316	211.304993
  158.44	3031669	211.309998
  158.40	3032019	211.315002
  157.50	3032372	211.320007
  158.40	3032722	211.324997
  158.44	3033075	211.330002
  158.40	3033425	211.335007
  157.95	3033778	211.339996
  158.89	3034128	211.345001
  157.95	3034481	211.350006
  158.85	3034832	211.354996
  157.99	3035184	211.360001
  158.40	3035535	211.365005
  157.50	3035888	211.369995
  158.89	3036238	211.375000
  157.95	3036591	211.380005
  158.40	3036941	211.384995
  158.44	3037292	211.389999
  157.95	3037642	211.395004
  157.50	3037993	211.399994
  157.99	3038343	211.404999
  157.95	3038696	211.410004
  158.40	3039046	211.414993
  158.44	3039399	211.419998
  158.85	3039749	211.425003
  157.50	3040102	211.429993
  159.34	3040452	211.434998
  157.50	3040805	211.440002
  158.85	3041155	211.445007
  157.50	3041508	211.449997
  158.89	3041858	211.455002
  157.95	3042211	211.460007
  158.85	3042561	211.464996
  157.99	3042913	211.470001
  158.40	3043262	211.475006
  157.05	3043614	211.479996
  158.89	3043964	211.485001
  157.95	3044317	211.490005
  158.40	3044667	211.494995
  157.99	3045019	211.500000
  158.40	3045369	211.505005
  157.50	3045721	211.509995
  158.89	3046071	211.514999
  157.95	3046422	211.520004
  157.50	3046772	211.524994
  157.99	3047124	211.529999
  157.95	3047474	211.535004
  157.95	3047826	211.539993
  158.89	3048176	211.544998
  157.50	3048528	211.550003
  158.40	3048878	211.554993
  157.99	3049230	211.559998
  157.95	3049578	211.565002
  156.60	3049929	211.570007
  158.40	3050279	211.574997
  157.99	3050631	211.580002
  158.40	3050981	211.585007
  157.05	3051333	211.589996
  158.89	3051681	211.595001
  156.60	3052032	211.600006
  158.40	3052382	211.604996
  157.53	3052734	211.610001
  158.40	3053084	211.615005
  157.05	3053435	211.619995
  158.89	3053785	211.625000
  157.50	3054137	211.630005
  158.40	3054486	211.634995
  157.53	3054838	211.639999
  157.95	3055186	211.645004
  156.60	3055537	211.649994
  158.89	3055887	211.654999
  157.50	3056239	211.660004
  158.40	3056589	211.664993
  157.99	3056941	211.669998
  158.40	3057291	211.675003
  157.05	3057643	211.679993
  158.89	3057992	211.684998
  157.50	3058344	211.690002
  158.40	3058694	211.695007
  157.50	3059046	211.699997
  158.89	3059396	211.705002
  157.50	3059748	211.710007
  158.40	3060098	211.714996
  157.99	3060449	211.720001
  158.40	3060800	211.725006
  157.50	3061152	211.729996
  158.89	3061502	211.735001
  157.50	3061854	211.740005
  158.85	3062204	211.744995
  157.99	3062555	211.750000
  157.50	3062905	211.755005
  157.95	3063257	211.759995
  158.44	3063608	211.764999
  157.05	3063960	211.770004
  158.40	3064311	211.774994
  158.44	3064663	211.779999
  158.40	3065013	211.785004
  157.50	3065365	211.789993
  158.89	3065715	211.794998
  157.05	3066067	211.800003
  157.95	3066417	211.804993
  157.53	3066769	211.809998
  158.85	3067119	211.815002
  157.05	3067471	211.820007
  158.40	3067819	211.824997
  157.08	3068171	211.830002
  158.40	3068520	211.835007
  157.50	3068872	211.839996
  158.44	3069221	211.845001
  157.50	3069573	211.850006
  157.95	3069923	211.854996
  157.99	3070274	211.860001
  158.40	3070624	211.865005
  157.05	3070975	211.869995
  158.89	3071325	211.875000
  157.05	3071676	211.880005
  158.40	3072026	211.884995
  157.99	3072377	211.889999
  157.95	3072725	211.895004
  156.15	3073076	211.899994
  158.89	3073425	211.904999
  157.05	3073777	211.910004
  157.95	3074126	211.914993
  157.99	3074477	211.919998
  157.95	3074827	211.925003
  157.05	3075178	211.929993
  158.89	3075527	211.934998
  157.05	3075879	211.940002
  158.40	3076228	211.945007
  157.05	3076579	211.949997
  158.44	3076929	211.955002
  157.50	3077280	211.960007
  157.50	3077630	211.964996
  157.99	3077981	211.970001
  158.40	3078331	211.975006
  157.05	3078682	211.979996
  158.44	3079032	211.985001
  157.50	3079383	211.990005
  157.95	3079733	211.994995
  157.99	3080085	212.000000
  158.40	3080434	212.005005
  157.05	3080786	212.009995
  158.89	3081135	212.014999
  157.05	3081487	212.020004
  158.40	3081836	212.024994
  157.53	3082187	212.029999
  157.95	3082537	212.035004
  157.50	3082888	212.039993
  158.89	3083238	212.044998
  157.05	3083589	212.050003
  158.40	3083937	212.054993
  156.63	3084288	212.059998
  157.95	3084637	212.065002
  157.50	3084989	212.070007
  157.95	3085338	212.074997
  157.99	3085689	212.080002
  157.95	3086037	212.085007
  156.15	3086388	212.089996
  158.89	3086737	212.095001
  157.50	3087089	212.100006
  157.95	3087438	212.104996
  157.53	3087788	212.110001
  157.50	3088137	212.115005
  157.05	3088488	212.119995
  158.44	3088838	212.125000
  157.05	3089189	212.130005
  158.40	3089538	212.134995
  157.53	3089890	212.139999
  157.95	3090239	212.145004
  157.05	3090590	212.149994
  158.89	3090940	212.154999
  157.05	3091291	212.160004
  157.95	3091640	212.164993
  157.53	3091991	212.169998
  157.95	3092340	212.175003
  157.05	3092691	212.179993
  158.44	3093040	212.184998
  157.05	3093391	212.190002
  157.95	3093740	212.195007
  157.05	3094091	212.199997
  158.44	3094440	212.205002
  157.05	3094791	212.210007
  157.95	3095140	212.214996
  157.53	3095491	212.220001
  157.95	3095840	212.225006
  157.05	3096191	212.229996
  158.44	3096540	212.235001
  157.05	3096891	212.240005
  157.95	3097240	212.244995
  157.53	3097590	212.250000
  157.50	3097939	212.255005
  157.05	3098290	212.259995
  157.99	3098639	212.264999
  156.60	3098990	212.270004
  157.95	3099339	212.274994
  157.99	3099690	212.279999
  157.50	3100039	212.285004
  157.05	3100389	212.289993
  158.44	3100738	212.294998
  157.05	3101089	212.300003
  157.95	3101438	212.304993
  157.53	3101789	212.309998
  157.95	3102138	212.315002
  157.05	3102489	212.320007
  157.50	3102838	212.324997
  157.99	3103189	212.330002
  157.95	3103538	212.335007
  157.05	3103889	212.339996
  158.44	3104239	212.345001
  156.60	3104590	212.350006
  157.95	3104939	212.354996
  157.53	3105290	212.360001
  157.95	3105639	212.365005
  157.05	3105990	212.369995
  158.44	3106339	212.375000
  157.05	3106690	212.380005
  157.95	3107039	212.384995
  157.53	3107390	212.389999
  157.95	3107739	212.395004
  157.05	3108090	212.399994
  158.44	3108439	212.404999
  157.05	3108790	212.410004
  157.95	3109139	212.414993
  157.53	3109490	212.419998
  157.95	3109839	212.425003
  157.05	3110190	212.429993
  158.44	3110539	212.434998
  157.05	3110890	212.440002
  157.95	3111239	212.445007
  157.05	3111588	212.449997
  157.53	3111937	212.455002
  157.05	3112287	212.460007
  157.95	3112636	212.464996
  157.53	3112987	212.470001
  157.95	3113336	212.475006
  157.05	3113687	212.479996
  158.44	3114036	212.485001
  157.05	3114387	212.490005
  157.95	3114736	212.494995
  157.53	3115088	212.500000
  157.95	3115437	212.505005
  157.05	3115788	212.509995
  158.44	3116137	212.514999
  157.50	3116489	212.520004
  157.95	3116838	212.524994
  157.53	3117190	212.529999
  158.40	3117539	212.535004
  157.05	3117890	212.539993
  158.44	3118240	212.544998
  157.50	3118591	212.550003
  157.95	3118940	212.554993
  157.53	3119291	212.559998
  157.95	3119641	212.565002
  157.05	3119992	212.570007
  157.95	3120341	212.574997
  157.53	3120692	212.580002
  158.40	3121041	212.585007
  156.60	3121392	212.589996
  158.89	3121742	212.595001
  157.05	3122091	212.600006
  157.05	3122440	212.604996
  157.53	3122791	212.610001
  158.40	3123140	212.615005
  156.60	3123491	212.619995
  158.44	3123840	212.625000
  156.60	3124191	212.630005
  158.40	3124540	212.634995
  157.08	3124891	212.639999
  157.95	3125240	212.645004
  157.05	3125589	212.649994
  157.08	3125937	212.654999
  157.05	3126288	212.660004
  157.95	3126637	212.664993
  157.53	3126989	212.669998
  157.95	3127338	212.675003
  157.05	3127687	212.679993
  157.53	3128036	212.684998
  157.50	3128387	212.690002
  157.95	3128736	212.695007
  157.05	3129088	212.699997
  158.44	3129437	212.705002
  157.50	3129788	212.710007
  157.50	3130138	212.714996
  157.53	3130489	212.720001
  157.95	3130839	212.725006
  157.50	3131190	212.729996
  158.89	3131540	212.735001
  157.05	3131891	212.740005
  157.95	3132241	212.744995
  157.53	3132592	212.750000
  158.40	3132941	212.755005
  157.50	3133293	212.759995
  158.44	3133642	212.764999
  157.05	3133993	212.770004
  158.40	3134343	212.774994
  157.53	3134694	212.779999
  157.95	3135043	212.785004
  157.50	3135395	212.789993
  158.44	3135744	212.794998
  157.50	3136096	212.800003
  157.95	3136446	212.804993
  157.99	3136797	212.809998
  157.95	3137147	212.815002
  157.05	3137498	212.820007
  157.95	3137848	212.824997
  157.99	3138199	212.830002
  157.95	3138549	212.835007
  157.50	3138901	212.839996
  158.44	3139250	212.845001
  157.50	3139602	212.850006
  158.40	3139952	212.854996
  157.53	3140303	212.860001
  158.40	3140653	212.865005
  157.50	3141005	212.869995
  158.44	3141353	212.875000
  156.60	3141704	212.880005
  158.40	3142054	212.884995
  157.99	3142406	212.889999
  158.40	3142756	212.895004
  157.05	3143108	212.899994
  158.89	3143458	212.904999
  157.50	3143809	212.910004
  157.95	3144159	212.914993
  158.44	3144511	212.919998
  158.40	3144861	212.925003
  157.50	3145213	212.929993
  158.89	3145564	212.934998
  157.95	3145916	212.940002
  157.95	3146266	212.945007
  157.50	3146619	212.949997
  159.34	3146970	212.955002
  157.50	3147322	212.960007
  158.85	3147673	212.964996
  158.44	3148025	212.970001
  158.40	3148376	212.975006
  157.95	3148728	212.979996
  158.89	3149079	212.985001
  157.95	3149432	212.990005
  158.85	3149782	212.994995
  158.44	3150135	213.000000
  158.40	3150486	213.005005
  157.95	3150838	213.009995
  159.34	3151189	213.014999
  157.50	3151541	213.020004
  158.40	3151892	213.024994
  158.44	3152244	213.029999
  158.85	3152595	213.035004
  157.50	3152947	213.039993
  158.89	3153297	213.044998
  157.95	3153649	213.050003
  157.95	3153999	213.054993
  158.44	3154352	213.059998
  157.95	3154702	213.065002
  157.95	3155054	213.070007
  158.40	3155404	213.074997
  157.99	3155756	213.080002
  158.40	3156106	213.085007
  157.95	3156459	213.089996
  158.44	3156809	213.095001
  157.95	3157161	213.100006
  158.40	3157511	213.104996
  157.99	3157863	213.110001
  158.40	3158213	213.115005
  157.50	3158565	213.119995
  158.44	3158915	213.125000
  157.50	3159267	213.130005
  158.40	3159617	213.134995
  157.99	3159968	213.139999
  158.40	3160318	213.145004
  157.05	3160670	213.149994
  158.89	3161020	213.154999
  157.50	3161371	213.160004
  157.95	3161721	213.164993
  157.99	3162073	213.169998
  158.40	3162422	213.175003
  157.50	3162774	213.179993
  158.89	3163124	213.184998
  157.50	3163476	213.190002
  158.40	3163826	213.195007
  157.50	3164178	213.199997
  158.44	3164528	213.205002
  157.95	3164880	213.210007
  158.40	3165230	213.214996
  157.99	3165582	213.220001
  158.40	3165932	213.225006
  157.50	3166283	213.229996
  158.44	3166634	213.235001
  157.95	3166986	213.240005
  158.40	3167336	213.244995
  157.99	3167688	213.250000
  158.85	3168038	213.255005
  157.05	3168391	213.259995
  159.34	3168741	213.264999
  157.50	3169093	213.270004
  157.95	3169443	213.274994
  158.44	3169795	213.279999
  158.40	3170143	213.285004
  156.15	3170494	213.289993
  158.89	3170845	213.294998
  157.95	3171195	213.300003
  157.05	3171543	213.304993
  157.08	3171893	213.309998
  157.50	3172243	213.315002
  157.50	3172594	213.320007
  158.40	3172944	213.324997
  157.53	3173296	213.330002
  158.40	3173646	213.335007
  157.50	3173997	213.339996
  158.44	3174347	213.345001
  157.50	3174698	213.350006
  158.40	3175048	213.354996
  157.53	3175400	213.360001
  158.40	3175749	213.365005
  157.05	3176099	213.369995
  157.99	3176448	213.375000
  157.50	3176800	213.380005
  157.95	3177149	213.384995
  157.53	3177500	213.389999
  157.95	3177850	213.395004
  157.05	3178201	213.399994
  158.89	3178551	213.404999
  157.05	3178903	213.410004
  157.95	3179252	213.414993
  157.99	3179604	213.419998
  158.40	3179954	213.425003
  157.05	3180305	213.429993
  158.89	3180655	213.434998
  157.50	3181007	213.440002
  157.95	3181356	213.445007
  157.50	3181707	213.449997
  158.44	3182057	213.455002
  157.05	3182408	213.460007
  157.95	3182757	213.464996
  157.53	3183109	213.470001
  158.40	3183458	213.475006
  157.05	3183810	213.479996
  158.89	3184160	213.485001
  157.50	3184512	213.490005
  157.95	3184862	213.494995
  158.44	3185214	213.500000
  158.40	3185564	213.505005
  157.50	3185917	213.509995
  158.89	3186267	213.514999
  157.95	3186619	213.520004
  157.95	3186969	213.524994
  157.99	3187322	213.529999
  158.40	3187672	213.535004
  157.50	3188022	213.539993
  157.99	3188370	213.544998
  156.60	3188720	213.550003
  157.50	3189070	213.554993
  157.99	3189422	213.559998
  158.85	3189772	213.565002
  157.05	3190124	213.570007
  158.85	3190474	213.574997
  157.99	3190826	213.580002
  158.40	3191176	213.585007
  157.50	3191528	213.589996
  158.89	3191878	213.595001
  157.50	3192230	213.600006
  158.40	3192580	213.604996
  157.99	3192932	213.610001
  158.40	3193282	213.615005
  157.50	3193634	213.619995
  158.89	3193984	213.625000
  157.50	3194336	213.630005
  158.40	3194684	213.634995
  157.08	3195036	213.639999
  158.40	3195384	213.645004
  156.60	3195736	213.649994
  158.89	3196086	213.654999
  157.50	3196438	213.660004
  158.40	3196788	213.664993
  158.44	3197140	213.669998
  157.95	3197491	213.675003
  157.50	3197841	213.679993
  157.99	3198191	213.684998
  157.05	3198543	213.690002
  158.40	3198891	213.695007
  157.05	3199243	213.699997
  158.44	3199592	213.705002
  157.50	3199944	213.710007
  157.95	3200294	213.714996
  157.99	3200646	213.720001
  158.40	3200996	213.725006
  157.50	3201348	213.729996
  158.89	3201698	213.735001
  157.05	3202050	213.740005
  158.40	3202400	213.744995
  158.44	3202752	213.750000
  157.95	3203102	213.755005
  157.50	3203454	213.759995
  159.34	3203804	213.764999
  157.05	3204156	213.770004
  158.40	3204506	213.774994
  158.44	3204858	213.779999
  157.95	3205206	213.785004
  156.60	3205557	213.789993
  158.89	3205907	213.794998
  157.50	3206259	213.800003
  158.40	3206609	213.804993
  157.99	3206961	213.809998
  158.40	3207311	213.815002
  157.50	3207663	213.820007
  158.40	3208012	213.824997
  157.99	3208364	213.830002
  158.40	3208714	213.835007
  157.05	3209066	213.839996
  158.89	3209414	213.845001
  156.60	3209765	213.850006
  157.95	3210115	213.854996
  157.99	3210467	213.860001
  158.40	3210817	213.865005
  157.50	3211169	213.869995
  158.89	3211519	213.875000
  157.05	3211871	213.880005
  158.85	3212221	213.884995
  157.99	3212573	213.889999
  157.95	3212923	213.895004
  157.95	3213275	213.899994
  158.44	3213625	213.904999
  157.50	3213975	213.910004
  157.50	3214325	213.914993
  157.99	3214677	213.919998
  158.40	3215027	213.925003
  157.95	3215379	213.929993
  158.44	3215729	213.934998
  157.95	3216082	213.940002
  158.40	3216432	213.945007
  157.50	3216784	213.949997
  159.34	3217135	213.955002
  157.95	3217487	213.960007
  158.40	3217838	213.964996
  158.44	3218190	213.970001
  158.85	3218541	213.975006
  157.50	3218893	213.979996
  158.89	3219242	213.985001
  157.05	3219594	213.990005
  158.40	3219945	213.994995
  158.44	3220297	214.000000
  158.40	3220648	214.005005
  157.50	3220999	214.009995
  158.44	3221349	214.014999
  157.95	3221702	214.020004
  158.40	3222053	214.024994
  158.44	3222405	214.029999
  158.85	3222756	214.035004
  157.95	3223109	214.039993
  158.89	3223460	214.044998
  157.95	3223813	214.050003
  158.85	3224163	214.054993
  158.44	3224516	214.059998
  158.85	3224867	214.065002
  157.95	3225220	214.070007
  158.85	3225571	214.074997
  158.44	3225923	214.080002
  157.95	3226274	214.085007
  157.95	3226627	214.089996
  159.79	3226978	214.095001
  157.95	3227332	214.100006
  158.85	3227683	214.104996
  158.89	3228036	214.110001
  158.40	3228388	214.115005
  158.40	3228741	214.119995
  159.34	3229092	214.125000
  157.95	3229446	214.130005
  159.30	3229797	214.134995
  158.44	3230150	214.139999
  158.85	3230502	214.145004
  158.40	3230855	214.149994
  159.34	3231206	214.154999
  157.95	3231558	214.160004
  158.40	3231907	214.164993
  157.53	3232260	214.169998
  158.40	3232610	214.175003
  158.40	3232963	214.179993
  158.89	3233314	214.184998
  157.95	3233666	214.190002
  158.85	3234017	214.195007
  157.50	3234369	214.199997
  158.89	3234720	214.205002
  157.95	3235072	214.210007
  158.40	3235423	214.214996
  158.44	3235776	214.220001
  158.85	3236126	214.225006
  157.95	3236479	214.229996
  159.34	3236830	214.235001
  157.50	3237182	214.240005
  158.85	3237533	214.244995
  157.99	3237885	214.250000
  158.85	3238236	214.255005
  157.50	3238588	214.259995
  159.34	3238939	214.264999
  157.50	3239291	214.270004
  158.85	3239642	214.274994
  157.99	3239994	214.279999
  158.40	3240345	214.285004
  157.95	3240697	214.289993
  159.34	3241048	214.294998
  157.50	3241400	214.300003
  157.95	3241750	214.304993
  158.44	3242101	214.309998
  157.95	3242451	214.315002
  157.50	3242804	214.320007
  158.85	3243153	214.324997
  157.53	3243505	214.330002
  158.85	3243856	214.335007
  157.50	3244209	214.339996
  159.34	3244559	214.345001
  157.50	3244912	214.350006
  158.85	3245263	214.354996
  158.44	3245615	214.360001
  158.40	3245966	214.365005
  157.50	3246318	214.369995
  159.34	3246668	214.375000
  157.50	3247021	214.380005
  158.40	3247371	214.384995
  158.44	3247723	214.389999
  158.40	3248074	214.395004
  157.95	3248426	214.399994
  158.89	3248776	214.404999
  157.50	3249129	214.410004
  158.85	3249480	214.414993
  157.99	3249832	214.419998
  158.85	3250183	214.425003
  157.95	3250536	214.429993
  158.89	3250886	214.434998
  157.50	3251239	214.440002
  158.85	3251589	214.445007
  157.95	3251942	214.449997
  159.34	3252291	214.455002
  156.60	3252643	214.460007
  158.40	3252994	214.464996
  157.99	3253346	214.470001
  158.85	3253697	214.475006
  157.95	3254050	214.479996
  158.89	3254400	214.485001
  157.95	3254753	214.490005
  158.85	3255104	214.494995
  157.99	3255457	214.500000
  158.85	3255808	214.505005
  157.95	3256161	214.509995
  159.34	3256511	214.514999
  157.95	3256864	214.520004
  158.85	3257215	214.524994
  157.99	3257568	214.529999
  158.85	3257919	214.535004
  157.95	3258272	214.539993
  158.89	3258622	214.544998
  157.50	3258975	214.550003
  158.85	3259325	214.554993
  157.99	3259678	214.559998
  158.85	3260028	214.565002
  157.50	3260381	214.570007
  158.40	3260731	214.574997
  158.44	3261084	214.580002
  158.40	3261434	214.585007
  157.95	3261787	214.589996
  159.34	3262137	214.595001
  157.50	3262490	214.600006
  158.40	3262840	214.604996
  158.44	3263191	214.610001
  157.50	3263541	214.615005
  157.95	3263894	214.619995
  158.89	3264244	214.625000
  157.95	3264597	214.630005
  158.85	3264948	214.634995
  158.44	3265301	214.639999
  158.85	3265651	214.645004
  157.50	3266004	214.649994
  159.34	3266354	214.654999
  157.95	3266707	214.660004
  158.85	3267057	214.664993
  157.99	3267410	214.669998
  158.85	3267761	214.675003
  157.50	3268113	214.679993
  159.34	3268464	214.684998
  157.95	3268817	214.690002
  158.40	3269168	214.695007
  157.95	3269519	214.699997
  158.89	3269870	214.705002
  157.50	3270223	214.710007
  158.85	3270574	214.714996
  158.44	3270926	214.720001
  158.85	3271277	214.725006
  157.95	3271630	214.729996
  159.34	3271980	214.735001
  157.05	3272333	214.740005
  158.85	3272684	214.744995
  158.44	3273037	214.750000
  158.85	3273388	214.755005
  157.95	3273741	214.759995
  159.34	3274092	214.764999
  157.95	3274445	214.770004
  158.40	3274796	214.774994
  158.44	3275149	214.779999
  158.85	3275500	214.785004
  157.95	3275853	214.789993
  159.34	3276204	214.794998
  157.95	3276557	214.800003
  158.85	3276908	214.804993
  158.44	3277261	214.809998
  158.85	3277611	214.815002
  157.50	3277964	214.820007
  158.85	3278315	214.824997
  158.44	3278668	214.830002
  158.40	3279018	214.835007
  157.95	3279371	214.839996
  158.89	3279722	214.845001
  157.95	3280074	214.850006
  158.85	3280425	214.854996
  157.99	3280778	214.860001
  158.85	3281129	214.865005
  157.95	3281481	214.869995
  159.34	3281832	214.875000
  157.95	3282185	214.880005
  158.85	3282536	214.884995
  158.44	3282889	214.889999
  158.85	3283240	214.895004
  157.95	3283593	214.899994
  159.34	3283943	214.904999
  157.50	3284296	214.910004
  158.40	3284647	214.914993
  158.89	3285000	214.919998
  158.40	3285351	214.925003
  157.95	3285704	214.929993
  159.34	3286055	214.934998
  158.40	3286408	214.940002
  158.40	3286757	214.945007
  157.05	3287108	214.949997
  158.44	3287458	214.955002
  157.95	3287811	214.960007
  158.85	3288162	214.964996
  157.99	3288515	214.970001
  158.85	3288866	214.975006
  157.95	3289218	214.979996
  158.89	3289569	214.985001
  157.95	3289922	214.990005
  158.85	3290273	214.994995
  158.44	3290626	215.000000
  158.85	3290977	215.005005
  157.50	3291330	215.009995
  159.34	3291681	215.014999
  157.95	3292034	215.020004
  158.85	3292385	215.024994
  158.44	3292738	215.029999
  158.85	3293089	215.035004
  157.95	3293442	215.039993
  159.34	3293793	215.044998
  157.95	3294145	215.050003
  158.40	3294496	215.054993
  158.44	3294849	215.059998
  158.85	3295200	215.065002
  157.95	3295553	215.070007
  158.85	3295904	215.074997
  158.44	3296257	215.080002
  158.85	3296608	215.085007
  157.95	3296961	215.089996
  159.34	3297312	215.095001
  157.95	3297665	215.100006
  158.85	3298014	215.104996
  157.53	3298366	215.110001
  158.85	3298717	215.115005
  157.50	3299070	215.119995
  158.89	3299421	215.125000
  157.95	3299773	215.130005
  158.85	3300124	215.134995
  158.44	3300477	215.139999
  158.85	3300826	215.145004
  156.60	3301178	215.149994
  159.34	3301529	215.154999
  157.50	3301881	215.160004
  158.85	3302232	215.164993
  157.99	3302585	215.169998
  158.85	3302935	215.175003
  157.50	3303288	215.179993
  158.89	3303639	215.184998
  157.95	3303990	215.190002
  157.95	3304339	215.195007
  157.05	3304691	215.199997
  158.89	3305042	215.205002
  158.40	3305395	215.210007
  158.85	3305746	215.214996
  157.99	3306099	215.220001
  158.85	3306450	215.225006
  158.40	3306803	215.229996
  158.89	3307154	215.235001
  157.95	3307507	215.240005
  159.30	3307859	215.244995
  158.44	3308212	215.250000
  158.85	3308563	215.255005
  157.95	3308916	215.259995
  159.34	3309268	215.264999
  158.40	3309621	215.270004
  158.85	3309972	215.274994
  158.89	3310326	215.279999
  158.85	3310677	215.285004
  157.95	3311030	215.289993
  159.79	3311382	215.294998
  157.95	3311735	215.300003
  158.40	3312086	215.304993
  158.89	3312440	215.309998
  159.30	3312791	215.315002
  157.95	3313145	215.320007
  159.30	3313496	215.324997
  158.44	3313850	215.330002
  158.85	3314201	215.335007
  157.95	3314553	215.339996
  158.44	3314904	215.345001
  158.40	3315258	215.350006
  158.85	3315609	215.354996
  158.44	3315963	215.360001
  159.30	3316314	215.365005
  157.95	3316668	215.369995
  159.79	3317020	215.375000
  158.40	3317373	215.380005
  158.85	3317725	215.384995
  158.89	3318077	215.389999
  158.40	3318428	215.395004
  157.95	3318782	215.399994
  159.79	3319134	215.404999
  157.95	3319487	215.410004
  159.30	3319839	215.414993
  158.89	3320193	215.419998
  158.85	3320544	215.425003
  158.40	3320898	215.429993
  159.79	3321250	215.434998
  157.95	3321603	215.440002
  159.30	3321955	215.445007
  157.95	3322308	215.449997
  159.79	3322660	215.455002
  157.95	3323013	215.460007
  159.30	3323365	215.464996
  158.44	3323718	215.470001
  158.85	3324069	215.475006
  157.95	3324423	215.479996
  159.79	3324774	215.485001
  157.95	3325127	215.490005
  158.85	3325478	215.494995
  158.44	3325831	215.500000
  158.85	3326182	215.505005
  157.50	3326535	215.509995
  159.34	3326886	215.514999
  157.95	3327239	215.520004
  158.85	3327588	215.524994
  157.53	3327940	215.529999
  158.40	3328291	215.535004
  158.40	3328644	215.539993
  159.34	3328995	215.544998
  157.95	3329348	215.550003
  158.85	3329699	215.554993
  158.44	3330051	215.559998
  157.95	3330402	215.565002
  158.40	3330755	215.570007
  158.85	3331106	215.574997
  158.44	3331459	215.580002
  158.85	3331811	215.585007
  157.95	3332164	215.589996
  159.79	3332515	215.595001
  157.50	3332868	215.600006
  158.85	3333219	215.604996
  158.44	3333573	215.610001
  158.85	3333924	215.615005
  158.40	3334277	215.619995
  159.34	3334629	215.625000
  157.95	3334982	215.630005
  159.30	3335334	215.634995
  158.44	3335687	215.639999
  158.40	3336038	215.645004
  158.40	3336391	215.649994
  159.34	3336742	215.654999
  157.95	3337095	215.660004
  158.85	3337447	215.664993
  158.44	3337800	215.669998
  158.85	3338151	215.675003
  157.95	3338504	215.679993
  159.34	3338855	215.684998
  157.95	3339208	215.690002
  159.30	3339560	215.695007
  157.50	3339913	215.699997
  159.79	3340264	215.705002
  158.40	3340618	215.710007
  158.40	3340969	215.714996
  158.89	3341322	215.720001
  159.30	3341674	215.725006
  157.95	3342027	215.729996
  159.34	3342378	215.735001
  157.95	3342732	215.740005
  159.30	3343083	215.744995
  158.89	3343437	215.750000
  158.85	3343788	215.755005
  158.40	3344140	215.759995
  158.44	3344491	215.764999
  157.95	3344844	215.770004
  159.30	3345196	215.774994
  158.44	3345549	215.779999
  159.30	3345899	215.785004
  157.05	3346252	215.789993
  159.34	3346603	215.794998
  158.40	3346957	215.800003
  159.30	3347308	215.804993
  158.44	3347662	215.809998
  159.30	3348013	215.815002
  157.95	3348367	215.820007
  158.85	3348718	215.824997
  158.89	3349071	215.830002
  159.30	3349423	215.835007
  157.95	3349776	215.839996
  159.34	3350127	215.845001
  157.95	3350481	215.850006
  158.85	3350832	215.854996
  158.89	3351185	215.860001
  158.40	3351536	215.865005
  157.95	3351889	215.869995
  159.79	3352240	215.875000
  157.50	3352593	215.880005
  158.85	3352944	215.884995
  158.44	3353297	215.889999
  158.85	3353648	215.895004
  157.95	3354001	215.899994
  159.79	3354353	215.904999
  157.95	3354706	215.910004
  158.85	3355057	215.914993
  158.44	3355411	215.919998
  159.30	3355762	215.925003
  158.40	3356116	215.929993
  159.34	3356467	215.934998
  157.95	3356820	215.940002
  159.30	3357172	215.945007
  157.95	3357525	215.949997
  159.34	3357877	215.955002
  158.40	3358230	215.960007
  158.85	3358580	215.964996
  157.99	3358933	215.970001
  158.85	3359285	215.975006
  158.40	3359638	215.979996
  159.34	3359989	215.985001
  157.95	3360343	215.990005
  159.30	3360694	215.994995
  158.44	3361047	216.000000
  159.30	3361399	216.005005
  158.40	3361752	216.009995
  159.34	3362104	216.014999
  158.40	3362457	216.020004
  158.85	3362809	216.024994
  158.89	3363163	216.029999
  158.85	3363514	216.035004
  158.40	3363868	216.039993
  159.79	3364220	216.044998
  158.40	3364573	216.050003
  158.85	3364925	216.054993
  158.89	3365278	216.059998
  159.30	3365630	216.065002
  157.95	3365984	216.070007
  158.85	3366335	216.074997
  158.89	3366689	216.080002
  158.85	3367041	216.085007
  158.40	3367394	216.089996
  159.79	3367746	216.095001
  157.95	3368100	216.100006
  159.30	3368452	216.104996
  158.89	3368805	216.110001
  159.30	3369157	216.115005
  157.95	3369511	216.119995
  159.79	3369863	216.125000
  157.95	3370217	216.130005
  159.30	3370568	216.134995
  158.89	3370922	216.139999
  159.30	3371274	216.145004
  158.40	3371628	216.149994
  159.34	3371979	216.154999
  158.40	3372333	216.160004
  158.85	3372685	216.164993
  158.44	3373038	216.169998
  159.30	3373390	216.175003
  158.40	3373742	216.179993
  158.44	3374093	216.184998
  157.95	3374447	216.190002
  159.30	3374798	216.195007
  157.95	3375151	216.199997
  159.79	3375503	216.205002
  157.95	3375856	216.210007
  159.30	3376208	216.214996
  158.44	3376561	216.220001
  158.85	3376913	216.225006
  158.40	3377266	216.229996
  159.79	3377618	216.235001
  157.95	3377971	216.240005
  159.30	3378321	216.244995
  157.53	3378674	216.250000
  158.85	3379025	216.255005
  158.40	3379379	216.259995
  159.79	3379730	216.264999
  157.95	3380083	216.270004
  158.85	3380435	216.274994
  158.44	3380788	216.279999
  159.30	3381139	216.285004
  157.95	3381493	216.289993
  159.79	3381844	216.294998
  157.95	3382196	216.300003
  158.40	3382547	216.304993
  158.44	3382900	216.309998
  158.85	3383252	216.315002
  157.95	3383605	216.320007
  159.30	3383956	216.324997
  158.44	3384309	216.330002
  158.85	3384661	216.335007
  158.40	3385014	216.339996
  159.34	3385366	216.345001
  157.95	3385719	216.350006
  159.30	3386070	216.354996
  158.44	3386424	216.360001
  158.85	3386775	216.365005
  158.40	3387129	216.369995
  159.34	3387481	216.375000
  158.40	3387834	216.380005
  159.30	3388185	216.384995
  158.44	3388539	216.389999
  158.85	3388890	216.395004
  157.95	3389244	216.399994
  159.79	3389595	216.404999
  158.40	3389949	216.410004
  159.30	3390301	216.414993
  158.44	3390654	216.419998
  159.30	3391006	216.425003
  157.95	3391359	216.429993
  159.79	3391711	216.434998
  157.95	3392064	216.440002
  158.85	3392416	216.445007
  158.40	3392769	216.449997
  159.34	3393120	216.455002
  157.95	3393473	216.460007
  159.30	3393823	216.464996
  157.53	3394176	216.470001
  158.85	3394527	216.475006