  143.10	7620612	393.950012
  143.55	7620930	393.954987
  143.98	7621249	393.959991
  143.55	7621566	393.964996
  142.65	7621885	393.970001
  143.55	7622203	393.975006
  142.65	7622522	393.980011
  143.55	7622839	393.984985
  143.53	7623158	393.989990
  143.55	7623476	393.994995
  143.10	7623795	394.000000
  143.55	7624112	394.005005
  142.65	7624431	394.010010
  143.55	7624748	394.015015
  142.65	7625068	394.019989
  144.43	7625385	394.024994
  143.10	7625704	394.029999
  143.55	7626021	394.035004
  142.65	7626340	394.040009
  144.00	7626658	394.045013
  142.65	7626977	394.049988
  144.43	7627294	394.054993
  142.65	7627614	394.059998
  144.00	7627931	394.065002
  142.65	7628250	394.070007
  143.55	7628568	394.075012
  142.65	7628887	394.079987
  144.89	7629204	394.084991
  142.65	7629523	394.089996
  143.55	7629840	394.095001
  143.10	7630160	394.100006
  143.10	7630477	394.105011
  143.10	7630796	394.109985
  144.43	7631114	394.114990
  142.65	7631433	394.119995
  143.55	7631750	394.125000
  142.65	7632069	394.130005
  143.55	7632386	394.135010
  142.65	7632705	394.140015
  144.00	7633022	394.144989
  143.08	7633342	394.149994
  143.55	7633659	394.154999
  142.65	7633978	394.160004
  144.00	7634295	394.165009
  142.65	7634614	394.170013
  143.55	7634931	394.174988
  143.98	7635250	394.179993
  143.10	7635568	394.184998
  143.10	7635887	394.190002
  143.55	7636202	394.195007
  141.75	7636521	394.200012
  143.55	7636838	394.204987
  143.53	7637157	394.209991
  143.55	7637475	394.214996
  143.10	7637794	394.220001
  143.55	7638111	394.225006
  142.65	7638430	394.230011
  143.55	7638747	394.234985
  143.53	7639067	394.239990
  143.55	7639384	394.244995
  143.10	7639703	394.250000
  143.55	7640020	394.255005
  142.65	7640339	394.260010
  143.55	7640656	394.265015
  143.10	7640975	394.269989
  143.98	7641293	394.274994
  142.65	7641612	394.279999
  144.00	7641929	394.285004
  142.65	7642248	394.290009
  143.55	7642565	394.295013
  142.65	7642882	394.299988
  143.53	7643199	394.304993
  142.65	7643519	394.309998
  143.55	7643836	394.315002
  142.65	7644155	394.320007
  143.55	7644473	394.325012
  142.65	7644792	394.329987
  144.43	7645109	394.334991
  142.65	7645428	394.339996
  144.00	7645745	394.345001
  142.65	7646063	394.350006
  143.10	7646381	394.355011
  142.65	7646700	394.359985
  144.43	7647017	394.364990
  142.20	7647336	394.369995
  143.55	7647653	394.375000
  142.65	7647972	394.380005
  143.55	7648289	394.385010
  142.65	7648608	394.390015
  143.55	7648925	394.394989
  143.53	7649244	394.399994
  143.55	7649561	394.404999
  142.65	7649880	394.410004
  143.55	7650197	394.415009
  142.65	7650516	394.420013
  143.10	7650833	394.424988
  143.53	7651152	394.429993
  143.55	7651469	394.434998
  142.65	7651788	394.440002
  143.55	7652105	394.445007
  142.65	7652424	394.450012
  143.55	7652741	394.454987
  143.53	7653060	394.459991
  143.10	7653377	394.464996
  143.10	7653696	394.470001
  143.10	7654013	394.475006
  142.65	7654332	394.480011
  143.55	7654649	394.484985
  143.53	7654968	394.489990
  143.55	7655285	394.494995
  142.65	7655604	394.500000
  143.10	7655921	394.505005
  143.10	7656240	394.510010
  143.55	7656557	394.515015
  142.65	7656876	394.519989
  144.43	7657191	394.524994
  141.30	7657511	394.529999
  143.55	7657828	394.535004
  143.10	7658147	394.540009
  143.10	7658462	394.545013
  141.75	7658781	394.549988
  144.43	7659098	394.554993
  142.65	7659417	394.559998
  144.00	7659735	394.565002
  142.65	7660054	394.570007
  143.55	7660371	394.575012
  142.65	7660690	394.579987
  144.43	7661007	394.584991
  142.65	7661326	394.589996
  143.55	7661643	394.595001
  142.65	7661962	394.600006
  143.55	7662279	394.605011
  143.10	7662596	394.609985
  143.08	7662913	394.614990
  143.10	7663233	394.619995
  143.55	7663550	394.625000
  142.20	7663869	394.630005
  144.00	7664186	394.635010
  142.65	7664505	394.640015
  143.55	7664822	394.644989
  143.53	7665141	394.649994
  144.00	7665458	394.654999
  142.20	7665777	394.660004
  143.55	7666095	394.665009
  142.20	7666414	394.670013
  143.55	7666731	394.674988
  143.98	7667050	394.679993
  143.55	7667367	394.684998
  142.65	7667686	394.690002
  143.55	7668003	394.695007
  143.10	7668322	394.700012
  143.10	7668639	394.704987
  143.53	7668959	394.709991
  143.55	7669276	394.714996
  142.65	7669595	394.720001
  143.10	7669912	394.725006
  143.10	7670230	394.730011
  143.55	7670547	394.734985
  143.08	7670866	394.739990
  143.55	7671183	394.744995
  142.20	7671502	394.750000
  143.55	7671820	394.755005
  142.65	7672138	394.760010
  143.55	7672453	394.765015
  141.75	7672772	394.769989
  144.43	7673089	394.774994
  142.65	7673408	394.779999
  143.55	7673725	394.785004
  143.10	7674044	394.790009
  143.10	7674361	394.795013
  142.65	7674680	394.799988
  144.43	7674997	394.804993
  142.65	7675316	394.809998
  143.55	7675633	394.815002
  142.20	7675951	394.820007
  143.55	7676268	394.825012
  142.65	7676587	394.829987
  143.98	7676905	394.834991
  142.65	7677224	394.839996
  143.55	7677540	394.845001
  142.65	7677859	394.850006
  143.55	7678176	394.855011
  142.20	7678494	394.859985
  143.98	7678811	394.864990
  143.10	7679128	394.869995
  142.20	7679445	394.875000
  142.20	7679764	394.880005
  143.55	7680081	394.885010
  142.20	7680400	394.890015
  143.55	7680716	394.894989
  143.53	7681035	394.899994
  143.55	7681352	394.904999
  142.65	7681670	394.910004
  143.55	7681987	394.915009
  142.20	7682306	394.920013
  143.55	7682623	394.924988
  143.08	7682942	394.929993
  143.55	7683259	394.934998
  142.65	7683577	394.940002
  143.10	7683894	394.945007
  142.65	7684213	394.950012
  143.55	7684530	394.954987
  143.53	7684849	394.959991
  143.10	7685166	394.964996
  142.65	7685484	394.970001
  143.55	7685801	394.975006
  142.65	7686120	394.980011
  143.10	7686437	394.984985
  143.98	7686755	394.989990
  143.55	7687072	394.994995
  142.20	7687391	395.000000
  143.55	7687708	395.005005
  142.65	7688027	395.010010
  143.55	7688344	395.015015
  142.65	7688663	395.019989
  144.43	7688980	395.024994
  142.65	7689299	395.029999
  143.55	7689616	395.035004
  142.65	7689934	395.040009
  143.10	7690251	395.045013
  142.65	7690570	395.049988
  144.43	7690887	395.054993
  142.65	7691206	395.059998
  143.55	7691523	395.065002
  142.65	7691842	395.070007
  143.55	7692159	395.075012
  142.65	7692478	395.079987
  144.43	7692795	395.084991
  142.65	7693114	395.089996
  143.55	7693432	395.095001
  142.65	7693751	395.100006
  143.55	7694068	395.105011
  142.65	7694387	395.109985
  144.43	7694704	395.114990
  142.65	7695022	395.119995
  143.55	7695339	395.125000
  142.65	7695658	395.130005
  143.55	7695976	395.135010
  142.20	7696295	395.140015
  143.55	7696612	395.144989
  143.98	7696931	395.149994
  143.10	7697247	395.154999
  143.10	7697566	395.160004
  143.55	7697884	395.165009
  142.65	7698202	395.170013
  143.55	7698520	395.174988
  143.08	7698839	395.179993
  143.55	7699156	395.184998
  143.10	7699475	395.190002
  143.55	7699792	395.195007
  142.65	7700111	395.200012
  143.10	7700428	395.204987
  143.98	7700747	395.209991
  143.55	7701064	395.214996
  142.20	7701383	395.220001
  143.55	7701700	395.225006
  142.65	7702018	395.230011
  143.55	7702333	395.234985
  142.62	7702652	395.239990
  143.55	7702969	395.244995
  142.65	7703288	395.250000
  143.55	7703605	395.255005
  142.65	7703924	395.260010
  143.10	7704241	395.265015
  143.10	7704560	395.269989
  143.98	7704877	395.274994
  142.65	7705193	395.279999
  142.65	7705510	395.285004
  143.10	7705829	395.290009
  143.10	7706146	395.295013
  142.65	7706465	395.299988
  144.43	7706782	395.304993
  142.65	7707101	395.309998
  143.10	7707418	395.315002
  142.65	7707736	395.320007
  143.55	7708053	395.325012
  142.65	7708372	395.329987
  144.43	7708689	395.334991
  142.65	7709007	395.339996
  143.10	7709324	395.345001
  142.65	7709643	395.350006
  143.55	7709960	395.355011
  142.20	7710279	395.359985
  144.43	7710595	395.364990
  142.65	7710914	395.369995
  143.55	7711230	395.375000
  142.65	7711549	395.380005
  143.10	7711866	395.385010
  142.65	7712185	395.390015
  143.10	7712502	395.394989
  143.53	7712820	395.399994
  143.10	7713137	395.404999
  142.65	7713455	395.410004
  143.10	7713772	395.415009
  142.65	7714091	395.420013
  143.10	7714407	395.424988
  143.53	7714726	395.429993
  143.55	7715043	395.434998
  142.20	7715362	395.440002
  143.55	7715678	395.445007
  142.65	7715997	395.450012
  143.10	7716314	395.454987
  143.53	7716632	395.459991
  143.10	7716949	395.464996
  142.65	7717268	395.470001
  143.10	7717585	395.475006
  142.65	7717903	395.480011
  143.55	7718220	395.484985
  143.53	7718539	395.489990
  143.10	7718856	395.494995
  142.65	7719174	395.500000
  143.55	7719491	395.505005
  142.65	7719810	395.510010
  143.55	7720127	395.515015
  142.65	7720446	395.519989
  143.98	7720763	395.524994
  142.65	7721081	395.529999
  143.10	7721398	395.535004
  142.65	7721717	395.540009
  143.55	7722034	395.545013
  142.65	7722353	395.549988
  144.43	7722670	395.554993
  142.65	7722989	395.559998
  143.10	7723306	395.565002
  142.65	7723625	395.570007
  143.10	7723942	395.575012
  143.10	7724260	395.579987
  143.98	7724578	395.584991
  142.20	7724897	395.589996
  144.00	7725214	395.595001
  142.65	7725533	395.600006
  143.10	7725850	395.605011
  143.10	7726169	395.609985
  143.98	7726486	395.614990
  142.65	7726805	395.619995
  143.55	7727122	395.625000
  142.20	7727440	395.630005
  143.55	7727757	395.635010
  143.10	7728076	395.640015
  143.10	7728393	395.644989
  143.53	7728712	395.649994
  143.55	7729029	395.654999
  142.20	7729348	395.660004
  143.55	7729664	395.665009
  142.65	7729983	395.670013
  143.55	7730300	395.674988
  143.53	7730619	395.679993
  143.55	7730936	395.684998
  142.65	7731255	395.690002
  143.10	7731572	395.695007
  142.65	7731890	395.700012
  143.55	7732207	395.704987
  143.53	7732526	395.709991
  143.55	7732843	395.714996
  142.65	7733161	395.720001
  143.10	7733478	395.725006
  142.65	7733797	395.730011
  143.10	7734113	395.734985
  143.08	7734432	395.739990
  143.55	7734749	395.744995
  142.65	7735067	395.750000
  143.55	7735384	395.755005
  142.20	7735702	395.760010
  143.10	7736019	395.765015
  142.65	7736337	395.769989
  143.98	7736652	395.774994
  141.75	7736971	395.779999
  143.10	7737288	395.785004
  142.65	7737606	395.790009
  143.55	7737923	395.795013
  142.65	7738241	395.799988
  143.98	7738558	395.804993
  142.65	7738877	395.809998
  143.10	7739194	395.815002
  142.65	7739513	395.820007
  143.10	7739830	395.825012
  142.65	7740148	395.829987
  144.43	7740465	395.834991
  142.65	7740784	395.839996
  143.55	7741101	395.845001
  142.65	7741419	395.850006
  143.10	7741736	395.855011
  142.65	7742055	395.859985
  144.43	7742372	395.864990
  142.20	7742691	395.869995
  143.55	7743007	395.875000
  142.65	7743326	395.880005
  143.55	7743643	395.885010
  142.65	7743961	395.890015
  143.10	7744278	395.894989
  143.08	7744597	395.899994
  143.55	7744914	395.904999
  142.20	7745232	395.910004
  143.55	7745549	395.915009
  142.65	7745868	395.920013
  143.10	7746184	395.924988
  143.53	7746503	395.929993
  143.55	7746820	395.934998
  142.65	7747139	395.940002
  143.10	7747456	395.945007
  142.65	7747774	395.950012
  143.10	7748091	395.954987
  143.08	7748409	395.959991
  143.10	7748726	395.964996
  142.65	7749044	395.970001
  143.55	7749361	395.975006
  142.20	7749680	395.980011
  143.55	7749997	395.984985
  143.08	7750315	395.989990
  143.55	7750632	395.994995
  142.65	7750951	396.000000
  143.10	7751267	396.005005
  142.65	7751586	396.010010
  143.55	7751903	396.015015
  142.20	7752221	396.019989
  144.43	7752538	396.024994
  142.65	7752857	396.029999
  143.10	7753174	396.035004
  142.65	7753492	396.040009
  143.55	7753809	396.045013
  142.20	7754125	396.049988
  143.53	7754442	396.054993
  142.65	7754760	396.059998
  143.10	7755077	396.065002
  142.65	7755396	396.070007
  143.55	7755713	396.075012
  142.20	7756032	396.079987
  144.43	7756348	396.084991
  142.65	7756667	396.089996
  143.55	7756984	396.095001
  142.65	7757303	396.100006
  143.55	7757620	396.105011
  142.65	7757936	396.109985
  143.08	7758254	396.114990
  142.65	7758572	396.119995
  143.55	7758889	396.125000
  142.20	7759208	396.130005
  143.55	7759523	396.135010
  141.75	7759841	396.140015
  143.55	7760158	396.144989
  143.53	7760474	396.149994
  142.20	7760791	396.154999
  142.65	7761110	396.160004
  143.10	7761427	396.165009
  142.65	7761745	396.170013
  143.10	7762062	396.174988
  143.53	7762380	396.179993
  143.10	7762697	396.184998
  142.65	7763015	396.190002
  143.10	7763332	396.195007
  142.20	7763650	396.200012
  143.55	7763967	396.204987
  143.53	7764286	396.209991
  143.10	7764602	396.214996
  142.65	7764920	396.220001
  143.10	7765237	396.225006
  142.65	7765555	396.230011
  143.10	7765872	396.234985
  143.53	7766191	396.239990
  143.10	7766507	396.244995
  142.20	7766826	396.250000
  143.10	7767143	396.255005
  142.65	7767461	396.260010
  143.55	7767778	396.265015
  142.20	7768096	396.269989
  144.43	7768413	396.274994
  142.20	7768731	396.279999
  143.55	7769048	396.285004
  142.65	7769367	396.290009
  143.10	7769683	396.295013
  142.65	7770002	396.299988
  144.43	7770319	396.304993
  142.20	7770637	396.309998
  143.55	7770954	396.315002
  142.20	7771272	396.320007
  143.55	7771589	396.325012
  142.65	7771908	396.329987
  144.43	7772225	396.334991
  142.20	7772543	396.339996
  143.55	7772860	396.345001
  142.20	7773178	396.350006
  143.55	7773495	396.355011
  142.65	7773814	396.359985
  144.43	7774131	396.364990
  142.20	7774449	396.369995
  143.55	7774764	396.375000
  141.75	7775083	396.380005
  143.10	7775400	396.385010
  142.65	7775718	396.390015
  143.55	7776035	396.394989
  143.53	7776354	396.399994
  143.55	7776671	396.404999
  142.65	7776989	396.410004
  143.10	7777307	396.415009
  142.65	7777625	396.420013
  143.55	7777942	396.424988
  143.53	7778261	396.429993
  143.55	7778578	396.434998
  142.65	7778897	396.440002
  143.55	7779213	396.445007
  142.65	7779532	396.450012
  143.55	7779849	396.454987
  143.08	7780168	396.459991
  143.55	7780485	396.464996
  142.65	7780804	396.470001
  143.10	7781121	396.475006
  142.65	7781439	396.480011
  143.10	7781756	396.484985
  143.98	7782075	396.489990
  143.10	7782392	396.494995
  142.65	7782711	396.500000
  143.55	7783028	396.505005
  142.65	7783347	396.510010
  143.10	7783663	396.515015
  142.65	7783982	396.519989
  144.43	7784299	396.524994
  142.65	7784618	396.529999
  143.55	7784935	396.535004
  142.20	7785253	396.540009
  143.55	7785570	396.545013
  142.65	7785889	396.549988
  143.98	7786206	396.554993
  142.20	7786524	396.559998
  143.55	7786840	396.565002
  142.20	7787159	396.570007
  143.55	7787476	396.575012
  142.65	7787794	396.579987
  143.98	7788111	396.584991
  142.65	7788430	396.589996
  143.10	7788747	396.595001
  142.65	7789065	396.600006
  143.55	7789382	396.605011
  142.20	7789700	396.609985
  144.43	7790017	396.614990
  142.65	7790335	396.619995
  143.10	7790652	396.625000
  142.20	7790971	396.630005
  143.55	7791287	396.635010
  142.20	7791606	396.640015
  143.55	7791922	396.644989
  143.53	7792240	396.649994
  143.10	7792557	396.654999
  142.65	7792876	396.660004
  143.10	7793192	396.665009
  142.65	7793511	396.670013
  143.55	7793828	396.674988
  143.08	7794146	396.679993
  143.55	7794463	396.684998
  142.65	7794779	396.690002
  142.20	7795096	396.695007
  142.65	7795414	396.700012
  143.10	7795731	396.704987
  143.53	7796050	396.709991
  143.10	7796366	396.714996
  142.65	7796685	396.720001
  143.10	7797002	396.725006
  142.65	7797320	396.730011
  143.55	7797637	396.734985
  143.53	7797955	396.739990
  143.10	7798272	396.744995
  142.65	7798591	396.750000
  143.10	7798908	396.755005
  142.65	7799226	396.760010
  143.10	7799543	396.765015
  142.65	7799862	396.769989
  143.98	7800179	396.774994
  142.65	7800497	396.779999
  143.10	7800814	396.785004
  142.65	7801133	396.790009
  143.55	7801450	396.795013
  142.65	7801769	396.799988
  143.98	7802085	396.804993
  142.65	7802404	396.809998
  143.55	7802721	396.815002
  142.20	7803039	396.820007
  143.55	7803356	396.825012
  143.10	7803675	396.829987
  143.98	7803992	396.834991
  142.65	7804311	396.839996
  143.55	7804628	396.845001
  142.65	7804947	396.850006
  143.55	7805264	396.855011
  142.20	7805583	396.859985
  144.43	7805900	396.864990
  142.65	7806218	396.869995
  143.55	7806536	396.875000
  142.65	7806855	396.880005
  143.10	7807172	396.885010
  142.65	7807491	396.890015
  143.55	7807808	396.894989
  143.53	7808127	396.899994
  143.55	7808444	396.904999
  143.10	7808762	396.910004
  143.10	7809079	396.915009
  143.10	7809399	396.920013
  143.10	7809716	396.924988
  143.98	7810034	396.929993
  143.10	7810352	396.934998
  142.65	7810668	396.940002
  142.65	7810985	396.945007
  142.65	7811304	396.950012
  143.55	7811621	396.954987
  143.53	7811940	396.959991
  143.55	7812257	396.964996
  142.65	7812576	396.970001
  143.10	7812893	396.975006
  142.65	7813211	396.980011
  143.55	7813528	396.984985
  143.53	7813847	396.989990
  143.55	7814164	396.994995
  142.65	7814483	397.000000
  143.55	7814798	397.005005
  142.20	7815118	397.010010
  143.10	7815435	397.015015
  143.10	7815754	397.019989
  144.43	7816072	397.024994
  142.65	7816391	397.029999
  143.55	7816708	397.035004
  142.65	7817026	397.040009
  143.10	7817343	397.045013
  142.65	7817662	397.049988
  144.43	7817980	397.054993
  142.65	7818299	397.059998
  144.00	7818616	397.065002
  142.65	7818935	397.070007
  143.55	7819252	397.075012
  142.65	7819571	397.079987
  144.43	7819888	397.084991
  142.65	7820207	397.089996
  143.55	7820524	397.095001
  142.65	7820843	397.100006
  143.55	7821160	397.105011
  142.65	7821479	397.109985
  144.43	7821796	397.114990
  142.65	7822115	397.119995
  143.55	7822432	397.125000
  142.65	7822751	397.130005
  143.55	7823068	397.135010
  142.65	7823387	397.140015
  143.55	7823702	397.144989
  142.62	7824021	397.149994
  143.55	7824338	397.154999
  142.65	7824657	397.160004
  143.55	7824975	397.165009
  142.65	7825294	397.170013
  143.55	7825611	397.174988
  143.53	7825930	397.179993
  144.00	7826248	397.184998
  142.65	7826565	397.190002
  142.65	7826883	397.195007
  142.65	7827202	397.200012
  144.00	7827519	397.204987
  143.53	7827838	397.209991
  144.00	7828156	397.214996
  142.65	7828475	397.220001
  143.55	7828793	397.225006
  142.65	7829112	397.230011
  144.00	7829430	397.234985
  143.53	7829749	397.239990
  143.55	7830066	397.244995
  143.10	7830385	397.250000
  144.00	7830703	397.255005
  142.65	7831023	397.260010
  144.00	7831340	397.265015
  142.65	7831660	397.269989
  144.89	7831978	397.274994
  143.10	7832297	397.279999
  143.55	7832615	397.285004
  143.10	7832934	397.290009
  144.00	7833252	397.295013
  142.65	7833571	397.299988
  144.89	7833889	397.304993
  143.10	7834209	397.309998
  143.55	7834527	397.315002
  142.65	7834846	397.320007
  144.00	7835164	397.325012
  143.10	7835483	397.329987
  144.43	7835800	397.334991
  143.10	7836120	397.339996
  143.55	7836438	397.345001
  143.10	7836757	397.350006
  144.00	7837075	397.355011
  142.65	7837395	397.359985
  144.89	7837712	397.364990
  142.65	7838032	397.369995
  144.00	7838349	397.375000
  143.10	7838669	397.380005
  143.55	7838986	397.385010
  143.10	7839306	397.390015
  143.55	7839623	397.394989
  143.98	7839943	397.399994
  143.55	7840261	397.404999
  142.65	7840580	397.410004
  144.00	7840897	397.415009
  143.10	7841217	397.420013
  143.55	7841534	397.424988
  143.98	7841853	397.429993
  143.55	7842171	397.434998
  142.65	7842490	397.440002
  143.55	7842808	397.445007
  143.10	7843127	397.450012
  143.55	7843445	397.454987
  143.98	7843764	397.459991
  143.55	7844081	397.464996
  142.65	7844400	397.470001
  144.00	7844718	397.475006
  142.65	7845037	397.480011
  143.55	7845355	397.484985
  143.53	7845674	397.489990
  144.00	7845992	397.494995
  142.65	7846311	397.500000
  144.00	7846628	397.505005
  142.65	7846947	397.510010
  144.00	7847265	397.515015
  142.65	7847584	397.519989
  144.43	7847902	397.524994
  143.10	7848221	397.529999
  143.55	7848539	397.535004
  143.10	7848858	397.540009
  143.55	7849173	397.545013
  141.75	7849492	397.549988
  144.89	7849810	397.554993
  142.65	7850129	397.559998
  143.10	7850447	397.565002
  143.10	7850766	397.570007
  143.55	7851084	397.575012
  142.65	7851403	397.579987
  144.89	7851721	397.584991
  142.65	7852040	397.589996
  144.00	7852357	397.595001
  143.10	7852677	397.600006
  143.55	7852994	397.605011
  143.10	7853314	397.609985
  144.43	7853631	397.614990
  142.65	7853951	397.619995
  144.00	7854268	397.625000
  142.65	7854588	397.630005
  143.55	7854905	397.635010
  143.10	7855224	397.640015
  144.00	7855542	397.644989
  143.53	7855861	397.649994
  143.55	7856178	397.654999
  142.65	7856498	397.660004
  144.00	7856815	397.665009
  142.65	7857135	397.670013
  143.55	7857452	397.674988
  143.98	7857771	397.679993
  144.00	7858089	397.684998
  142.65	7858408	397.690002
  144.00	7858726	397.695007
  142.65	7859046	397.700012
  144.00	7859363	397.704987
  143.53	7859683	397.709991
  143.55	7860000	397.714996
  143.10	7860319	397.720001
  144.00	7860637	397.725006
  142.65	7860956	397.730011
  144.00	7861274	397.734985
  143.53	7861593	397.739990
  143.55	7861911	397.744995
  143.10	7862230	397.750000
  143.55	7862548	397.755005
  143.10	7862867	397.760010
  143.55	7863185	397.765015
  143.10	7863504	397.769989
  144.43	7863821	397.774994
  143.10	7864141	397.779999
  143.55	7864458	397.785004
  142.65	7864778	397.790009
  144.00	7865095	397.795013
  142.65	7865414	397.799988
  144.43	7865730	397.804993
  142.20	7866048	397.809998
  143.55	7866366	397.815002
  142.65	7866685	397.820007
  144.00	7867002	397.825012
  142.65	7867322	397.829987
  144.43	7867640	397.834991
  142.65	7867959	397.839996
  143.55	7868276	397.845001
  143.10	7868595	397.850006
  144.00	7868913	397.855011
  142.65	7869232	397.859985
  144.43	7869549	397.864990
  142.65	7869869	397.869995
  143.55	7870186	397.875000
  142.65	7870505	397.880005
  143.55	7870821	397.885010
  141.75	7871139	397.890015
  143.55	7871455	397.894989
  142.62	7871771	397.899994
  142.65	7872088	397.904999
  142.65	7872408	397.910004
  143.55	7872725	397.915009
  142.65	7873044	397.920013
  143.55	7873362	397.924988
  143.53	7873681	397.929993
  143.55	7873997	397.934998
  142.65	7874316	397.940002
  144.00	7874634	397.945007
  142.65	7874952	397.950012
  143.55	7875270	397.954987
  143.08	7875589	397.959991
  143.55	7875906	397.964996
  142.65	7876225	397.970001
  143.55	7876541	397.975006
  142.65	7876860	397.980011
  143.55	7877177	397.984985
  143.53	7877496	397.989990
  143.55	7877813	397.994995
  142.65	7878132	398.000000
  143.55	7878450	398.005005
  142.65	7878769	398.010010
  143.55	7879086	398.015015
  142.65	7879405	398.019989
  144.89	7879722	398.024994
  142.65	7880041	398.029999
  143.55	7880358	398.035004
  142.65	7880677	398.040009
  143.10	7880994	398.045013
  143.10	7881313	398.049988
  144.43	7881630	398.054993
  142.20	7881949	398.059998
  144.00	7882266	398.065002
  142.65	7882585	398.070007
  143.55	7882902	398.075012
  142.65	7883221	398.079987
  144.89	7883538	398.084991
  142.20	7883858	398.089996
  143.55	7884175	398.095001
  142.65	7884494	398.100006
  143.55	7884811	398.105011
  143.10	7885130	398.109985
  144.43	7885447	398.114990
  143.10	7885766	398.119995
  143.55	7886084	398.125000
  142.65	7886403	398.130005
  143.55	7886720	398.135010
  142.65	7887039	398.140015
  143.55	7887357	398.144989
  143.53	7887676	398.149994
  143.55	7887993	398.154999
  143.10	7888312	398.160004
  143.55	7888629	398.165009
  142.20	7888949	398.170013
  143.55	7889266	398.174988
  143.53	7889585	398.179993
  143.55	7889903	398.184998
  142.65	7890222	398.190002
  143.55	7890539	398.195007
  143.10	7890858	398.200012
  144.00	7891175	398.204987
  143.53	7891495	398.209991
  143.55	7891812	398.214996
  142.65	7892132	398.220001
  143.55	7892449	398.225006
  143.10	7892768	398.230011
  143.55	7893083	398.234985
  142.62	7893402	398.239990
  144.00	7893720	398.244995
  142.65	7894039	398.250000
  143.55	7894356	398.255005
  143.10	7894676	398.260010
  143.55	7894993	398.265015
  142.65	7895313	398.269989
  144.43	7895630	398.274994
  143.10	7895949	398.279999
  143.55	7896266	398.285004
  143.10	7896585	398.290009
  143.55	7896903	398.295013
  142.65	7897222	398.299988
  144.43	7897539	398.304993
  142.65	7897858	398.309998
  143.55	7898176	398.315002
  142.65	7898495	398.320007
  144.00	7898812	398.325012
  142.65	7899131	398.329987
  144.43	7899448	398.334991
  143.10	7899767	398.339996
  143.55	7900085	398.345001
  142.65	7900404	398.350006
  143.55	7900722	398.355011
  142.65	7901041	398.359985
  144.43	7901358	398.364990
  143.10	7901677	398.369995
  143.55	7901994	398.375000
  143.10	7902313	398.380005
  143.55	7902630	398.385010
  142.20	7902950	398.390015
  143.55	7903267	398.394989
  143.98	7903586	398.399994
  143.10	7903903	398.404999
  143.10	7904222	398.410004
  143.55	7904539	398.415009
  142.65	7904858	398.420013
  143.55	7905175	398.424988
  143.53	7905494	398.429993
  143.55	7905811	398.434998
  142.65	7906131	398.440002
  143.55	7906448	398.445007
  142.65	7906767	398.450012
  144.00	7907084	398.454987
  143.53	7907403	398.459991
  143.55	7907720	398.464996
  143.10	7908039	398.470001
  143.55	7908357	398.475006
  142.65	7908674	398.480011
  142.65	7908992	398.484985
  143.53	7909311	398.489990
  144.00	7909628	398.494995
  142.65	7909947	398.500000
  143.55	7910265	398.505005
  143.10	7910584	398.510010
  143.55	7910901	398.515015
  143.10	7911221	398.519989
  144.43	7911538	398.524994
  142.65	7911858	398.529999
  143.55	7912175	398.535004
  142.65	7912494	398.540009
  143.55	7912811	398.545013
  143.10	7913130	398.549988
  144.43	7913448	398.554993
  142.65	7913767	398.559998
  143.55	7914084	398.565002
  142.65	7914404	398.570007
  143.55	7914721	398.575012
  143.10	7915040	398.579987
  144.43	7915357	398.584991
  142.65	7915676	398.589996
  143.55	7915993	398.595001
  142.20	7916312	398.600006
  144.00	7916630	398.605011
  142.65	7916949	398.609985
  144.43	7917266	398.614990
  142.65	7917586	398.619995
  143.55	7917903	398.625000
  143.10	7918222	398.630005
  143.55	7918539	398.635010
  143.10	7918858	398.640015
  143.55	7919176	398.644989
  143.53	7919495	398.649994
  143.55	7919813	398.654999
  143.10	7920132	398.660004
  143.10	7920449	398.665009
  143.10	7920768	398.670013
  144.00	7921086	398.674988
  143.53	7921405	398.679993
  143.55	7921723	398.684998
  143.10	7922042	398.690002
  143.55	7922359	398.695007
  142.65	7922679	398.700012
  144.00	7922996	398.704987
  143.53	7923315	398.709991
  143.55	7923633	398.714996
  143.10	7923952	398.720001
  143.55	7924269	398.725006
  143.10	7924589	398.730011
  143.55	7924906	398.734985
  143.53	7925225	398.739990
  143.55	7925543	398.744995
  142.65	7925862	398.750000
  144.00	7926179	398.755005
  142.65	7926498	398.760010
  143.55	7926816	398.765015
  143.10	7927135	398.769989
  144.43	7927452	398.774994
  142.65	7927771	398.779999
  143.55	7928089	398.785004
  142.65	7928408	398.790009
  144.00	7928726	398.795013
  143.10	7929045	398.799988
  144.43	7929362	398.804993
  142.65	7929681	398.809998
  143.55	7929999	398.815002
  142.65	7930318	398.820007
  143.55	7930636	398.825012
  143.10	7930955	398.829987
  144.43	7931273	398.834991
  143.10	7931592	398.839996
  143.55	7931910	398.845001
  143.10	7932229	398.850006
  143.55	7932546	398.855011
  142.65	7932866	398.859985
  144.43	7933184	398.864990
  142.65	7933503	398.869995
  144.00	7933820	398.875000
  142.65	7934140	398.880005
  144.00	7934457	398.885010
  142.65	7934776	398.890015
  144.00	7935094	398.894989
  143.53	7935413	398.899994
  144.00	7935731	398.904999
  142.65	7936051	398.910004
  143.10	7936368	398.915009
  143.10	7936687	398.920013
  143.55	7937005	398.924988
  143.98	7937324	398.929993
  143.55	7937641	398.934998
  143.10	7937961	398.940002
  143.55	7938278	398.945007
  143.10	7938598	398.950012
  143.10	7938915	398.954987
  143.98	7939235	398.959991
  143.55	7939552	398.964996
  142.65	7939871	398.970001
  144.00	7940188	398.975006
  143.10	7940507	398.980011
  143.10	7940825	398.984985
  143.98	7941144	398.989990
  143.55	7941461	398.994995
  142.65	7941781	399.000000
  143.55	7942098	399.005005
  142.65	7942417	399.010010
  144.00	7942734	399.015015
  143.10	7943051	399.019989
  143.08	7943369	399.024994
  143.10	7943688	399.029999
  143.55	7944005	399.035004
  142.65	7944325	399.040009
  144.00	7944642	399.045013
  142.65	7944961	399.049988
  144.43	7945279	399.054993
  143.10	7945598	399.059998
  143.55	7945915	399.065002
  142.65	7946234	399.070007
  144.00	7946552	399.075012
  142.65	7946871	399.079987
  144.43	7947188	399.084991
  142.65	7947507	399.089996
  143.55	7947825	399.095001
  142.65	7948144	399.100006
  143.10	7948461	399.105011
  143.10	7948780	399.109985
  144.43	7949097	399.114990
  142.65	7949416	399.119995
  143.55	7949734	399.125000
  143.10	7950053	399.130005
  143.10	7950370	399.135010
  143.10	7950689	399.140015
  143.55	7951006	399.144989
  143.53	7951325	399.149994
  143.55	7951642	399.154999
  142.65	7951961	399.160004
  143.55	7952278	399.165009
  142.65	7952597	399.170013
  143.10	7952915	399.174988
  143.53	7953234	399.179993
  143.55	7953551	399.184998
  142.20	7953870	399.190002
  143.55	7954187	399.195007
  142.65	7954506	399.200012
  143.55	7954823	399.204987
  143.53	7955142	399.209991
  143.55	7955459	399.214996
  142.65	7955778	399.220001
  143.55	7956095	399.225006
  142.65	7956414	399.230011
  143.55	7956731	399.234985
  143.53	7957050	399.239990
  144.00	7957368	399.244995
  142.65	7957687	399.250000
  143.55	7958004	399.255005
  142.65	7958323	399.260010
  143.55	7958640	399.265015
  142.65	7958959	399.269989
  144.43	7959276	399.274994
  142.65	7959595	399.279999
  143.55	7959912	399.285004
  142.65	7960231	399.290009
  143.55	7960548	399.295013
  142.65	7960867	399.299988
  144.43	7961184	399.304993
  142.65	7961503	399.309998
  143.10	7961820	399.315002
  142.65	7962139	399.320007
  143.10	7962456	399.325012
  143.10	7962774	399.329987
  144.43	7963092	399.334991
  142.20	7963410	399.339996
  143.55	7963728	399.345001
  142.65	7964046	399.350006
  143.55	7964363	399.355011
  142.65	7964682	399.359985
  144.43	7964999	399.364990
  142.65	7965317	399.369995
  143.55	7965635	399.375000
  142.20	7965953	399.380005
  143.55	7966271	399.385010
  142.65	7966590	399.390015
  143.55	7966906	399.394989
  143.53	7967225	399.399994
  143.55	7967542	399.404999
  142.65	7967861	399.410004
  143.55	7968178	399.415009
  142.65	7968497	399.420013
  143.55	7968814	399.424988
  143.53	7969133	399.429993
  143.55	7969450	399.434998
  142.65	7969769	399.440002
  143.55	7970086	399.445007
  142.65	7970405	399.450012
  143.55	7970722	399.454987
  143.53	7971041	399.459991
  143.55	7971358	399.464996
  142.65	7971677	399.470001
  143.55	7971994	399.475006
  142.20	7972313	399.480011
  143.55	7972630	399.484985
  143.53	7972948	399.489990
  143.55	7973265	399.494995
  143.10	7973584	399.500000
  143.55	7973899	399.505005
  141.30	7974218	399.510010
  143.55	7974536	399.515015
  142.65	7974854	399.519989
  144.43	7975171	399.524994
  142.65	7975490	399.529999
  143.55	7975807	399.535004
  142.65	7976126	399.540009
  143.55	7976443	399.545013
  142.65	7976762	399.549988
  144.43	7977078	399.554993
  141.75	7977396	399.559998
  143.55	7977711	399.565002
  141.75	7978030	399.570007
  143.55	7978347	399.575012
  142.65	7978666	399.579987
  144.43	7978983	399.584991
  142.65	7979302	399.589996
  143.55	7979619	399.595001
  142.65	7979939	399.600006
  143.55	7980256	399.605011
  142.65	7980575	399.609985
  144.89	7980890	399.614990
  141.75	7981209	399.619995
  143.55	7981526	399.625000
  142.65	7981845	399.630005
  143.55	7982160	399.635010
  141.75	7982479	399.640015
  143.10	7982797	399.644989
  143.53	7983116	399.649994
  143.55	7983433	399.654999
  142.65	7983752	399.660004
  144.00	7984069	399.665009
  142.65	7984388	399.670013
  143.55	7984705	399.674988
  143.53	7985024	399.679993
  143.55	7985342	399.684998
  142.65	7985661	399.690002
  143.55	7985978	399.695007
  142.65	7986296	399.700012
  143.55	7986611	399.704987
  143.08	7986928	399.709991
  142.65	7987245	399.714996
  142.65	7987564	399.720001
  143.10	7987882	399.725006
  142.65	7988201	399.730011
  143.55	7988518	399.734985
  143.53	7988837	399.739990
  143.55	7989154	399.744995
  143.10	7989473	399.750000
  143.55	7989790	399.755005
  142.65	7990109	399.760010
  143.55	7990427	399.765015
  142.65	7990746	399.769989
  144.89	7991063	399.774994
  142.65	7991382	399.779999
  143.55	7991700	399.785004
  143.10	7992019	399.790009
  143.55	7992336	399.795013
  142.65	7992655	399.799988
  144.89	7992973	399.804993
  142.65	7993292	399.809998
  143.55	7993609	399.815002
  142.65	7993929	399.820007
  143.55	7994246	399.825012
  143.10	7994565	399.829987
  144.89	7994883	399.834991
  142.65	7995202	399.839996
  143.55	7995519	399.845001
  142.65	7995839	399.850006
  144.00	7996154	399.855011
  141.75	7996474	399.859985
  144.43	7996791	399.864990
  143.10	7997110	399.869995
  144.00	7997428	399.875000
  142.65	7997747	399.880005
  143.55	7998064	399.885010
  142.65	7998384	399.890015
  144.00	7998701	399.894989
  143.53	7999021	399.899994
  143.55	7999338	399.904999
  143.10	7999655	399.910004
  142.65	7999973	399.915009
  143.10	8000292	399.920013
  143.55	8000607	399.924988
  143.08	8000927	399.929993
  143.55	8001244	399.934998
  142.65	8001564	399.940002
  143.55	8001881	399.945007
  143.10	8002200	399.950012
  143.55	8002518	399.954987
  143.53	8002837	399.959991
  143.55	8003154	399.964996
  143.10	8003473	399.970001
  143.55	8003791	399.975006
  142.65	8004110	399.980011
  143.55	8004427	399.984985
  143.53	8004747	399.989990
  143.55	8005064	399.994995
  143.10	8005383	400.000000
  143.55	8005700	400.005005
  143.10	8006019	400.010010
  143.10	8006336	400.015015
  143.10	8006656	400.019989
  144.43	8006973	400.024994
  142.65	8007290	400.029999
  142.65	8007607	400.035004
  142.65	8007926	400.040009
  143.55	8008243	400.045013
  143.10	8008562	400.049988
  143.98	8008880	400.054993
  143.10	8009198	400.059998
  143.55	8009516	400.065002
  142.20	8009835	400.070007
  143.55	8010152	400.075012
  142.65	8010471	400.079987
  143.98	8010788	400.084991
  143.10	8011107	400.089996
  143.55	8011424	400.095001
  142.65	8011743	400.100006
  143.55	8012060	400.105011
  143.10	8012377	400.109985
  143.08	8012695	400.114990
  142.65	8013014	400.119995
  143.55	8013331	400.125000
  142.65	8013650	400.130005
  144.00	8013967	400.135010
  142.65	8014286	400.140015
  143.55	8014603	400.144989
  143.08	8014922	400.149994
  143.10	8015239	400.154999
  142.65	8015558	400.160004
  143.55	8015875	400.165009
  142.65	8016193	400.170013
  143.55	8016510	400.174988
  143.53	8016829	400.179993
  143.55	8017146	400.184998
  142.20	8017464	400.190002
  143.55	8017781	400.195007
  142.65	8018100	400.200012
  143.55	8018417	400.204987
  143.53	8018736	400.209991
  143.10	8019053	400.214996
  142.65	8019371	400.220001
  143.55	8019688	400.225006
  142.65	8020007	400.230011
  143.55	8020324	400.234985
  143.53	8020643	400.239990
  143.55	8020960	400.244995
  142.20	8021279	400.250000
  143.55	8021596	400.255005
  143.10	8021914	400.260010
  143.10	8022231	400.265015
  143.10	8022550	400.269989
  144.43	8022867	400.274994
  142.20	8023186	400.279999
  143.55	8023504	400.285004
  142.65	8023822	400.290009
  143.55	8024139	400.295013
  142.65	8024458	400.299988
  144.43	8024775	400.304993
  142.65	8025094	400.309998
  143.55	8025411	400.315002
  142.65	8025730	400.320007
  143.55	8026047	400.325012
  142.20	8026366	400.329987
  144.43	8026683	400.334991
  143.10	8027002	400.339996
  143.55	8027319	400.345001
  142.65	8027637	400.350006
  143.55	8027955	400.355011
  142.65	8028273	400.359985
  143.98	8028591	400.364990
  142.65	8028910	400.369995
  143.10	8029227	400.375000
  142.65	8029546	400.380005
  144.00	8029863	400.385010
  142.65	8030182	400.390015
  143.55	8030499	400.394989
  143.53	8030818	400.399994
  143.55	8031135	400.404999
  142.65	8031454	400.410004
  143.55	8031772	400.415009
  142.65	8032091	400.420013
  144.00	8032408	400.424988
  143.53	8032727	400.429993
  143.55	8033044	400.434998
  142.65	8033364	400.440002
  144.00	8033681	400.445007
  142.65	8034000	400.450012
  143.55	8034318	400.454987
  143.53	8034637	400.459991
  143.55	8034954	400.464996
  142.65	8035273	400.470001
  143.55	8035590	400.475006
  142.65	8035909	400.480011
  143.55	8036227	400.484985
  143.53	8036545	400.489990
  143.55	8036863	400.494995
  142.20	8037182	400.500000
  143.55	8037499	400.505005
  143.10	8037818	400.510010
  143.10	8038135	400.515015
  143.10	8038454	400.519989
  143.98	8038771	400.524994
  143.10	8039090	400.529999
  143.55	8039407	400.535004
  142.65	8039726	400.540009
  143.55	8040043	400.545013
  142.65	8040360	400.549988
  143.53	8040675	400.554993
  141.75	8040994	400.559998
  143.55	8041311	400.565002
  142.65	8041630	400.570007
  143.55	8041947	400.575012
  143.10	8042266	400.579987
  143.98	8042583	400.584991
  142.65	8042902	400.589996
  143.55	8043219	400.595001
  142.20	8043537	400.600006
  143.55	8043854	400.605011
  142.65	8044172	400.609985
  143.98	8044489	400.614990
  142.65	8044808	400.619995
  143.10	8045125	400.625000
  142.65	8045444	400.630005
  143.10	8045760	400.635010
  142.65	8046079	400.640015
  143.55	8046396	400.644989
  143.08	8046712	400.649994
  142.65	8047029	400.654999
  143.10	8047348	400.660004
  143.10	8047665	400.665009
  142.65	8047984	400.670013
  143.10	8048301	400.674988
  143.53	8048619	400.679993
  143.55	8048936	400.684998
  142.65	8049255	400.690002
  143.55	8049572	400.695007
  142.65	8049890	400.700012
  143.10	8050205	400.704987
  142.62	8050522	400.709991
  142.65	8050839	400.714996
  142.65	8051158	400.720001
  143.10	8051475	400.725006
  143.10	8051794	400.730011
  143.10	8052108	400.734985
  143.08	8052427	400.739990
  143.10	8052744	400.744995
  142.65	8053063	400.750000
  143.55	8053380	400.755005
  142.20	8053699	400.760010
  143.55	8054016	400.765015
  142.65	8054332	400.769989
  143.53	8054649	400.774994
  142.65	8054968	400.779999
  143.55	8055284	400.785004
  142.65	8055601	400.790009
  142.20	8055918	400.795013
  142.65	8056237	400.799988
  143.98	8056554	400.804993
  143.10	8056873	400.809998
  143.10	8057187	400.815002
  141.75	8057506	400.820007
  143.55	8057823	400.825012
  142.65	8058141	400.829987
  144.43	8058458	400.834991
  142.20	8058777	400.839996
  143.55	8059095	400.845001
  142.65	8059413	400.850006
  143.55	8059730	400.855011
  142.65	8060049	400.859985
  144.43	8060366	400.864990
  142.65	8060685	400.869995
  143.55	8061002	400.875000
  142.65	8061319	400.880005
  142.65	8061637	400.885010
  142.65	8061956	400.890015
  143.55	8062273	400.894989
  143.53	8062591	400.899994
  144.00	8062909	400.904999
  142.65	8063228	400.910004
  143.55	8063545	400.915009
  142.65	8063864	400.920013
  143.55	8064181	400.924988
  143.53	8064500	400.929993
  143.55	8064818	400.934998
  142.65	8065136	400.940002
  143.55	8065454	400.945007
  142.65	8065773	400.950012
  144.00	8066090	400.954987
  143.53	8066409	400.959991
  143.55	8066726	400.964996
  142.65	8067045	400.970001
  143.55	8067362	400.975006
  142.65	8067681	400.980011
  143.55	8067998	400.984985
  143.53	8068317	400.989990
  143.55	8068634	400.994995
  142.65	8068952	401.000000
  143.55	8069270	401.005005
  142.65	8069589	401.010010
  143.10	8069906	401.015015
  142.20	8070225	401.019989
  144.43	8070542	401.024994
  142.65	8070860	401.029999
  143.10	8071177	401.035004
  142.65	8071496	401.040009
  143.55	8071813	401.045013
  142.65	8072132	401.049988
  144.43	8072449	401.054993
  142.65	8072768	401.059998
  143.10	8073085	401.065002
  142.65	8073403	401.070007
  143.55	8073720	401.075012
  142.65	8074039	401.079987
  144.43	8074356	401.084991
  142.65	8074675	401.089996
  143.10	8074992	401.095001
  142.65	8075310	401.100006
  143.55	8075627	401.105011
  142.65	8075946	401.109985
  144.43	8076263	401.114990
  142.65	8076582	401.119995
  143.55	8076899	401.125000
  143.10	8077218	401.130005
  143.10	8077536	401.135010
  143.10	8077855	401.140015
  143.55	8078173	401.144989
  143.53	8078492	401.149994
  144.00	8078809	401.154999
  142.65	8079129	401.160004
  144.00	8079446	401.165009
  143.10	8079766	401.170013
  143.55	8080083	401.174988
  143.98	8080403	401.179993
  143.55	8080721	401.184998
  142.65	8081040	401.190002
  144.00	8081357	401.195007
  142.65	8081677	401.200012
  144.00	8081994	401.204987
  143.98	8082313	401.209991
  143.55	8082631	401.214996
  142.65	8082950	401.220001
  144.00	8083268	401.225006
  142.65	8083587	401.230011
  143.55	8083904	401.234985
  143.53	8084223	401.239990
  143.55	8084541	401.244995
  143.10	8084860	401.250000
  143.55	8085177	401.255005
  142.65	8085496	401.260010
  144.00	8085814	401.265015
  142.20	8086133	401.269989
  144.89	8086450	401.274994
  142.65	8086770	401.279999
  143.55	8087087	401.285004
  143.10	8087406	401.290009
  144.00	8087723	401.295013
  142.65	8088043	401.299988
  144.43	8088360	401.304993
  142.65	8088680	401.309998
  143.55	8088997	401.315002
  142.65	8089316	401.320007
  143.55	8089634	401.325012
  143.10	8089953	401.329987
  144.43	8090270	401.334991
  143.10	8090590	401.339996
  143.55	8090908	401.345001
  143.10	8091227	401.350006
  144.00	8091545	401.355011
  142.65	8091865	401.359985
  144.89	8092183	401.364990
  143.10	8092503	401.369995
  144.00	8092820	401.375000
  143.10	8093140	401.380005
  143.55	8093458	401.385010
  143.55	8093778	401.390015
  144.00	8094096	401.394989
  143.53	8094416	401.399994
  144.00	8094734	401.404999
  143.10	8095054	401.410004
  144.00	8095372	401.415009
  143.10	8095691	401.420013
  144.00	8096009	401.424988
  143.98	8096329	401.429993
  144.00	8096647	401.434998
  143.10	8096967	401.440002
  144.00	8097285	401.445007
  143.10	8097606	401.450012
  144.00	8097924	401.454987
  143.98	8098244	401.459991
  144.00	8098562	401.464996
  143.55	8098882	401.470001
  144.00	8099200	401.475006
  143.10	8099520	401.480011
  144.00	8099838	401.484985
  143.53	8100158	401.489990
  144.00	8100476	401.494995
  143.10	8100795	401.500000
  143.55	8101113	401.505005
  143.55	8101433	401.510010
  143.55	8101750	401.515015
  143.10	8102070	401.519989
  144.43	8102388	401.524994
  143.10	8102707	401.529999
  144.00	8103025	401.535004
  143.10	8103345	401.540009
  143.55	8103663	401.545013
  143.10	8103980	401.549988
  143.98	8104298	401.554993
  142.65	8104617	401.559998
  144.00	8104935	401.565002
  143.10	8105255	401.570007
  143.55	8105573	401.575012
  143.10	8105893	401.579987
  144.43	8106210	401.584991
  143.10	8106530	401.589996
  144.00	8106848	401.595001
  143.10	8107167	401.600006
  144.00	8107485	401.605011
  143.10	8107805	401.609985
  144.43	8108122	401.614990
  143.10	8108442	401.619995
  143.55	8108760	401.625000
  143.10	8109079	401.630005
  143.55	8109397	401.635010
  143.10	8109717	401.640015
  143.55	8110034	401.644989
  143.98	8110353	401.649994
  143.55	8110671	401.654999
  142.65	8110991	401.660004
  144.00	8111308	401.665009
  142.65	8111628	401.670013
  143.55	8111945	401.674988
  143.98	8112265	401.679993
  144.00	8112582	401.684998
  143.10	8112902	401.690002
  143.55	8113219	401.695007
  143.10	8113539	401.700012
  143.55	8113857	401.704987
  143.53	8114176	401.709991
  144.00	8114494	401.714996
  143.10	8114813	401.720001
  143.55	8115130	401.725006
  143.10	8115450	401.730011
  143.55	8115765	401.734985
  143.08	8116085	401.739990
  143.55	8116402	401.744995
  142.65	8116722	401.750000
  144.00	8117039	401.755005
  142.65	8117359	401.760010
  143.55	8117676	401.765015
  143.10	8117995	401.769989
  144.89	8118313	401.774994
  142.65	8118632	401.779999
  143.55	8118950	401.785004
  142.65	8119269	401.790009
  143.55	8119586	401.795013
  142.65	8119906	401.799988
  144.89	8120223	401.804993
  142.65	8120542	401.809998
  144.00	8120860	401.815002
  142.65	8121179	401.820007
  144.00	8121497	401.825012
  142.65	8121816	401.829987
  144.43	8122133	401.834991
  142.65	8122453	401.839996
  143.55	8122770	401.845001
  142.65	8123089	401.850006
  143.55	8123406	401.855011
  142.65	8123725	401.859985
  144.89	8124043	401.864990
  142.65	8124362	401.869995
  143.55	8124679	401.875000
  142.65	8124998	401.880005
  143.55	8125316	401.885010
  142.65	8125635	401.890015
  143.55	8125952	401.894989
  143.53	8126271	401.899994
  144.00	8126588	401.904999
  142.65	8126907	401.910004
  143.55	8127224	401.915009
  142.65	8127543	401.920013
  143.55	8127860	401.924988
  143.08	8128179	401.929993
  143.55	8128496	401.934998
  143.10	8128815	401.940002
  143.10	8129132	401.945007
  143.10	8129451	401.950012
  143.55	8129768	401.954987
  143.53	8130087	401.959991
  143.55	8130404	401.964996
  142.65	8130723	401.970001
  143.10	8131040	401.975006
  143.10	8131359	401.980011
  143.10	8131676	401.984985
  143.98	8131994	401.989990
  143.55	8132311	401.994995
  142.20	8132630	402.000000
  143.55	8132948	402.005005
  143.10	8133267	402.010010
  143.10	8133584	402.015015
  143.10	8133903	402.019989
  144.43	8134220	402.024994
  142.65	8134539	402.029999
  143.55	8134854	402.035004
  141.75	8135173	402.040009
  143.55	8135491	402.045013
  142.65	8135810	402.049988
  144.43	8136128	402.054993
  142.65	8136447	402.059998
  144.00	8136764	402.065002
  142.65	8137083	402.070007
  143.55	8137400	402.075012
  143.10	8137720	402.079987
  144.43	8138037	402.084991
  142.65	8138356	402.089996
  143.55	8138674	402.095001
  142.65	8138993	402.100006
  143.55	8139310	402.105011
  142.65	8139629	402.109985
  144.43	8139947	402.114990
  143.10	8140266	402.119995
  144.00	8140583	402.125000
  142.65	8140903	402.130005
  143.55	8141220	402.135010
  142.65	8141540	402.140015
  143.55	8141857	402.144989
  143.98	8142176	402.149994
  143.55	8142494	402.154999
  143.10	8142813	402.160004
  143.55	8143128	402.165009
  142.20	8143448	402.170013
  143.55	8143765	402.174988
  143.53	8144085	402.179993
  144.00	8144402	402.184998
  142.65	8144721	402.190002
  143.55	8145039	402.195007
  143.10	8145358	402.200012
  143.55	8145675	402.204987
  143.98	8145995	402.209991
  143.55	8146312	402.214996
  142.65	8146631	402.220001
  143.55	8146949	402.225006
  143.10	8147268	402.230011
  143.10	8147585	402.234985
  143.98	8147902	402.239990
  142.65	8148220	402.244995
  143.10	8148539	402.250000
  143.55	8148856	402.255005
  143.10	8149175	402.260010
  143.10	8149493	402.265015
  142.65	8149812	402.269989
  144.43	8150129	402.274994
  142.65	8150448	402.279999
  143.55	8150765	402.285004
  142.20	8151084	402.290009
  143.55	8151401	402.295013
  142.65	8151720	402.299988
  144.43	8152037	402.304993
  142.65	8152356	402.309998
  143.55	8152673	402.315002
  142.65	8152992	402.320007
  143.10	8153309	402.325012
  142.20	8153628	402.329987
  144.43	8153945	402.334991
  143.10	8154263	402.339996
  143.10	8154580	402.345001
  142.65	8154897	402.350006
  142.65	8155214	402.355011
  142.65	8155533	402.359985
  144.43	8155850	402.364990
  142.65	8156169	402.369995
  143.10	8156486	402.375000
  143.10	8156804	402.380005
  143.10	8157121	402.385010
  142.65	8157440	402.390015
  143.55	8157757	402.394989
  143.53	8158076	402.399994
  143.10	8158393	402.404999
  143.10	8158712	402.410004
  143.10	8159028	402.415009
  142.65	8159347	402.420013
  143.55	8159664	402.424988
  143.53	8159983	402.429993
  143.55	8160300	402.434998
  142.20	8160619	402.440002
  143.55	8160936	402.445007
  142.65	8161254	402.450012
  143.10	8161571	402.454987
  143.53	8161890	402.459991
  143.55	8162206	402.464996
  142.20	8162525	402.470001
  143.10	8162842	402.475006
  142.65	8163161	402.480011
  143.55	8163478	402.484985
  143.53	8163797	402.489990
  143.10	8164114	402.494995
  142.65	8164432	402.500000
  143.55	8164749	402.505005
  142.65	8165068	402.510010
  143.55	8165385	402.515015
  142.65	8165704	402.519989
  144.43	8166021	402.524994
  142.65	8166340	402.529999
  143.55	8166657	402.535004
  142.65	8166976	402.540009
  143.55	8167293	402.545013
  142.65	8167612	402.549988
  144.43	8167929	402.554993
  142.65	8168248	402.559998
  143.55	8168565	402.565002
  142.65	8168884	402.570007
  143.55	8169201	402.575012
  142.65	8169518	402.579987
  143.53	8169835	402.584991
  142.65	8170154	402.589996
  143.10	8170471	402.595001
  142.65	8170790	402.600006
  143.10	8171105	402.605011
  141.75	8171424	402.609985
  144.43	8171742	402.614990
  142.65	8172061	402.619995
  143.55	8172377	402.625000
  142.65	8172696	402.630005
  143.55	8173013	402.635010
  143.10	8173332	402.640015
  143.55	8173650	402.644989
  143.53	8173969	402.649994
  143.55	8174286	402.654999
  142.65	8174605	402.660004
  143.55	8174922	402.665009
  142.65	8175241	402.670013
  143.55	8175558	402.674988
  143.53	8175877	402.679993
  143.55	8176194	402.684998
  142.65	8176513	402.690002
  143.55	8176830	402.695007
  142.65	8177149	402.700012
  143.55	8177466	402.704987
  143.53	8177785	402.709991
  143.55	8178102	402.714996
  142.65	8178421	402.720001
  143.55	8178738	402.725006
  142.65	8179056	402.730011
  143.55	8179374	402.734985
  143.53	8179693	402.739990
  143.10	8180010	402.744995
  142.65	8180328	402.750000
  143.55	8180645	402.755005
  142.65	8180964	402.760010
  143.55	8181281	402.765015
  142.65	8181599	402.769989
  143.98	8181917	402.774994
  142.65	8182235	402.779999
  143.10	8182553	402.785004
  142.65	8182871	402.790009
  143.55	8183188	402.795013
  142.20	8183507	402.799988
  143.98	8183823	402.804993
  143.10	8184142	402.809998
  143.10	8184459	402.815002
  142.65	8184777	402.820007
  143.10	8185094	402.825012
  142.65	8185413	402.829987
  143.98	8185730	402.834991
  142.65	8186048	402.839996
  143.55	8186365	402.845001
  142.65	8186683	402.850006
  143.10	8187000	402.855011
  142.65	8187319	402.859985
  144.43	8187636	402.864990
  142.20	8187955	402.869995
  143.55	8188272	402.875000
  142.65	8188590	402.880005
  143.55	8188907	402.885010
  142.65	8189225	402.890015
  143.10	8189542	402.894989
  143.53	8189861	402.899994
  143.55	8190178	402.904999
  142.65	8190497	402.910004
  143.10	8190814	402.915009
  142.65	8191132	402.920013
  143.10	8191449	402.924988
  143.98	8191767	402.929993
  143.55	8192084	402.934998
  142.20	8192403	402.940002
  143.55	8192720	402.945007
  142.65	8193039	402.950012
  143.55	8193356	402.954987
  143.53	8193675	402.959991
  143.55	8193992	402.964996
  142.65	8194311	402.970001
  143.55	8194628	402.975006
  142.65	8194947	402.980011
  143.55	8195264	402.984985
  143.53	8195583	402.989990
  143.55	8195900	402.994995
  142.65	8196219	403.000000
  143.55	8196536	403.005005
  142.65	8196855	403.010010
  143.55	8197172	403.015015
  142.65	8197491	403.019989
  144.43	8197808	403.024994
  143.10	8198127	403.029999
  143.10	8198445	403.035004
  143.10	8198764	403.040009
  143.10	8199081	403.045013
  143.10	8199400	403.049988
  144.43	8199717	403.054993
  142.65	8200036	403.059998
  143.55	8200353	403.065002
  143.10	8200672	403.070007
  143.10	8200987	403.075012
  141.30	8201306	403.079987
  144.43	8201624	403.084991
  142.65	8201943	403.089996
  143.55	8202259	403.095001
  142.65	8202578	403.100006
  144.00	8202895	403.105011
  142.65	8203214	403.109985
  144.43	8203531	403.114990
  142.20	8203850	403.119995
  143.55	8204167	403.125000
  142.65	8204486	403.130005
  143.55	8204802	403.135010
  141.75	8205120	403.140015
  143.55	8205437	403.144989
  143.53	8205756	403.149994
  143.55	8206073	403.154999
  142.65	8206392	403.160004
  143.55	8206709	403.165009
  142.65	8207028	403.170013
  143.10	8207345	403.174988
  143.53	8207664	403.179993
  143.55	8207981	403.184998
  142.65	8208300	403.190002
  143.55	8208617	403.195007
  143.10	8208936	403.200012
  143.10	8209253	403.204987
  143.53	8209570	403.209991
  142.65	8209887	403.214996
  142.65	8210206	403.220001
  143.55	8210524	403.225006
  142.65	8210842	403.230011
  143.55	8211159	403.234985
  143.98	8211478	403.239990
  143.10	8211795	403.244995
  142.65	8212114	403.250000
  143.10	8212431	403.255005
  142.65	8212750	403.260010
  143.55	8213067	403.265015
  142.65	8213386	403.269989
  144.43	8213703	403.274994
  142.65	8214022	403.279999
  143.55	8214339	403.285004
  142.65	8214658	403.290009
  143.55	8214975	403.295013
  142.65	8215294	403.299988
  144.43	8215611	403.304993
  142.65	8215930	403.309998
  143.55	8216247	403.315002
  142.65	8216566	403.320007
  143.55	8216883	403.325012
  142.65	8217202	403.329987
  144.43	8217519	403.334991
  142.65	8217838	403.339996
  143.55	8218155	403.345001
  142.20	8218474	403.350006
  143.55	8218791	403.355011
  143.10	8219109	403.359985
  143.98	8219426	403.364990
  143.10	8219745	403.369995
  143.10	8220062	403.375000
  142.65	8220381	403.380005
  143.55	8220698	403.385010
  142.20	8221017	403.390015
  143.55	8221334	403.394989
  143.98	8221652	403.399994
  143.10	8221969	403.404999
  142.65	8222288	403.410004
  143.55	8222605	403.415009
  142.65	8222924	403.420013
  143.10	8223241	403.424988
  143.53	8223560	403.429993
  143.10	8223877	403.434998
  142.65	8224195	403.440002
  143.55	8224512	403.445007
  142.65	8224831	403.450012
  143.55	8225148	403.454987
  143.53	8225467	403.459991
  143.55	8225785	403.464996
  143.10	8226104	403.470001
  143.10	8226421	403.475006
  142.65	8226740	403.480011
  144.00	8227057	403.484985
  143.53	8227375	403.489990
  143.55	8227693	403.494995
  142.65	8228012	403.500000
  143.55	8228329	403.505005
  142.65	8228648	403.510010
  143.55	8228965	403.515015
  142.65	8229284	403.519989
  144.43	8229601	403.524994
  142.65	8229920	403.529999
  143.55	8230237	403.535004
  142.65	8230556	403.540009
  143.55	8230873	403.545013
  142.65	8231192	403.549988
  144.43	8231509	403.554993
  142.65	8231828	403.559998
  143.55	8232145	403.565002
  142.65	8232464	403.570007
  143.55	8232781	403.575012
  142.65	8233100	403.579987
  144.43	8233417	403.584991
  142.65	8233736	403.589996
  143.55	8234053	403.595001
  142.20	8234372	403.600006
  143.55	8234689	403.605011
  142.65	8235007	403.609985
  144.43	8235324	403.614990
  143.10	8235643	403.619995
  143.55	8235960	403.625000
  142.20	8236279	403.630005
  143.55	8236596	403.635010
  142.65	8236915	403.640015
  143.55	8237232	403.644989
  143.53	8237551	403.649994
  143.55	8237868	403.654999
  142.65	8238187	403.660004
  143.55	8238504	403.665009
  142.65	8238822	403.670013
  143.10	8239139	403.674988
  143.08	8239458	403.679993
  143.10	8239775	403.684998
  142.65	8240094	403.690002
  143.10	8240410	403.695007
  142.65	8240729	403.700012
  143.55	8241045	403.704987
  143.08	8241364	403.709991
  143.55	8241680	403.714996
  142.20	8241999	403.720001
  143.10	8242316	403.725006
  142.65	8242634	403.730011
  143.55	8242951	403.734985
  143.08	8243269	403.739990
  143.55	8243586	403.744995
  142.20	8243904	403.750000
  143.55	8244221	403.755005
  142.20	8244539	403.760010
  143.10	8244856	403.765015
  142.65	8245172	403.769989
  143.53	8245489	403.774994
  142.20	8245807	403.779999
  143.55	8246123	403.785004
  142.20	8246442	403.790009
  143.55	8246756	403.795013
  141.30	8247075	403.799988
  143.98	8247391	403.804993
  142.65	8247710	403.809998
  143.10	8248026	403.815002
  142.20	8248345	403.820007
  143.55	8248661	403.825012
  142.65	8248979	403.829987
  143.98	8249296	403.834991
  142.65	8249614	403.839996
  143.10	8249931	403.845001
  142.20	8250249	403.850006
  143.55	8250566	403.855011
  142.20	8250882	403.859985
  143.08	8251199	403.864990
  142.20	8251517	403.869995
  143.10	8251834	403.875000
  142.65	8252152	403.880005
  143.10	8252469	403.885010
  142.20	8252785	403.890015
  142.65	8253102	403.894989
  143.08	8253420	403.899994
  143.10	8253737	403.904999
  143.10	8254055	403.910004
  143.10	8254372	403.915009
  142.65	8254690	403.920013
  143.10	8255007	403.924988
  143.53	8255326	403.929993
  143.10	8255643	403.934998
  142.65	8255961	403.940002
  143.55	8256278	403.945007
  142.65	8256597	403.950012
  143.10	8256913	403.954987
  143.53	8257232	403.959991
  143.55	8257549	403.964996
  142.65	8257868	403.970001
  143.55	8258185	403.975006
  142.65	8258504	403.980011
  143.55	8258821	403.984985
  143.53	8259140	403.989990
  143.55	8259457	403.994995
  142.65	8259775	404.000000
  143.55	8260093	404.005005
  142.65	8260411	404.010010
  143.10	8260728	404.015015
  142.65	8261047	404.019989
  144.43	8261364	404.024994
  142.65	8261683	404.029999
  143.55	8262000	404.035004
  142.65	8262319	404.040009
  143.55	8262636	404.045013
  142.20	8262954	404.049988
  144.89	8263272	404.054993
  142.20	8263588	404.059998
  142.65	8263905	404.065002
  142.65	8264224	404.070007
  143.10	8264541	404.075012
  142.65	8264859	404.079987
  144.43	8265176	404.084991
  142.65	8265495	404.089996
  143.55	8265812	404.095001
  142.65	8266130	404.100006
  143.10	8266447	404.105011
  142.65	8266766	404.109985
  144.43	8267083	404.114990
  142.65	8267402	404.119995
  143.10	8267718	404.125000
  142.65	8268037	404.130005
  143.55	8268354	404.135010
  142.65	8268672	404.140015
  143.10	8268989	404.144989
  143.53	8269306	404.149994
  142.65	8269623	404.154999
  142.65	8269942	404.160004
  143.10	8270259	404.165009
  142.65	8270578	404.170013
  143.10	8270895	404.174988
  143.98	8271214	404.179993
  143.55	8271531	404.184998
  142.20	8271850	404.190002
  143.55	8272167	404.195007
  143.10	8272486	404.200012
  143.10	8272803	404.204987
  143.98	8273122	404.209991
  143.55	8273438	404.214996
  142.65	8273757	404.220001
  143.55	8274075	404.225006
  142.20	8274394	404.230011
  143.55	8274711	404.234985
  143.98	8275030	404.239990
  143.55	8275347	404.244995
  142.20	8275666	404.250000
  144.00	8275982	404.255005
  142.20	8276301	404.260010
  143.55	8276616	404.265015
  142.20	8276935	404.269989
  143.98	8277253	404.274994
  142.65	8277572	404.279999
  143.55	8277889	404.285004
  142.65	8278207	404.290009
  143.55	8278524	404.295013
  142.65	8278843	404.299988
  144.43	8279160	404.304993
  143.10	8279479	404.309998
  143.10	8279796	404.315002
  142.65	8280116	404.320007
  143.55	8280433	404.325012
  142.65	8280752	404.329987
  144.89	8281069	404.334991
  142.65	8281388	404.339996
  143.55	8281705	404.345001
  143.10	8282025	404.350006
  143.55	8282342	404.355011
  143.10	8282662	404.359985
  144.43	8282980	404.364990
  142.65	8283299	404.369995
  144.00	8283617	404.375000
  142.65	8283936	404.380005
  144.00	8284253	404.385010
  143.10	8284573	404.390015
  143.55	8284890	404.394989
  143.98	8285210	404.399994
  143.55	8285527	404.404999
  142.65	8285846	404.410004
  143.55	8286164	404.415009
  143.10	8286483	404.420013
  143.55	8286800	404.424988
  143.53	8287119	404.429993
  143.55	8287436	404.434998
  142.65	8287755	404.440002
  143.10	8288073	404.445007
  142.65	8288392	404.450012
  143.55	8288709	404.454987
  143.98	8289028	404.459991
  143.55	8289345	404.464996
  142.65	8289664	404.470001
  143.55	8289981	404.475006
  142.65	8290300	404.480011
  143.55	8290617	404.484985
  143.98	8290936	404.489990
  143.10	8291253	404.494995
  142.65	8291572	404.500000
  143.55	8291889	404.505005
  142.65	8292208	404.510010
  143.55	8292524	404.515015
  142.20	8292843	404.519989
  144.43	8293160	404.524994
  142.65	8293479	404.529999
  143.55	8293796	404.535004
  142.20	8294115	404.540009
  143.55	8294431	404.545013
  142.65	8294750	404.549988
  144.43	8295067	404.554993
  142.65	8295385	404.5599