   70.16	19791786	793.789978
   70.20	19791941	793.794983
   69.30	19792097	793.799988
   70.20	19792252	793.804993
   70.20	19792408	793.809998
   70.20	19792563	793.815002
   69.30	19792718	793.820007
   70.20	19792873	793.825012
   69.30	19793029	793.830017
   70.20	19793184	793.835022
   70.20	19793340	793.840027
   70.20	19793494	793.844971
   70.16	19793650	793.849976
   69.30	19793805	793.854980
   69.30	19793961	793.859985
   70.20	19794116	793.864990
   70.20	19794271	793.869995
   70.20	19794426	793.875000
   69.30	19794582	793.880005
   70.20	19794737	793.885010
   69.30	19794893	793.890015
   70.20	19795048	793.895020
   70.20	19795204	793.900024
   70.20	19795359	793.905029
   69.30	19795514	793.909973
   71.07	19795669	793.914978
   69.30	19795825	793.919983
   70.20	19795980	793.924988
   70.20	19796136	793.929993
   70.20	19796291	793.934998
   70.20	19796447	793.940002
   69.30	19796602	793.945007
   70.20	19796757	793.950012
   69.30	19796913	793.955017
   70.20	19797068	793.960022
   70.20	19797224	793.965027
   70.20	19797379	793.969971
   71.07	19797534	793.974976
   69.30	19797690	793.979980
   70.20	19797845	793.984985
   69.30	19798001	793.989990
   70.20	19798156	793.994995
   70.20	19798312	794.000000
   70.20	19798467	794.005005
   70.20	19798623	794.010010
   70.20	19798778	794.015015
   69.30	19798934	794.020020
   70.20	19799089	794.025024
   69.30	19799245	794.030029
   70.20	19799400	794.034973
   71.07	19799556	794.039978
   70.20	19799711	794.044983
   70.20	19799867	794.049988
   70.20	19800022	794.054993
   69.30	19800178	794.059998
   70.20	19800333	794.065002
   69.30	19800490	794.070007
   70.20	19800644	794.075012
   70.20	19800800	794.080017
   70.20	19800955	794.085022
   70.20	19801111	794.090027
   70.20	19801267	794.094971
   70.16	19801422	794.099976
   70.20	19801578	794.104980
   69.30	19801733	794.109985
   70.20	19801889	794.114990
   70.20	19802044	794.119995
   70.20	19802200	794.125000
   70.20	19802356	794.130005
   70.20	19802511	794.135010
   69.30	19802667	794.140015
   70.20	19802822	794.145020
   69.30	19802978	794.150024
   70.20	19803133	794.155029
   70.20	19803289	794.159973
   71.07	19803444	794.164978
   70.20	19803600	794.169983
   70.20	19803756	794.174988
   70.20	19803911	794.179993
   70.20	19804067	794.184998
   69.30	19804223	794.190002
   70.20	19804378	794.195007
   70.20	19804534	794.200012
   69.30	19804689	794.205017
   70.20	19804845	794.210022
   70.20	19805000	794.215027
   70.20	19805157	794.219971
   71.07	19805312	794.224976
   70.20	19805468	794.229980
   70.20	19805623	794.234985
   70.20	19805779	794.239990
   70.20	19805935	794.244995
   69.30	19806091	794.250000
   70.20	19806246	794.255005
   70.20	19806402	794.260010
   69.30	19806557	794.265015
   70.20	19806713	794.270020
   70.20	19806869	794.275024
   70.20	19807025	794.280029
   70.20	19807180	794.284973
   71.07	19807336	794.289978
   70.20	19807491	794.294983
   70.20	19807648	794.299988
   70.20	19807803	794.304993
   69.30	19807959	794.309998
   71.10	19808115	794.315002
   69.30	19808271	794.320007
   70.20	19808426	794.325012
   70.20	19808582	794.330017
   70.20	19808738	794.335022
   69.30	19808894	794.340027
   70.20	19809049	794.344971
   71.07	19809205	794.349976
   70.20	19809361	794.354980
   70.20	19809517	794.359985
   70.20	19809672	794.364990
   70.20	19809829	794.369995
   70.20	19809984	794.375000
   70.20	19810140	794.380005
   70.20	19810295	794.385010
   70.20	19810451	794.390015
   70.20	19810607	794.395020
   69.30	19810763	794.400024
   70.20	19810918	794.405029
   70.20	19811074	794.409973
   70.16	19811229	794.414978
   70.20	19811385	794.419983
   70.20	19811541	794.424988
   70.20	19811697	794.429993
   70.20	19811852	794.434998
   70.20	19812008	794.440002
   70.20	19812163	794.445007
   70.20	19812319	794.450012
   70.20	19812474	794.455017
   69.30	19812630	794.460022
   70.20	19812786	794.465027
   69.30	19812942	794.469971
   71.07	19813097	794.474976
   70.20	19813253	794.479980
   70.20	19813408	794.484985
   70.20	19813564	794.489990
   70.20	19813719	794.494995
   70.20	19813875	794.500000
   70.20	19814030	794.505005
   69.30	19814187	794.510010
   70.20	19814341	794.515015
   69.30	19814498	794.520020
   70.20	19814653	794.525024
   70.20	19814809	794.530029
   70.20	19814964	794.534973
   71.07	19815120	794.539978
   70.20	19815276	794.544983
   70.20	19815431	794.549988
   70.20	19815587	794.554993
   69.30	19815743	794.559998
   70.20	19815898	794.565002
   70.20	19816054	794.570007
   70.20	19816209	794.575012
   69.30	19816366	794.580017
   70.20	19816521	794.585022
   70.20	19816677	794.590027
   70.20	19816832	794.594971
   71.07	19816988	794.599976
   70.20	19817143	794.604980
   70.20	19817299	794.609985
   70.20	19817455	794.614990
   69.30	19817611	794.619995
   70.20	19817766	794.625000
   69.30	19817922	794.630005
   69.30	19818077	794.635010
   70.20	19818233	794.640015
   70.20	19818389	794.645020
   70.20	19818545	794.650024
   70.20	19818700	794.655029
   70.20	19818856	794.659973
   71.07	19819011	794.664978
   70.20	19819167	794.669983
   70.20	19819322	794.674988
   69.30	19819479	794.679993
   70.20	19819634	794.684998
   69.30	19819790	794.690002
   70.20	19819945	794.695007
   70.20	19820100	794.700012
   70.20	19820256	794.705017
   70.20	19820411	794.710022
   70.20	19820566	794.715027
   69.30	19820722	794.719971
   70.16	19820877	794.724976
   70.20	19821033	794.729980
   70.20	19821187	794.734985
   70.20	19821343	794.739990
   70.20	19821498	794.744995
   68.40	19821654	794.750000
   71.10	19821809	794.755005
   69.30	19821965	794.760010
   70.20	19822120	794.765015
   70.20	19822275	794.770020
   70.20	19822430	794.775024
   69.30	19822586	794.780029
   69.30	19822741	794.784973
   71.07	19822897	794.789978
   70.20	19823052	794.794983
   70.20	19823207	794.799988
   69.30	19823362	794.804993
   69.30	19823518	794.809998
   69.30	19823673	794.815002
   70.20	19823829	794.820007
   70.20	19823984	794.825012
   70.20	19824140	794.830017
   70.20	19824295	794.835022
   69.30	19824450	794.840027
   70.20	19824606	794.844971
   70.16	19824761	794.849976
   70.20	19824917	794.854980
   70.20	19825072	794.859985
   70.20	19825227	794.864990
   70.20	19825383	794.869995
   69.30	19825538	794.875000
   70.20	19825694	794.880005
   69.30	19825849	794.885010
   70.20	19826005	794.890015
   70.20	19826160	794.895020
   70.20	19826316	794.900024
   70.20	19826471	794.905029
   70.20	19826627	794.909973
   70.16	19826782	794.914978
   70.20	19826938	794.919983
   69.30	19827093	794.924988
   70.20	19827249	794.929993
   70.20	19827404	794.934998
   70.20	19827560	794.940002
   70.20	19827715	794.945007
   69.30	19827871	794.950012
   70.20	19828026	794.955017
   70.20	19828182	794.960022
   69.30	19828337	794.965027
   70.20	19828493	794.969971
   71.07	19828648	794.974976
   70.20	19828804	794.979980
   70.20	19828960	794.984985
   70.20	19829115	794.989990
   70.20	19829271	794.994995
   69.30	19829427	795.000000
   70.20	19829582	795.005005
   70.20	19829738	795.010010
   69.30	19829893	795.015015
   70.20	19830050	795.020020
   70.20	19830204	795.025024
   70.20	19830361	795.030029
   70.20	19830516	795.034973
   71.07	19830672	795.039978
   70.20	19830827	795.044983
   70.20	19830983	795.049988
   70.20	19831139	795.054993
   69.30	19831295	795.059998
   70.20	19831451	795.065002
   69.30	19831607	795.070007
   70.20	19831762	795.075012
   70.20	19831918	795.080017
   70.20	19832074	795.085022
   69.30	19832230	795.090027
   70.20	19832385	795.094971
   71.07	19832542	795.099976
   70.20	19832697	795.104980
   70.20	19832853	795.109985
   70.20	19833008	795.114990
   70.20	19833165	795.119995
   70.20	19833320	795.125000
   70.20	19833476	795.130005
   70.20	19833632	795.135010
   70.20	19833788	795.140015
   70.20	19833943	795.145020
   70.20	19834099	795.150024
   70.20	19834255	795.155029
   70.20	19834411	795.159973
   71.07	19834567	795.164978
   70.20	19834723	795.169983
   69.30	19834878	795.174988
   70.20	19835035	795.179993
   70.20	19835190	795.184998
   70.20	19835347	795.190002
   70.20	19835502	795.195007
   69.30	19835658	795.200012
   71.10	19835814	795.205017
   69.30	19835970	795.210022
   71.10	19836126	795.215027
   69.30	19836282	795.219971
   71.07	19836438	795.224976
   70.20	19836594	795.229980
   70.20	19836749	795.234985
   70.20	19836906	795.239990
   70.20	19837061	795.244995
   70.20	19837217	795.250000
   70.20	19837373	795.255005
   70.20	19837529	795.260010
   70.20	19837684	795.265015
   70.20	19837840	795.270020
   70.20	19837996	795.275024
   70.20	19838152	795.280029
   70.20	19838308	795.284973
   71.07	19838463	795.289978
   70.20	19838619	795.294983
   70.20	19838775	795.299988
   70.20	19838931	795.304993
   69.30	19839087	795.309998
   70.20	19839242	795.315002
   70.20	19839398	795.320007
   70.20	19839553	795.325012
   69.30	19839710	795.330017
   70.20	19839865	795.335022
   70.20	19840021	795.340027
   70.20	19840177	795.344971
   71.07	19840333	795.349976
   70.20	19840488	795.354980
   70.20	19840644	795.359985
   70.20	19840800	795.364990
   70.20	19840955	795.369995
   70.20	19841111	795.375000
   70.20	19841267	795.380005
   69.30	19841422	795.385010
   69.30	19841579	795.390015
   70.20	19841734	795.395020
   70.20	19841890	795.400024
   70.20	19842045	795.405029
   69.30	19842202	795.409973
   71.07	19842357	795.414978
   70.20	19842513	795.419983
   70.20	19842669	795.424988
   70.20	19842825	795.429993
   70.20	19842980	795.434998
   70.20	19843136	795.440002
   70.20	19843292	795.445007
   70.20	19843448	795.450012
   70.20	19843603	795.455017
   70.20	19843760	795.460022
   70.20	19843915	795.465027
   70.20	19844071	795.469971
   71.07	19844227	795.474976
   69.30	19844383	795.479980
   71.10	19844538	795.484985
   69.30	19844695	795.489990
   70.20	19844850	795.494995
   69.30	19845006	795.500000
   71.10	19845162	795.505005
   69.30	19845318	795.510010
   70.20	19845473	795.515015
   70.20	19845629	795.520020
   70.20	19845785	795.525024
   70.20	19845941	795.530029
   70.20	19846096	795.534973
   71.07	19846252	795.539978
   70.20	19846408	795.544983
   70.20	19846564	795.549988
   70.20	19846719	795.554993
   70.20	19846876	795.559998
   70.20	19847031	795.565002
   69.30	19847187	795.570007
   70.20	19847342	795.575012
   70.20	19847498	795.580017
   70.20	19847654	795.585022
   69.30	19847810	795.590027
   70.20	19847965	795.594971
   71.07	19848121	795.599976
   70.20	19848276	795.604980
   70.20	19848432	795.609985
   70.20	19848587	795.614990
   69.30	19848743	795.619995
   70.20	19848898	795.625000
   69.30	19849054	795.630005
   70.20	19849208	795.635010
   70.20	19849364	795.640015
   70.20	19849519	795.645020
   69.30	19849675	795.650024
   70.20	19849830	795.655029
   69.30	19849985	795.659973
   71.07	19850140	795.664978
   70.20	19850296	795.669983
   70.20	19850451	795.674988
   69.30	19850607	795.679993
   70.20	19850761	795.684998
   69.30	19850917	795.690002
   70.20	19851072	795.695007
   70.20	19851228	795.700012
   70.20	19851383	795.705017
   70.20	19851539	795.710022
   69.30	19851694	795.715027
   70.20	19851849	795.719971
   70.16	19852005	795.724976
   70.20	19852160	795.729980
   70.20	19852315	795.734985
   70.20	19852471	795.739990
   69.30	19852626	795.744995
   70.20	19852782	795.750000
   69.30	19852937	795.755005
   70.20	19853093	795.760010
   70.20	19853248	795.765015
   70.20	19853404	795.770020
   70.20	19853559	795.775024
   70.20	19853715	795.780029
   70.20	19853870	795.784973
   70.16	19854026	795.789978
   70.20	19854182	795.794983
   69.30	19854337	795.799988
   70.20	19854493	795.804993
   70.20	19854648	795.809998
   70.20	19854804	795.815002
   70.20	19854960	795.820007
   70.20	19855115	795.825012
   70.20	19855271	795.830017
   69.30	19855426	795.835022
   70.20	19855582	795.840027
   70.20	19855737	795.844971
   70.16	19855893	795.849976
   70.20	19856048	795.854980
   70.20	19856204	795.859985
   70.20	19856360	795.864990
   70.20	19856516	795.869995
   70.20	19856671	795.875000
   69.30	19856827	795.880005
   70.20	19856982	795.885010
   70.20	19857138	795.890015
   70.20	19857294	795.895020
   69.30	19857450	795.900024
   70.20	19857605	795.905029
   70.20	19857761	795.909973
   71.07	19857916	795.914978
   70.20	19858072	795.919983
   70.20	19858227	795.924988
   70.20	19858384	795.929993
   70.20	19858539	795.934998
   69.30	19858695	795.940002
   71.10	19858850	795.945007
   69.30	19859006	795.950012
   70.20	19859162	795.955017
   69.30	19859318	795.960022
   70.20	19859473	795.965027
   70.20	19859629	795.969971
   71.07	19859785	795.974976
   70.20	19859941	795.979980
   70.20	19860096	795.984985
   70.20	19860253	795.989990
   70.20	19860408	795.994995
   70.20	19860564	796.000000
   70.20	19860719	796.005005
   70.20	19860876	796.010010
   70.20	19861031	796.015015
   69.30	19861187	796.020020
   71.10	19861343	796.025024
   69.30	19861499	796.030029
   70.20	19861654	796.034973
   71.07	19861810	796.039978
   70.20	19861966	796.044983
   70.20	19862122	796.049988
   69.30	19862277	796.054993
   70.20	19862434	796.059998
   70.20	19862589	796.065002
   70.20	19862745	796.070007
   70.20	19862900	796.075012
   70.20	19863057	796.080017
   70.20	19863212	796.085022
   70.20	19863369	796.090027
   70.20	19863524	796.094971
   71.07	19863680	796.099976
   70.20	19863836	796.104980
   70.20	19863992	796.109985
   70.20	19864148	796.114990
   70.20	19864304	796.119995
   70.20	19864459	796.125000
   70.20	19864616	796.130005
   70.20	19864771	796.135010
   70.20	19864927	796.140015
   70.20	19865082	796.145020
   69.30	19865239	796.150024
   71.10	19865394	796.155029
   69.30	19865551	796.159973
   71.07	19865706	796.164978
   70.20	19865862	796.169983
   70.20	19866018	796.174988
   69.30	19866174	796.179993
   71.10	19866330	796.184998
   69.30	19866486	796.190002
   70.20	19866641	796.195007
   70.20	19866797	796.200012
   70.20	19866953	796.205017
   70.20	19867109	796.210022
   70.20	19867264	796.215027
   70.20	19867421	796.219971
   71.07	19867576	796.224976
   70.20	19867732	796.229980
   70.20	19867888	796.234985
   70.20	19868044	796.239990
   70.20	19868199	796.244995
   70.20	19868355	796.250000
   70.20	19868511	796.255005
   69.30	19868667	796.260010
   71.10	19868822	796.265015
   69.30	19868979	796.270020
   70.20	19869134	796.275024
   70.20	19869290	796.280029
   70.20	19869445	796.284973
   70.16	19869602	796.289978
   70.20	19869757	796.294983
   70.20	19869913	796.299988
   70.20	19870068	796.304993
   70.20	19870225	796.309998
   70.20	19870380	796.315002
   70.20	19870536	796.320007
   70.20	19870692	796.325012
   70.20	19870847	796.330017
   70.20	19871003	796.335022
   70.20	19871159	796.340027
   70.20	19871315	796.344971
   70.16	19871471	796.349976
   70.20	19871626	796.354980
   70.20	19871783	796.359985
   70.20	19871938	796.364990
   69.30	19872094	796.369995
   71.10	19872249	796.375000
   69.30	19872406	796.380005
   70.20	19872561	796.385010
   70.20	19872717	796.390015
   70.20	19872873	796.395020
   70.20	19873029	796.400024
   70.20	19873184	796.405029
   70.20	19873340	796.409973
   71.07	19873496	796.414978
   70.20	19873652	796.419983
   70.20	19873807	796.424988
   70.20	19873964	796.429993
   70.20	19874119	796.434998
   69.30	19874275	796.440002
   71.10	19874430	796.445007
   69.30	19874587	796.450012
   70.20	19874742	796.455017
   69.30	19874898	796.460022
   71.10	19875054	796.465027
   69.30	19875210	796.469971
   71.07	19875365	796.474976
   70.20	19875521	796.479980
   70.20	19875676	796.484985
   70.20	19875832	796.489990
   70.20	19875987	796.494995
   70.20	19876144	796.500000
   70.20	19876298	796.505005
   69.30	19876454	796.510010
   70.20	19876609	796.515015
   69.30	19876765	796.520020
   70.20	19876920	796.525024
   70.20	19877076	796.530029
   70.20	19877231	796.534973
   70.16	19877387	796.539978
   70.20	19877542	796.544983
   69.30	19877697	796.549988
   70.20	19877853	796.554993
   70.20	19878008	796.559998
   70.20	19878163	796.565002
   70.20	19878319	796.570007
   69.30	19878474	796.575012
   69.30	19878630	796.580017
   70.20	19878785	796.585022
   70.20	19878941	796.590027
   70.20	19879096	796.594971
   71.07	19879252	796.599976
   70.20	19879407	796.604980
   69.30	19879562	796.609985
   70.20	19879718	796.614990
   69.30	19879873	796.619995
   70.20	19880028	796.625000
   70.20	19880184	796.630005
   70.20	19880339	796.635010
   70.20	19880495	796.640015
   69.30	19880650	796.645020
   70.20	19880806	796.650024
   69.30	19880961	796.655029
   70.20	19881117	796.659973
   71.07	19881272	796.664978
   70.20	19881428	796.669983
   70.20	19881583	796.674988
   69.30	19881739	796.679993
   70.20	19881894	796.684998
   69.30	19882050	796.690002
   70.20	19882205	796.695007
   70.20	19882361	796.700012
   70.20	19882516	796.705017
   70.20	19882672	796.710022
   70.20	19882827	796.715027
   70.20	19882983	796.719971
   70.16	19883138	796.724976
   69.30	19883294	796.729980
   70.20	19883449	796.734985
   70.20	19883605	796.739990
   70.20	19883760	796.744995
   70.20	19883916	796.750000
   70.20	19884071	796.755005
   69.30	19884227	796.760010
   71.10	19884382	796.765015
   69.30	19884538	796.770020
   69.30	19884693	796.775024
   70.20	19884849	796.780029
   70.20	19885004	796.784973
   71.07	19885160	796.789978
   70.20	19885315	796.794983
   70.20	19885471	796.799988
   70.20	19885626	796.804993
   68.40	19885782	796.809998
   71.10	19885937	796.815002
   69.30	19886093	796.820007
   70.20	19886248	796.825012
   70.20	19886404	796.830017
   70.20	19886559	796.835022
   70.20	19886715	796.840027
   69.30	19886870	796.844971
   70.16	19887026	796.849976
   69.30	19887181	796.854980
   70.20	19887337	796.859985
   70.20	19887492	796.864990
   70.20	19887648	796.869995
   70.20	19887803	796.875000
   70.20	19887960	796.880005
   70.20	19888114	796.885010
   69.30	19888271	796.890015
   70.20	19888426	796.895020
   69.30	19888582	796.900024
   71.10	19888737	796.905029
   69.30	19888893	796.909973
   71.07	19889049	796.914978
   70.20	19889204	796.919983
   70.20	19889360	796.924988
   70.20	19889516	796.929993
   70.20	19889671	796.934998
   70.20	19889828	796.940002
   70.20	19889983	796.945007
   69.30	19890139	796.950012
   70.20	19890294	796.955017
   70.20	19890450	796.960022
   70.20	19890606	796.965027
   69.30	19890762	796.969971
   71.07	19890917	796.974976
   70.20	19891073	796.979980
   70.20	19891229	796.984985
   70.20	19891385	796.989990
   70.20	19891541	796.994995
   70.20	19891697	797.000000
   70.20	19891852	797.005005
   70.20	19892008	797.010010
   70.20	19892164	797.015015
   70.20	19892320	797.020020
   70.20	19892475	797.025024
   70.20	19892632	797.030029
   70.20	19892787	797.034973
   71.07	19892943	797.039978
   70.20	19893099	797.044983
   69.30	19893255	797.049988
   71.10	19893410	797.054993
   69.30	19893566	797.059998
   70.20	19893722	797.065002
   70.20	19893878	797.070007
   70.20	19894034	797.075012
   69.30	19894190	797.080017
   70.20	19894345	797.085022
   70.20	19894502	797.090027
   70.20	19894657	797.094971
   71.07	19894814	797.099976
   70.20	19894969	797.104980
   70.20	19895125	797.109985
   70.20	19895280	797.114990
   70.20	19895437	797.119995
   70.20	19895592	797.125000
   70.20	19895748	797.130005
   70.20	19895904	797.135010
   70.20	19896060	797.140015
   70.20	19896215	797.145020
   70.20	19896371	797.150024
   70.20	19896527	797.155029
   69.30	19896683	797.159973
   71.07	19896838	797.164978
   70.20	19896994	797.169983
   70.20	19897149	797.174988
   69.30	19897306	797.179993
   70.20	19897461	797.184998
   70.20	19897617	797.190002
   70.20	19897772	797.195007
   70.20	19897928	797.200012
   70.20	19898084	797.205017
   70.20	19898239	797.210022
   70.20	19898395	797.215027
   69.30	19898551	797.219971
   71.07	19898706	797.224976
   70.20	19898862	797.229980
   70.20	19899018	797.234985
   69.30	19899174	797.239990
   70.20	19899329	797.244995
   70.20	19899486	797.250000
   70.20	19899641	797.255005
   70.20	19899797	797.260010
   70.20	19899952	797.265015
   70.20	19900108	797.270020
   70.20	19900264	797.275024
   70.20	19900420	797.280029
   70.20	19900575	797.284973
   71.07	19900731	797.289978
   70.20	19900887	797.294983
   69.30	19901043	797.299988
   70.20	19901198	797.304993
   70.20	19901355	797.309998
   70.20	19901510	797.315002
   69.30	19901666	797.320007
   71.10	19901821	797.325012
   69.30	19901978	797.330017
   70.20	19902133	797.335022
   70.20	19902289	797.340027
   70.20	19902445	797.344971
   71.07	19902601	797.349976
   70.20	19902756	797.354980
   70.20	19902912	797.359985
   70.20	19903068	797.364990
   70.20	19903224	797.369995
   70.20	19903379	797.375000
   70.20	19903535	797.380005
   69.30	19903690	797.385010
   70.20	19903847	797.390015
   70.20	19904001	797.395020
   69.30	19904158	797.400024
   70.20	19904312	797.405029
   70.20	19904469	797.409973
   71.07	19904624	797.414978
   70.20	19904779	797.419983
   70.20	19904934	797.424988
   68.40	19905090	797.429993
   70.20	19905245	797.434998
   70.20	19905401	797.440002
   70.20	19905556	797.445007
   70.20	19905711	797.450012
   70.20	19905866	797.455017
   69.30	19906022	797.460022
   69.30	19906177	797.465027
   70.20	19906333	797.469971
   71.07	19906488	797.474976
   70.20	19906644	797.479980
   70.20	19906798	797.484985
   69.30	19906954	797.489990
   70.20	19907109	797.494995
   69.30	19907265	797.500000
   70.20	19907420	797.505005
   70.20	19907575	797.510010
   70.20	19907730	797.515015
   69.30	19907886	797.520020
   69.30	19908041	797.525024
   70.20	19908197	797.530029
   70.20	19908352	797.534973
   71.07	19908508	797.539978
   70.20	19908662	797.544983
   69.30	19908818	797.549988
   70.20	19908973	797.554993
   69.30	19909129	797.559998
   70.20	19909284	797.565002
   70.20	19909440	797.570007
   70.20	19909595	797.575012
   69.30	19909750	797.580017
   70.20	19909906	797.585022
   69.30	19910061	797.590027
   70.20	19910216	797.594971
   71.07	19910372	797.599976
   70.20	19910527	797.604980
   70.20	19910683	797.609985
   69.30	19910838	797.614990
   70.20	19910994	797.619995
   69.30	19911149	797.625000
   70.20	19911305	797.630005
   70.20	19911460	797.635010
   70.20	19911616	797.640015
   70.20	19911771	797.645020
   70.20	19911927	797.650024
   69.30	19912082	797.655029
   70.20	19912238	797.659973
   70.16	19912393	797.664978
   70.20	19912549	797.669983
   70.20	19912704	797.674988
   70.20	19912860	797.679993
   70.20	19913015	797.684998
   70.20	19913172	797.690002
   70.20	19913326	797.695007
   69.30	19913483	797.700012
   70.20	19913638	797.705017
   69.30	19913794	797.710022
   70.20	19913949	797.715027
   70.20	19914105	797.719971
   71.07	19914260	797.724976
   70.20	19914416	797.729980
   70.20	19914571	797.734985
   70.20	19914727	797.739990
   70.20	19914883	797.744995
   69.30	19915039	797.750000
   70.20	19915194	797.755005
   70.20	19915350	797.760010
   70.20	19915505	797.765015
   69.30	19915662	797.770020
   70.20	19915817	797.775024
   70.20	19915973	797.780029
   70.20	19916128	797.784973
   71.07	19916285	797.789978
   70.20	19916440	797.794983
   70.20	19916596	797.799988
   70.20	19916752	797.804993
   70.20	19916907	797.809998
   70.20	19917063	797.815002
   70.20	19917219	797.820007
   70.20	19917374	797.825012
   69.30	19917531	797.830017
   70.20	19917686	797.835022
   70.20	19917842	797.840027
   70.20	19917998	797.844971
   70.16	19918154	797.849976
   71.10	19918309	797.854980
   69.30	19918466	797.859985
   70.20	19918621	797.864990
   70.20	19918777	797.869995
   70.20	19918933	797.875000
   70.20	19919089	797.880005
   70.20	19919244	797.885010
   70.20	19919400	797.890015
   70.20	19919556	797.895020
   70.20	19919712	797.900024
   70.20	19919867	797.905029
   70.20	19920024	797.909973
   71.07	19920179	797.914978
   70.20	19920336	797.919983
   70.20	19920491	797.924988
   69.30	19920647	797.929993
   71.10	19920803	797.934998
   69.30	19920959	797.940002
   71.10	19921114	797.945007
   69.30	19921270	797.950012
   70.20	19921426	797.955017
   70.20	19921582	797.960022
   70.20	19921738	797.965027
   69.30	19921894	797.969971
   71.07	19922049	797.974976
   70.20	19922206	797.979980
   70.20	19922361	797.984985
   70.20	19922517	797.989990
   70.20	19922672	797.994995
   70.20	19922829	798.000000
   70.20	19922984	798.005005
   70.20	19923140	798.010010
   70.20	19923295	798.015015
   70.20	19923451	798.020020
   70.20	19923607	798.025024
   69.30	19923763	798.030029
   70.20	19923918	798.034973
   71.07	19924074	798.039978
   69.30	19924229	798.044983
   70.20	19924385	798.049988
   70.20	19924540	798.054993
   70.20	19924697	798.059998
   70.20	19924852	798.065002
   70.20	19925008	798.070007
   70.20	19925163	798.075012
   69.30	19925319	798.080017
   71.10	19925474	798.085022
   69.30	19925630	798.090027
   70.20	19925786	798.094971
   70.16	19925942	798.099976
   70.20	19926097	798.104980
   70.20	19926253	798.109985
   70.20	19926408	798.114990
   70.20	19926564	798.119995
   70.20	19926720	798.125000
   70.20	19926876	798.130005
   70.20	19927031	798.135010
   70.20	19927187	798.140015
   70.20	19927342	798.145020
   69.30	19927499	798.150024
   70.20	19927654	798.155029
   69.30	19927810	798.159973
   71.98	19927965	798.164978
   69.30	19928121	798.169983
   70.20	19928277	798.174988
   70.20	19928433	798.179993
   70.20	19928588	798.184998
   70.20	19928744	798.190002
   70.20	19928900	798.195007
   70.20	19929056	798.200012
   70.20	19929211	798.205017
   70.20	19929367	798.210022
   70.20	19929522	798.215027
   69.30	19929679	798.219971
   71.07	19929834	798.224976
   69.30	19929990	798.229980
   71.10	19930146	798.234985
   69.30	19930302	798.239990
   70.20	19930457	798.244995
   70.20	19930613	798.250000
   70.20	19930769	798.255005
   70.20	19930925	798.260010
   70.20	19931080	798.265015
   70.20	19931236	798.270020
   70.20	19931391	798.275024
   70.20	19931548	798.280029
   70.20	19931703	798.284973
   70.16	19931859	798.289978
   70.20	19932014	798.294983
   69.30	19932170	798.299988
   70.20	19932325	798.304993
   69.30	19932481	798.309998
   70.20	19932636	798.315002
   70.20	19932792	798.320007
   70.20	19932947	798.325012
   69.30	19933103	798.330017
   70.20	19933258	798.335022
   69.30	19933413	798.340027
   70.20	19933568	798.344971
   71.07	19933724	798.349976
   70.20	19933879	798.354980
   70.20	19934035	798.359985
   69.30	19934189	798.364990
   69.30	19934345	798.369995
   70.20	19934500	798.375000
   70.20	19934656	798.380005
   70.20	19934811	798.385010
   69.30	19934966	798.390015
   70.20	19935121	798.395020
   69.30	19935277	798.400024
   70.20	19935432	798.405029
   70.20	19935588	798.409973
   71.07	19935743	798.414978
   69.30	19935899	798.419983
   70.20	19936053	798.424988
   69.30	19936209	798.429993
   70.20	19936364	798.434998
   70.20	19936520	798.440002
   70.20	19936675	798.445007
   70.20	19936831	798.450012
   70.20	19936986	798.455017
   68.40	19937142	798.460022
   70.20	19937297	798.465027
   70.20	19937453	798.469971
   71.07	19937608	798.474976
   70.20	19937764	798.479980
   70.20	19937919	798.484985
   70.20	19938075	798.489990
   69.30	19938230	798.494995
   70.20	19938386	798.500000
   70.20	19938541	798.505005
   69.30	19938698	798.510010
   70.20	19938853	798.515015
   70.20	19939009	798.520020
   70.20	19939164	798.525024
   70.20	19939320	798.530029
   70.20	19939475	798.534973
   70.16	19939631	798.539978
   70.20	19939786	798.544983
   69.30	19939942	798.549988
   70.20	19940097	798.554993
   70.20	19940253	798.559998
   70.20	19940408	798.565002
   70.20	19940564	798.570007
   70.20	19940719	798.575012
   70.20	19940876	798.580017
   70.20	19941030	798.585022
   69.30	19941187	798.590027
   70.20	19941342	798.594971
   70.16	19941498	798.599976
   70.20	19941653	798.604980
   70.20	19941809	798.609985
   70.20	19941964	798.614990
   70.20	19942120	798.619995
   70.20	19942276	798.625000
   70.20	19942432	798.630005
   70.20	19942587	798.635010
   70.20	19942743	798.640015
   69.30	19942898	798.645020
   70.20	19943055	798.650024
   70.20	19943210	798.655029
   69.30	19943366	798.659973
   71.98	19943521	798.664978
   69.30	19943678	798.669983
   70.20	19943833	798.674988
   70.20	19943989	798.679993
   70.20	19944144	798.684998
   70.20	19944300	798.690002
   70.20	19944456	798.695007
   70.20	19944612	798.700012
   70.20	19944767	798.705017
   70.20	19944924	798.710022
   70.20	19945079	798.715027
   69.30	19945235	798.719971
   70.16	19945390	798.724976
   70.20	19945547	798.729980
   70.20	19945702	798.734985
   69.30	19945858	798.739990
   71.10	19946013	798.744995
   69.30	19946170	798.750000
   70.20	19946325	798.755005
   70.20	19946481	798.760010
   70.20	19946637	798.765015
   70.20	19946793	798.770020
   70.20	19946948	798.775024
   70.20	19947104	798.780029
   70.20	19947260	798.784973
   71.07	19947416	798.789978
   70.20	19947572	798.794983
   70.20	19947728	798.799988
   70.20	19947883	798.804993
   70.20	19948040	798.809998
   70.20	19948195	798.815002
   70.20	19948351	798.820007
   70.20	19948507	798.825012
   69.30	19948663	798.830017
   71.10	19948819	798.835022
   69.30	19948975	798.840027
   70.20	19949130	798.844971
   71.07	19949287	798.849976
   70.20	19949442	798.854980
   70.20	19949598	798.859985
   70.20	19949754	798.864990
   69.30	19949910	798.869995
   71.10	19950065	798.875000
   69.30	19950222	798.880005
   70.20	19950377	798.885010
   70.20	19950533	798.890015
   70.20	19950689	798.895020
   70.20	19950845	798.900024
   70.20	19951000	798.905029
   70.20	19951156	798.909973
   71.07	19951312	798.914978
   70.20	19951468	798.919983
   70.20	19951623	798.924988
   70.20	19951779	798.929993
   69.30	19951934	798.934998
   70.20	19952091	798.940002
   70.20	19952246	798.945007
   69.30	19952402	798.950012
   70.20	19952557	798.955017
   70.20	19952713	798.960022
   70.20	19952868	798.965027
   70.20	19953024	798.969971
   71.07	19953180	798.974976
   70.20	19953336	798.979980
   70.20	19953491	798.984985
   70.20	19953647	798.989990
   69.30	19953802	798.994995
   70.20	19953958	799.000000
   70.20	19954114	799.005005
   69.30	19954270	799.010010
   70.20	19954425	799.015015
   70.20	19954581	799.020020
   70.20	19954736	799.025024
   70.20	19954892	799.030029
   70.20	19955048	799.034973
   71.07	19955204	799.039978
   70.20	19955359	799.044983
   69.30	19955515	799.049988
   71.10	19955671	799.054993
   69.30	19955826	799.059998
   70.20	19955982	799.065002
   70.20	19956138	799.070007
   69.30	19956293	799.075012
   70.20	19956449	799.080017
   70.20	19956605	799.085022
   70.20	19956761	799.090027
   70.20	19956916	799.094971
   71.07	19957073	799.099976
   70.20	19957228	799.104980
   70.20	19957384	799.109985
   70.20	19957539	799.114990
   70.20	19957695	799.119995
   70.20	19957851	799.125000
   69.30	19958007	799.130005
   70.20	19958162	799.135010
   70.20	19958318	799.140015
   70.20	19958474	799.145020
   69.30	19958630	799.150024
   70.20	19958785	799.155029
   70.20	19958941	799.159973
   71.07	19959096	799.164978
   70.20	19959252	799.169983
   70.20	19959407	799.174988
   70.20	19959564	799.179993
   70.20	19959719	799.184998
   69.30	19959875	799.190002
   71.10	19960030	799.195007
   69.30	19960186	799.200012
   70.20	19960342	799.205017
   69.30	19960497	799.210022
   70.20	19960653	799.215027
   70.20	19960808	799.219971
   71.07	19960963	799.224976
   70.20	19961119	799.229980
   70.20	19961274	799.234985
   69.30	19961430	799.239990
   69.30	19961585	799.244995
   70.20	19961741	799.250000
   70.20	19961895	799.255005
   70.20	19962051	799.260010
   70.20	19962206	799.265015
   69.30	19962362	799.270020
   69.30	19962517	799.275024
   69.30	19962673	799.280029
   70.20	19962828	799.284973
   71.07	19962983	799.289978
   70.20	19963138	799.294983
   69.30	19963294	799.299988
   69.30	19963449	799.304993
   70.20	19963605	799.309998
   70.20	19963760	799.315002
   70.20	19963916	799.320007
   70.20	19964070	799.325012
   69.30	19964226	799.330017
   70.20	19964381	799.335022
   69.30	19964537	799.340027
   70.20	19964692	799.344971
   71.07	19964848	799.349976
   70.20	19965003	799.354980
   69.30	19965159	799.359985
   70.20	19965314	799.364990
   70.20	19965470	799.369995
   69.30	19965625	799.375000
   70.20	19965781	799.380005
   70.20	19965936	799.385010
   70.20	19966092	799.390015
   70.20	19966247	799.395020
   69.30	19966403	799.400024
   69.30	19966558	799.405029
   69.30	19966714	799.409973
   71.07	19966869	799.414978
   70.20	19967025	799.419983
   70.20	19967180	799.424988
   70.20	19967336	799.429993
   70.20	19967491	799.434998
   70.20	19967647	799.440002
   70.20	19967802	799.445007
   69.30	19967958	799.450012
   70.20	19968113	799.455017
   69.30	19968270	799.460022
   70.20	19968424	799.465027
   70.20	19968581	799.469971
   71.07	19968736	799.474976
   70.20	19968892	799.479980
   70.20	19969047	799.484985
   69.30	19969203	799.489990
   71.10	19969358	799.494995
   68.40	19969514	799.500000
   71.10	19969669	799.505005
   69.30	19969825	799.510010
   70.20	19969981	799.515015
   70.20	19970137	799.520020
   70.20	19970292	799.525024
   70.20	19970448	799.530029
   70.20	19970603	799.534973
   71.07	19970759	799.539978
   69.30	19970914	799.544983
   71.10	19971070	799.549988
   69.30	19971225	799.554993
   70.20	19971381	799.559998
   69.30	19971537	799.565002
   70.20	19971693	799.570007
   70.20	19971848	799.575012
   70.20	19972004	799.580017
   70.20	19972160	799.585022
   70.20	19972316	799.590027
   70.20	19972471	799.594971
   70.16	19972627	799.599976
   69.30	19972782	799.604980
   70.20	19972939	799.609985
   70.20	19973094	799.614990
   69.30	19973250	799.619995
   70.20	19973405	799.625000
   70.20	19973561	799.630005
   70.20	19973717	799.635010
   70.20	19973873	799.640015
   70.20	19974028	799.645020
   70.20	19974184	799.650024
   70.20	19974340	799.655029
   70.20	19974496	799.659973
   71.07	19974651	799.664978
   70.20	19974808	799.669983
   70.20	19974963	799.674988
   69.30	19975119	799.679993
   71.10	19975274	799.684998
   69.30	19975431	799.690002
   70.20	19975586	799.695007
   70.20	19975742	799.700012
   70.20	19975898	799.705017
   69.30	19976054	799.710022
   71.10	19976210	799.715027
   69.30	19976366	799.719971
   71.07	19976521	799.724976
   70.20	19976677	799.729980
   70.20	19976833	799.734985
   70.20	19976989	799.739990
   70.20	19977145	799.744995
   70.20	19977301	799.750000
   70.20	19977456	799.755005
   70.20	19977613	799.760010
   70.20	19977768	799.765015
   70.20	19977924	799.770020
   70.20	19978080	799.775024
   70.20	19978236	799.780029
   70.20	19978391	799.784973
   71.07	19978547	799.789978
   70.20	19978703	799.794983
   70.20	19978859	799.799988
   70.20	19979015	799.804993
   69.30	19979170	799.809998
   70.20	19979326	799.815002
   70.20	19979482	799.820007
   70.20	19979637	799.825012
   69.30	19979794	799.830017
   70.20	19979949	799.835022
   70.20	19980105	799.840027
   70.20	19980260	799.844971
   71.07	19980416	799.849976
   70.20	19980572	799.854980
   70.20	19980728	799.859985
   70.20	19980883	799.864990
   70.20	19981039	799.869995
   70.20	19981195	799.875000
   69.30	19981350	799.880005
   70.20	19981506	799.885010
   69.30	19981662	799.890015
   70.20	19981817	799.895020
   70.20	19981973	799.900024
   70.20	19982128	799.905029
   70.20	19982285	799.909973
   71.07	19982440	799.914978
   70.20	19982596	799.919983
   70.20	19982751	799.924988
   69.30	19982907	799.929993
   71.10	19983063	799.934998
   69.30	19983219	799.940002
   70.20	19983374	799.945007
   70.20	19983530	799.950012
   69.30	19983685	799.955017
   70.20	19983841	799.960022
   70.20	19983997	799.965027
   70.20	19984153	799.969971
   71.07	19984308	799.974976
   70.20	19984465	799.979980
   70.20	19984620	799.984985
   70.20	19984776	799.989990
   70.20	19984931	799.994995
   70.20	19985087	800.000000
   70.20	19985243	800.005005
   69.30	19985399	800.010010
   70.20	19985554	800.015015
   70.20	19985710	800.020020
   70.20	19985866	800.025024
   69.30	19986022	800.030029
   70.20	19986177	800.034973
   71.07	19986333	800.039978
   70.20	19986489	800.044983
   70.20	19986645	800.049988
   70.20	19986800	800.054993
   70.20	19986956	800.059998
   70.20	19987111	800.065002
   70.20	19987268	800.070007
   70.20	19987423	800.075012
   69.30	19987579	800.080017
   71.10	19987734	800.085022
   69.30	19987890	800.090027
   70.20	19988046	800.094971
   70.16	19988201	800.099976
   70.20	19988357	800.104980
   70.20	19988513	800.109985
   70.20	19988668	800.114990
   70.20	19988824	800.119995
   70.20	19988979	800.125000
   69.30	19989135	800.130005
   70.20	19989290	800.135010
   69.30	19989446	800.140015
   70.20	19989601	800.145020
   70.20	19989756	800.150024
   70.20	19989911	800.155029
   69.30	19990067	800.159973
   71.07	19990222	800.164978
   69.30	19990378	800.169983
   70.20	19990533	800.174988
   70.20	19990689	800.179993
   70.20	19990844	800.184998
   70.20	19990999	800.190002
   70.20	19991154	800.195007
   69.30	19991310	800.200012
   69.30	19991465	800.205017
   70.20	19991621	800.210022
   70.20	19991776	800.215027
   70.20	19991932	800.219971
   71.07	19992087	800.224976
   69.30	19992243	800.229980
   70.20	19992398	800.234985
   69.30	19992553	800.239990
   70.20	19992709	800.244995
   70.20	19992864	800.250000
   70.20	19993019	800.255005
   70.20	19993175	800.260010
   70.20	19993330	800.265015
   69.30	19993486	800.270020
   69.30	19993641	800.275024
   71.10	19993797	800.280029
   69.30	19993952	800.284973
   71.07	19994108	800.289978
   70.20	19994263	800.294983
   69.30	19994419	800.299988
   71.10	19994574	800.304993
   69.30	19994730	800.309998
   69.30	19994885	800.315002
   69.30	19995041	800.320007
   70.20	19995196	800.325012
   70.20	19995352	800.330017
   70.20	19995507	800.335022
   70.20	19995663	800.340027
   70.20	19995818	800.344971
   70.16	19995975	800.349976
   70.20	19996130	800.354980
   69.30	19996286	800.359985
   70.20	19996441	800.364990
   70.20	19996597	800.369995
   70.20	19996752	800.375000
   70.20	19996908	800.380005
   70.20	19997064	800.385010
   70.20	19997219	800.390015
   70.20	19997375	800.395020
   69.30	19997531	800.400024
   70.20	19997686	800.405029
   70.20	19997842	800.409973
   71.07	19997997	800.414978
   69.30	19998154	800.419983
   70.20	19998309	800.424988
   70.20	19998465	800.429993
   70.20	19998620	800.434998
   70.20	19998776	800.440002
   70.20	19998932	800.445007
   70.20	19999088	800.450012
   70.20	19999243	800.455017
   70.20	19999399	800.460022
   70.20	19999555	800.465027
   69.30	19999711	800.469971
   71.07	19999866	800.474976
   70.20	20000022	800.479980
   70.20	20000178	800.484985
   69.30	20000334	800.489990
   70.20	20000489	800.494995
   70.20	20000646	800.500000
   70.20	20000801	800.505005
   70.20	20000957	800.510010
   70.20	20001113	800.515015
   70.20	20001269	800.520020
   70.20	20001424	800.525024
   70.20	20001580	800.530029
   70.20	20001736	800.534973
   71.07	20001892	800.539978
   70.20	20002048	800.544983
   70.20	20002204	800.549988
   70.20	20002359	800.554993
   70.20	20002516	800.559998
   70.20	20002671	800.565002
   70.20	20002827	800.570007
   70.20	20002982	800.575012
   69.30	20003139	800.580017
   71.10	20003294	800.585022
   69.30	20003451	800.590027
   70.20	20003606	800.594971
   70.16	20003762	800.599976
   71.10	20003918	800.604980
   69.30	20004074	800.609985
   70.20	20004230	800.614990
   70.20	20004386	800.619995
   70.20	20004541	800.625000
   70.20	20004697	800.630005
   70.20	20004853	800.635010
   70.20	20005009	800.640015
   70.20	20005164	800.645020
   70.20	20005321	800.650024
   70.20	20005476	800.655029
   70.20	20005633	800.659973
   71.07	20005788	800.664978
   70.20	20005944	800.669983
   70.20	20006100	800.674988
   70.20	20006256	800.679993
   70.20	20006411	800.684998
   70.20	20006567	800.690002
   70.20	20006723	800.695007
   70.20	20006879	800.700012
   70.20	20007034	800.705017
   69.30	20007191	800.710022
   70.20	20007346	800.715027
   70.20	20007502	800.719971
   71.07	20007657	800.724976
   69.30	20007814	800.729980
   71.10	20007969	800.734985
   69.30	20008125	800.739990
   70.20	20008281	800.744995
   70.20	20008437	800.750000
   70.20	20008592	800.755005
   70.20	20008748	800.760010
   70.20	20008904	800.765015
   70.20	20009060	800.770020
   70.20	20009215	800.775024
   69.30	20009371	800.780029
   70.20	20009526	800.784973
   71.07	20009682	800.789978
   70.20	20009837	800.794983
   69.30	20009994	800.799988
   70.20	20010149	800.804993
   70.20	20010305	800.809998
   70.20	20010460	800.815002
   70.20	20010617	800.820007
   70.20	20010772	800.825012
   70.20	20010928	800.830017
   70.20	20011083	800.835022
   70.20	20011239	800.840027
   70.20	20011395	800.844971
   70.16	20011551	800.849976
   70.20	20011706	800.854980
   70.20	20011863	800.859985
   70.20	20012018	800.864990
   69.30	20012174	800.869995
   70.20	20012329	800.875000
   70.20	20012486	800.880005
   70.20	20012641	800.885010
   70.20	20012797	800.890015
   70.20	20012953	800.895020
   70.20	20013109	800.900024
   70.20	20013264	800.905029
   70.20	20013420	800.909973
   71.07	20013576	800.914978
   70.20	20013732	800.919983
   70.20	20013887	800.924988
   70.20	20014043	800.929993
   70.20	20014198	800.934998
   69.30	20014355	800.940002
   70.20	20014510	800.945007
   70.20	20014666	800.950012
   70.20	20014821	800.955017
   69.30	20014978	800.960022
   70.20	20015133	800.965027
   70.20	20015289	800.969971
   71.07	20015445	800.974976
   70.20	20015600	800.979980
   70.20	20015756	800.984985
   70.20	20015912	800.989990
   70.20	20016067	800.994995
   70.20	20016223	801.000000
   70.20	20016379	801.005005
   69.30	20016535	801.010010
   70.20	20016690	801.015015
   70.20	20016846	801.020020
   69.30	20017001	801.025024
   70.20	20017157	801.030029
   70.20	20017312	801.034973
   71.07	20017468	801.039978
   70.20	20017623	801.044983
   69.30	20017779	801.049988
   71.10	20017934	801.054993
   68.40	20018089	801.059998
   71.10	20018244	801.065002
   69.30	20018400	801.070007
   70.20	20018555	801.075012
   70.20	20018711	801.080017
   69.30	20018866	801.085022
   69.30	20019022	801.090027
   70.20	20019176	801.094971
   71.07	20019332	801.099976
   70.20	20019487	801.104980
   69.30	20019643	801.109985
   69.30	20019798	801.114990
   69.30	20019954	801.119995
   70.20	20020109	801.125000
   70.20	20020264	801.130005
   70.20	20020420	801.135010
   70.20	20020575	801.140015
   70.20	20020730	801.145020
   69.30	20020886	801.150024
   69.30	20021041	801.155029
   70.20	20021197	801.159973
   71.07	20021352	801.164978
   70.20	20021508	801.169983
   70.20	20021663	801.174988
   69.30	20021819	801.179993
   70.20	20021974	801.184998
   69.30	20022130	801.190002
   70.20	20022285	801.195007
   70.20	20022441	801.200012
   70.20	20022596	801.205017
   70.20	20022752	801.210022
   70.20	20022907	801.215027
   69.30	20023063	801.219971
   71.07	20023218	801.224976
   70.20	20023374	801.229980
   69.30	20023529	801.234985
   70.20	20023685	801.239990
   70.20	20023840	801.244995
   70.20	20023996	801.250000
   70.20	20024151	801.255005
   70.20	20024307	801.260010
   70.20	20024462	801.265015
   69.30	20024618	801.270020
   70.20	20024773	801.275024
   69.30	20024929	801.280029
   70.20	20025084	801.284973
   71.07	20025240	801.289978
   70.20	20025395	801.294983
   70.20	20025551	801.299988
   69.30	20025706	801.304993
   70.20	20025862	801.309998
   70.20	20026017	801.315002
   69.30	20026173	801.320007
   70.20	20026328	801.325012
   70.20	20026484	801.330017
   70.20	20026639	801.335022
   69.30	20026795	801.340027
   70.20	20026950	801.344971
   70.16	20027106	801.349976
   70.20	20027262	801.354980
   69.30	20027417	801.359985
   70.20	20027573	801.364990
   70.20	20027729	801.369995
   70.20	20027884	801.375000
   70.20	20028040	801.380005
   70.20	20028195	801.385010
   70.20	20028351	801.390015
   70.20	20028506	801.395020
   69.30	20028663	801.400024
   70.20	20028818	801.405029
   69.30	20028974	801.409973
   71.98	20029130	801.414978
   69.30	20029285	801.419983
   70.20	20029441	801.424988
   70.20	20029597	801.429993
   70.20	20029752	801.434998
   70.20	20029908	801.440002
   70.20	20030064	801.445007
   70.20	20030220	801.450012
   70.20	20030375	801.455017
   70.20	20030532	801.460022
   70.20	20030687	801.465027
   69.30	20030843	801.469971
   71.07	20030998	801.474976
   70.20	20031154	801.479980
   70.20	20031310	801.484985
   69.30	20031466	801.489990
   70.20	20031621	801.494995
   70.20	20031777	801.500000
   70.20	20031933	801.505005
   70.20	20032089	801.510010
   70.20	20032244	801.515015
   70.20	20032401	801.520020
   70.20	20032556	801.525024
   70.20	20032712	801.530029
   70.20	20032867	801.534973
   71.07	20033024	801.539978
   70.20	20033179	801.544983
   70.20	20033335	801.549988
   70.20	20033491	801.554993
   69.30	20033647	801.559998
   71.10	20033802	801.565002
   69.30	20033958	801.570007
   70.20	20034114	801.575012
   69.30	20034270	801.580017
   70.20	20034425	801.585022
   70.20	20034581	801.590027
   70.20	20034737	801.594971
   71.07	20034893	801.599976
   70.20	20035048	801.604980
   70.20	20035204	801.609985
   70.20	20035359	801.614990
   70.20	20035516	801.619995
   70.20	20035671	801.625000
   69.30	20035827	801.630005
   70.20	20035982	801.635010
   69.30	20036138	801.640015
   71.10	20036294	801.645020
   69.30	20036449	801.650024
   70.20	20036605	801.655029
   70.20	20036761	801.659973
   71.07	20036916	801.664978
   70.20	20037072	801.669983
   70.20	20037227	801.674988
   70.20	20037384	801.679993
   70.20	20037539	801.684998
   69.30	20037695	801.690002
   70.20	20037850	801.695007
   70.20	20038006	801.700012
   70.20	20038161	801.705017
   69.30	20038317	801.710022
   70.20	20038473	801.715027
   70.20	20038629	801.719971
   71.07	20038784	801.724976
   70.20	20038940	801.729980
   70.20	20039095	801.734985
   70.20	20039251	801.739990
   70.20	20039407	801.744995
   69.30	20039563	801.750000
   70.20	20039718	801.755005
   69.30	20039874	801.760010
   70.20	20040029	801.765015
   70.20	20040185	801.770020
   70.20	20040341	801.775024
   70.20	20040497	801.780029
   70.20	20040652	801.784973
   71.07	20040808	801.789978
   70.20	20040963	801.794983
   70.20	20041119	801.799988
   70.20	20041275	801.804993
   69.30	20041431	801.809998
   70.20	20041586	801.815002
   70.20	20041742	801.820007
   69.30	20041897	801.825012
   70.20	20042054	801.830017
   70.20	20042209	801.835022
   70.20	20042365	801.840027
   70.20	20042520	801.844971
   71.07	20042676	801.849976
   70.20	20042832	801.854980
   70.20	20042988	801.859985
   70.20	20043143	801.864990
   70.20	20043299	801.869995
   70.20	20043455	801.875000
   69.30	20043611	801.880005
   70.20	20043766	801.885010
   70.20	20043922	801.890015
   69.30	20044077	801.895020
   70.20	20044234	801.900024
   70.20	20044388	801.905029
   70.20	20044545	801.909973
   71.07	20044700	801.914978
   70.20	20044856	801.919983
   70.20	20045011	801.924988
   69.30	20045167	801.929993
   70.20	20045322	801.934998
   69.30	20045478	801.940002
   70.20	20045633	801.945007
   70.20	20045788	801.950012
   70.20	20045943	801.955017
   70.20	20046099	801.960022
   69.30	20046254	801.965027
   69.30	20046410	801.969971
   71.07	20046564	801.974976
   70.20	20046720	801.979980
   70.20	20046875	801.984985
   70.20	20047031	801.989990
   69.30	20047186	801.994995
   69.30	20047341	802.000000
   70.20	20047496	802.005005
   70.20	20047652	802.010010
   70.20	20047807	802.015015
   70.20	20047963	802.020020
   69.30	20048118	802.025024
   69.30	20048273	802.030029
   70.20	20048428	802.034973
   71.07	20048584	802.039978
   70.20	20048739	802.044983
   69.30	20048895	802.049988
   70.20	20049050	802.054993
   69.30	20049206	802.059998
   70.20	20049361	802.065002
   70.20	20049516	802.070007
   70.20	20049671	802.075012
   70.20	20049827	802.080017
   70.20	20049982	802.085022
   68.40	20050138	802.090027
   70.20	20050293	802.094971
   70.16	20050449	802.099976
   70.20	20050604	802.104980
   70.20	20050760	802.109985
   70.20	20050915	802.114990
   69.30	20051071	802.119995
   70.20	20051226	802.125000
   69.30	20051382	802.130005
   70.20	20051537	802.135010
   70.20	20051693	802.140015
   70.20	20051848	802.145020
   70.20	20052004	802.150024
   70.20	20052159	802.155029
   69.30	20052315	802.159973
   71.07	20052470	802.164978
   69.30	20052626	802.169983
   70.20	20052781	802.174988
   70.20	20052937	802.179993
   70.20	20053092	802.184998
   70.20	20053248	802.190002
   70.20	20053403	802.195007
   70.20	20053559	802.200012
   70.20	20053714	802.205017
   69.30	20053870	802.210022
   70.20	20054025	802.215027
   69.30	20054181	802.219971
   71.07	20054337	802.224976
   70.20	20054493	802.229980
   70.20	20054648	802.234985
   70.20	20054804	802.239990
   70.20	20054959	802.244995
   70.20	20055115	802.250000
   69.30	20055270	802.255005
   70.20	20055426	802.260010
   70.20	20055581	802.265015
   69.30	20055738	802.270020
   70.20	20055893	802.275024
   70.20	20056049	802.280029
   70.20	20056204	802.284973
   71.07	20056360	802.289978
   70.20	20056516	802.294983
   70.20	20056672	802.299988
   70.20	20056827	802.304993
   70.20	20056983	802.309998
   70.20	20057139	802.315002
   69.30	20057295	802.320007
   70.20	20057450	802.325012
   70.20	20057606	802.330017
   70.20	20057761	802.335022
   69.30	20057918	802.340027
   70.20	20058073	802.344971
   71.07	20058229	802.349976
   70.20	20058385	802.354980
   70.20	20058541	802.359985
   70.20	20058696	802.364990
   70.20	20058853	802.369995
   70.20	20059008	802.375000
   70.20	20059164	802.380005
   70.20	20059320	802.385010
   70.20	20059476	802.390015
   70.20	20059631	802.395020
   70.20	20059788	802.400024
   70.20	20059943	802.405029
   70.20	20060099	802.409973
   71.07	20060255	802.414978
   69.30	20060411	802.419983
   71.10	20060566	802.424988
   69.30	20060723	802.429993
   71.10	20060878	802.434998
   69.30	20061035	802.440002
   71.10	20061190	802.445007
   69.30	20061347	802.450012
   70.20	20061502	802.455017
   70.20	20061658	802.460022
   70.20	20061814	802.465027
   70.20	20061970	802.469971
   70.16	20062126	802.474976
   70.20	20062282	802.479980
   70.20	20062437	802.484985
   70.20	20062594	802.489990
   70.20	20062749	802.494995
   70.20	20062905	802.500000
   70.20	20063060	802.505005
   70.20	20063217	802.510010
   70.20	20063372	802.515015
   70.20	20063528	802.520020
   70.20	20063684	802.525024
   70.20	20063840	802.530029
   70.20	20063996	802.534973
   71.07	20064152	802.539978
   70.20	20064307	802.544983
   70.20	20064463	802.549988
   70.20	20064619	802.554993
   69.30	20064775	802.559998
   70.20	20064930	802.565002
   69.30	20065087	802.570007
   70.20	20065242	802.575012
   70.20	20065398	802.580017
   70.20	20065554	802.585022
   69.30	20065710	802.590027
   71.10	20065865	802.594971
   70.16	20066021	802.599976
   70.20	20066177	802.604980
   70.20	20066333	802.609985
   70.20	20066489	802.614990
   70.20	20066645	802.619995
   70.20	20066800	802.625000
   70.20	20066956	802.630005
   70.20	20067112	802.635010
   70.20	20067268	802.640015
   70.20	20067423	802.645020
   70.20	20067580	802.650024
   70.20	20067735	802.655029
   69.30	20067891	802.659973
   71.98	20068046	802.664978
   69.30	20068203	802.669983
   70.20	20068358	802.674988
   69.30	20068514	802.679993
   70.20	20068670	802.684998
   69.30	20068826	802.690002
   70.20	20068981	802.695007
   70.20	20069138	802.700012
   70.20	20069293	802.705017
   70.20	20069449	802.710022
   70.20	20069604	802.715027
   70.20	20069761	802.719971
   71.07	20069916	802.724976
   70.20	20070073	802.729980
   70.20	20070228	802.734985
   70.20	20070384	802.739990
   70.20	20070539	802.744995
   70.20	20070695	802.750000
   70.20	20070851	802.755005
   70.20	20071007	802.760010
   70.20	20071163	802.765015
   69.30	20071319	802.770020
   70.20	20071474	802.775024
   70.20	20071630	802.780029
   70.20	20071785	802.784973
   70.16	20071942	802.789978
   70.20	20072097	802.794983
   70.20	20072253	802.799988
   70.20	20072408	802.804993
   70.20	20072564	802.809998
   70.20	20072719	802.815002
   70.20	20072875	802.820007
   70.20	20073031	802.825012
   69.30	20073186	802.830017
   70.20	20073342	802.835022
   69.30	20073497	802.840027
   70.20	20073652	802.844971
   71.07	20073808	802.849976
   70.20	20073963	802.854980
   70.20	20074119	802.859985
   69.30	20074274	802.864990
   69.30	20074430	802.869995
   70.20	20074584	802.875000
   70.20	20074740	802.880005
   70.20	20074895	802.885010
   70.20	20075051	802.890015
   70.20	20075206	802.895020
   68.40	20075362	802.900024
   70.20	20075517	802.905029
   70.20	20075673	802.909973
   71.07	20075828	802.914978
   70.20	20075983	802.919983
   70.20	20076138	802.924988
   69.30	20076294	802.929993
   70.20	20076449	802.934998
   69.30	20076605	802.940002
   70.20	20076760	802.945007
   70.20	20076916	802.950012
   70.20	20077071	802.955017
   69.30	20077227	802.960022
   71.10	20077382	802.965027
   68.40	20077538	802.969971
   71.07	20077693	802.974976
   70.20	20077849	802.979980
   70.20	20078004	802.984985
   70.20	20078160	802.989990
   70.20	20078315	802.994995
   70.20	20078471	803.000000
   69.30	20078626	803.005005
   70.20	20078782	803.010010
   69.30	20078937	803.015015
   70.20	20079093	803.020020
   70.20	20079248	803.025024
   70.20	20079404	803.030029
   70.20	20079559	803.034973
   70.16	20079715	803.039978
   71.10	20079870	803.044983
   69.30	20080026	803.049988
   70.20	20080181	803.054993
   69.30	20080337	803.059998
   70.20	20080492	803.065002
   70.20	20080648	803.070007
   70.20	20080804	803.075012
   70.20	20080960	803.080017
   70.20	20081115	803.085022
   69.30	20081271	803.090027
   70.20	20081426	803.094971
   70.16	20081582	803.099976
   71.10	20081737	803.104980
   69.30	20081893	803.109985
   70.20	20082049	803.114990
   70.20	20082204	803.119995
   70.20	20082360	803.125000
   70.20	20082516	803.130005
   70.20	20082671	803.135010
   69.30	20082827	803.140015
   69.30	20082982	803.145020
   70.20	20083138	803.150024
   70.20	20083293	803.155029
   69.30	20083450	803.159973
   71.07	20083605	803.164978
   70.20	20083761	803.169983
   70.20	20083916	803.174988
   70.20	20084072	803.179993
   70.20	20084228	803.184998
   70.20	20084384	803.190002
   70.20	20084539	803.195007
   70.20	20084695	803.200012
   69.30	20084851	803.205017
   70.20	20085007	803.210022
   70.20	20085162	803.215027
   70.20	20085318	803.219971
   70.16	20085473	803.224976
   69.30	20085630	803.229980
   70.20	20085785	803.234985
   70.20	20085941	803.239990
   70.20	20086096	803.244995
   70.20	20086253	803.250000
   70.20	20086408	803.255005
   70.20	20086564	803.260010
   70.20	20086720	803.265015
   70.20	20086876	803.270020
   70.20	20087031	803.275024
   70.20	20087187	803.280029
   70.20	20087343	803.284973
   70.16	20087499	803.289978
   70.20	20087654	803.294983
   70.20	20087811	803.299988
   70.20	20087966	803.304993
   69.30	20088122	803.309998
   71.10	20088277	803.315002
   69.30	20088434	803.320007
   70.20	20088589	803.325012
   70.20	20088745	803.330017
   70.20	20088901	803.335022
   70.20	20089057	803.340027
   70.20	20089212	803.344971
   71.07	20089368	803.349976
   70.20	20089524	803.354980
   70.20	20089680	803.359985
   70.20	20089835	803.364990
   70.20	20089991	803.369995
   70.20	20090147	803.375000
   69.30	20090303	803.380005
   70.20	20090458	803.385010
   70.20	20090615	803.390015
   70.20	20090770	803.395020
   69.30	20090926	803.400024
   71.10	20091082	803.405029
   69.30	20091238	803.409973
   71.07	20091393	803.414978
   70.20	20091549	803.419983
   70.20	20091705	803.424988
   70.20	20091861	803.429993
   70.20	20092016	803.434998
   70.20	20092172	803.440002
   70.20	20092328	803.445007
   70.20	20092484	803.450012
   70.20	20092639	803.455017
   70.20	20092796	803.460022
   70.20	20092951	803.465027
   69.30	20093107	803.469971
   71.98	20093262	803.474976
   69.30	20093418	803.479980
   70.20	20093574	803.484985
   69.30	20093730	803.489990
   70.20	20093885	803.494995
   70.20	20094041	803.500000
   70.20	20094196	803.505005
   70.20	20094352	803.510010
   70.20	20094508	803.515015
   70.20	20094664	803.520020
   70.20	20094819	803.525024
   70.20	20094975	803.530029
   70.20	20095130	803.534973
   70.16	20095287	803.539978
   70.20	20095442	803.544983
   69.30	20095598	803.549988
   71.10	20095753	803.554993
   69.30	20095909	803.559998
   70.20	20096065	803.565002
   70.20	20096221	803.570007
   70.20	20096376	803.575012
   70.20	20096532	803.580017
   70.20	20096688	803.585022
   70.20	20096844	803.590027
   70.20	20096999	803.594971
   71.07	20097156	803.599976
   70.20	20097311	803.604980
   69.30	20097467	803.609985
   71.10	20097622	803.614990
   69.30	20097779	803.619995
   70.20	20097934	803.625000
   70.20	20098090	803.630005
   70.20	20098246	803.635010
   69.30	20098402	803.640015
   70.20	20098557	803.645020
   70.20	20098713	803.650024
   70.20	20098869	803.655029
   70.20	20099025	803.659973
   71.07	20099180	803.664978
   70.20	20099337	803.669983
   70.20	20099492	803.674988
   70.20	20099648	803.679993
   70.20	20099803	803.684998
   69.30	20099959	803.690002
   71.10	20100114	803.695007
   69.30	20100271	803.700012
   70.20	20100426	803.705017
   69.30	20100582	803.710022
   70.20	20100737	803.715027
   70.20	20100893	803.719971
   71.07	20101048	803.724976
   70.20	20101204	803.729980
   70.20	20101359	803.734985
   70.20	20101515	803.739990
   69.30	20101670	803.744995
   70.20	20101826	803.750000
   69.30	20101981	803.755005
   70.20	20102137	803.760010
   70.20	20102292	803.765015
   70.20	20102448	803.770020
   70.20	20102603	803.775024
   69.30	20102758	803.780029
   70.20	20102913	803.784973
   70.16	20103069	803.789978
   70.20	20103224	803.794983
   70.20	20103380	803.799988
   70.20	20103535	803.804993
   69.30	20103690	803.809998
   69.30	20103845	803.815002
   70.20	20104001	803.820007
   70.20	20104156	803.825012
   70.20	20104312	803.830017
   70.20	20104467	803.835022
   69.30	20104623	803.840027
   70.20	20104778	803.844971
   70.16	20104933	803.849976
   70.20	20105088	803.854980
   70.20	20105244	803.859985
   70.20	20105399	803.864990
   69.30	20105555	803.869995
   70.20	20105710	803.875000
   69.30	20105866	803.880005
   70.20	20106021	803.885010
   70.20	20106177	803.890015
   70.20	20106331	803.895020
   70.20	20106488	803.900024
   70.20	20106642	803.905029
   69.30	20106798	803.909973
   71.07	20106953	803.914978
   69.30	20107109	803.919983
   70.20	20107264	803.924988
   70.20	20107420	803.929993
   70.20	20107576	803.934998
   70.20	20107731	803.940002
   70.20	20107886	803.945007
   69.30	20108042	803.950012
   70.20	20108197	803.955017
   69.30	20108353	803.960022
   70.20	20108508	803.965027
   70.20	20108665	803.969971
   71.07	20108819	803.974976
   70.20	20108976	803.979980
   70.20	20109131	803.984985
   70.20	20109287	803.989990
   69.30	20109442	803.994995
   70.20	20109598	804.000000
   70.20	20109753	804.005005
   69.30	20109909	804.010010
   70.20	20110064	804.015015
   70.20	20110220	804.020020
   70.20	20110375	804.025024
   70.20	20110531	804.030029
   70.20	20110687	804.034973
   70.16	20110843	804.039978
   70.20	20110998	804.044983
   69.30	20111154	804.049988
   70.20	20111309	804.054993
   70.20	20111465	804.059998
   70.20	20111620	804.065002
   70.20	20111776	804.070007
   70.20	20111932	804.075012
   70.20	20112088	804.080017
   70.20	20112243	804.085022
   70.20	20112399	804.090027
   70.20	20112555	804.094971
   70.16	20112711	804.099976
   70.20	20112866	804.104980
   70.20	20113022	804.109985
   70.20	20113177	804.114990
   69.30	20113334	804.119995
   70.20	20113489	804.125000
   70.20	20113645	804.130005
   70.20	20113801	804.135010
   70.20	20113957	804.140015
   70.20	20114112	804.145020
   70.20	20114268	804.150024
   70.20	20114424	804.155029
   70.20	20114580	804.159973
   71.07	20114736	804.164978
   70.20	20114892	804.169983
   70.20	20115047	804.174988
   70.20	20115203	804.179993
   70.20	20115359	804.184998
   69.30	20115515	804.190002
   71.10	20115670	804.195007
   69.30	20115827	804.200012
   70.20	20115982	804.205017
   70.20	20116139	804.210022
   70.20	20116294	804.215027
   69.30	20116450	804.219971
   71.98	20116606	804.224976
   69.30	20116762	804.229980
   71.10	20116918	804.234985
   69.30	20117074	804.239990
   70.20	20117229	804.244995
   70.20	20117385	804.250000
   70.20	20117541	804.255005
   70.20	20117697	804.260010
   70.20	20117853	804.265015
   70.20	20118009	804.270020
   70.20	20118164	804.275024
   70.20	20118321	804.280029
   70.20	20118476	804.284973
   71.07	20118632	804.289978
   70.20	20118788	804.294983
   70.20	20118944	804.299988
   70.20	20119100	804.304993
   70.20	20119256	804.309998
   70.20	20119411	804.315002
   70.20	20119567	804.320007
   70.20	20119723	804.325012
   69.30	20119879	804.330017
   70.20	20120034	804.335022
   70.20	20120191	804.340027
   70.20	20120346	804.344971
   70.16	20120502	804.349976
   71.10	20120657	804.354980
   69.30	20120814	804.359985
   70.20	20120969	804.364990
   70.20	20121125	804.369995
   70.20	20121281	804.375000
   70.20	20121436	804.380005
   70.20	20121592	804.385010
   70.20	20121748	804.390015
   70.20	20121903	804.395020
   70.20	20122060	804.400024
   70.20	20122215	804.405029
   70.20	20122371	804.409973
   71.07	20122526	804.414978
   69.30	20122683	804.419983
   70.20	20122838	804.424988
   70.20	20122994	804.429993
   70.20	20123150	804.434998
   69.30	20123306	804.440002
   71.10	20123461	804.445007
   69.30	20123617	804.450012
   70.20	20123773	804.455017
   70.20	20123929	804.460022
   70.20	20124085	804.465027
   70.20	20124241	804.469971
   71.07	20124396	804.474976
   70.20	20124552	804.479980
   70.20	20124708	804.484985
   70.20	20124864	804.489990
   70.20	20125019	804.494995
   70.20	20125176	804.500000
   70.20	20125331	804.505005
   69.30	20125487	804.510010
   71.10	20125643	804.515015
   69.30	20125799	804.520020
   70.20	20125954	804.525024
   69.30	20126110	804.530029
   70.20	20126266	804.534973
   71.07	20126422	804.539978
   69.30	20126578	804.544983
   70.20	20126734	804.549988
   70.20	20126889	804.554993
   70.20	20127045	804.559998
   70.20	20127201	804.565002
   70.20	20127357	804.570007
   70.20	20127512	804.575012
   70.20	20127669	804.580017
   70.20	20127824	804.585022
   70.20	20127980	804.590027
   70.20	20128136	804.594971
   71.07	20128291	804.599976
   70.20	20128447	804.604980
   69.30	20128603	804.609985
   70.20	20128758	804.614990
   70.20	20128914	804.619995
   70.20	20129069	804.625000
   69.30	20129226	804.630005
   71.10	20129380	804.635010
   69.30	20129537	804.640015
   70.20	20129691	804.645020
   70.20	20129847	804.650024
   69.30	20130002	804.655029
   69.30	20130158	804.659973
   71.07	20130313	804.664978
   70.20	20130468	804.669983
   70.20	20130623	804.674988
   69.30	20130779	804.679993
   69.30	20130934	804.684998
   69.30	20131089	804.690002
   70.20	20131244	804.695007
   70.20	20131400	804.700012
   70.20	20131555	804.705017
   69.30	20131711	804.710022
   70.20	20131866	804.715027
   70.20	20132022	804.719971
   70.16	20132176	804.724976
   70.20	20132332	804.729980
   70.20	20132487	804.734985
   70.20	20132643	804.739990
   70.20	20132798	804.744995
   68.40	20132954	804.750000
   70.20	20133109	804.755005
   70.20	20133264	804.760010
   70.20	20133420	804.765015
   70.20	20133576	804.770020
   70.20	20133731	804.775024
   69.30	20133887	804.780029
   70.20	20134041	804.784973
   70.16	20134198	804.789978
   70.20	20134352	804.794983
   70.20	20134509	804.799988
   70.20	20134664	804.804993
   70.20	20134820	804.809998
   70.20	20134975	804.815002
   69.30	20135130	804.820007
   70.20	20135286	804.825012
   69.30	20135441	804.830017
   70.20	20135597	804.835022