  129.49	9361367	474.304993
  128.25	9361654	474.309998
  129.15	9361939	474.315002
  128.25	9362225	474.320007
  128.70	9362510	474.325012
  128.25	9362797	474.329987
  129.49	9363081	474.334991
  128.70	9363367	474.339996
  128.70	9363652	474.345001
  127.80	9363939	474.350006
  128.70	9364224	474.355011
  127.80	9364510	474.359985
  129.95	9364794	474.364990
  128.25	9365081	474.369995
  128.25	9365366	474.375000
  127.80	9365652	474.380005
  129.15	9365936	474.385010
  128.25	9366223	474.390015
  128.70	9366507	474.394989
  128.59	9366794	474.399994
  128.70	9367078	474.404999
  128.25	9367364	474.410004
  129.15	9367649	474.415009
  127.80	9367935	474.420013
  129.15	9368220	474.424988
  128.59	9368507	474.429993
  129.15	9368791	474.434998
  128.25	9369078	474.440002
  129.15	9369363	474.445007
  127.80	9369650	474.450012
  129.15	9369934	474.454987
  129.04	9370221	474.459991
  129.15	9370506	474.464996
  128.25	9370793	474.470001
  128.70	9371078	474.475006
  128.25	9371364	474.480011
  128.70	9371649	474.484985
  129.49	9371936	474.489990
  128.70	9372221	474.494995
  127.80	9372507	474.500000
  128.70	9372792	474.505005
  128.25	9373078	474.510010
  129.15	9373363	474.515015
  127.80	9373650	474.519989
  129.95	9373934	474.524994
  128.25	9374221	474.529999
  128.70	9374505	474.535004
  128.25	9374792	474.540009
  128.70	9375077	474.545013
  128.25	9375363	474.549988
  129.49	9375648	474.554993
  128.70	9375934	474.559998
  128.70	9376220	474.565002
  127.80	9376506	474.570007
  128.70	9376791	474.575012
  128.25	9377077	474.579987
  129.95	9377362	474.584991
  127.80	9377648	474.589996
  128.25	9377933	474.595001
  128.25	9378220	474.600006
  129.15	9378504	474.605011
  128.25	9378791	474.609985
  129.49	9379076	474.614990
  128.25	9379362	474.619995
  128.70	9379647	474.625000
  128.70	9379934	474.630005
  128.70	9380219	474.635010
  128.25	9380505	474.640015
  129.15	9380791	474.644989
  128.59	9381077	474.649994
  129.15	9381362	474.654999
  128.70	9381649	474.660004
  128.70	9381934	474.665009
  128.25	9382220	474.670013
  129.15	9382505	474.674988
  129.04	9382792	474.679993
  128.70	9383077	474.684998
  128.25	9383364	474.690002
  128.70	9383648	474.695007
  128.70	9383935	474.700012
  128.70	9384220	474.704987
  129.04	9384506	474.709991
  129.15	9384792	474.714996
  127.80	9385078	474.720001
  129.15	9385363	474.725006
  128.70	9385649	474.730011
  128.70	9385935	474.734985
  129.04	9386222	474.739990
  129.15	9386507	474.744995
  128.25	9386793	474.750000
  129.15	9387079	474.755005
  128.25	9387366	474.760010
  129.15	9387651	474.765015
  128.25	9387938	474.769989
  129.95	9388223	474.774994
  128.25	9388509	474.779999
  128.70	9388795	474.785004
  128.25	9389082	474.790009
  129.15	9389367	474.795013
  128.25	9389653	474.799988
  129.95	9389939	474.804993
  128.25	9390226	474.809998
  129.15	9390511	474.815002
  128.25	9390798	474.820007
  129.60	9391083	474.825012
  127.80	9391370	474.829987
  129.95	9391655	474.834991
  128.25	9391942	474.839996
  129.15	9392226	474.845001
  128.25	9392513	474.850006
  129.15	9392798	474.855011
  127.80	9393085	474.859985
  129.95	9393370	474.864990
  128.25	9393656	474.869995
  128.70	9393941	474.875000
  128.25	9394228	474.880005
  128.25	9394513	474.885010
  128.25	9394799	474.890015
  129.15	9395084	474.894989
  129.04	9395370	474.899994
  129.15	9395655	474.904999
  128.25	9395942	474.910004
  128.70	9396227	474.915009
  128.25	9396513	474.920013
  129.15	9396798	474.924988
  128.59	9397085	474.929993
  129.15	9397370	474.934998
  128.25	9397656	474.940002
  129.15	9397941	474.945007
  128.25	9398228	474.950012
  128.70	9398513	474.954987
  129.04	9398800	474.959991
  128.70	9399084	474.964996
  127.80	9399371	474.970001
  129.15	9399656	474.975006
  128.25	9399942	474.980011
  128.70	9400227	474.984985
  129.04	9400514	474.989990
  129.15	9400799	474.994995
  128.25	9401085	475.000000
  129.15	9401371	475.005005
  127.80	9401657	475.010010
  129.15	9401942	475.015015
  128.70	9402229	475.019989
  129.49	9402514	475.024994
  128.25	9402801	475.029999
  129.15	9403086	475.035004
  128.25	9403373	475.040009
  129.15	9403658	475.045013
  128.25	9403945	475.049988
  130.40	9404230	475.054993
  128.25	9404517	475.059998
  129.15	9404802	475.065002
  128.25	9405089	475.070007
  129.15	9405375	475.075012
  128.70	9405662	475.079987
  129.49	9405947	475.084991
  128.70	9406234	475.089996
  129.15	9406519	475.095001
  128.25	9406806	475.100006
  128.70	9407092	475.105011
  128.25	9407379	475.109985
  129.95	9407664	475.114990
  128.25	9407951	475.119995
  128.70	9408236	475.125000
  128.70	9408523	475.130005
  128.70	9408808	475.135010
  128.70	9409095	475.140015
  129.15	9409380	475.144989
  129.04	9409667	475.149994
  128.70	9409952	475.154999
  128.25	9410239	475.160004
  129.15	9410524	475.165009
  128.70	9410811	475.170013
  128.70	9411096	475.174988
  129.04	9411382	475.179993
  129.15	9411667	475.184998
  128.25	9411954	475.190002
  128.70	9412239	475.195007
  128.25	9412526	475.200012
  128.70	9412811	475.204987
  129.04	9413097	475.209991
  129.15	9413382	475.214996
  128.25	9413669	475.220001
  128.70	9413954	475.225006
  128.25	9414241	475.230011
  129.15	9414526	475.234985
  129.04	9414812	475.239990
  128.70	9415097	475.244995
  128.25	9415383	475.250000
  128.70	9415668	475.255005
  128.25	9415954	475.260010
  128.70	9416238	475.265015
  128.25	9416525	475.269989
  129.49	9416810	475.274994
  128.25	9417096	475.279999
  128.70	9417381	475.285004
  128.25	9417667	475.290009
  129.15	9417952	475.295013
  127.80	9418239	475.299988
  129.95	9418523	475.304993
  127.80	9418810	475.309998
  129.15	9419094	475.315002
  128.25	9419381	475.320007
  128.70	9419666	475.325012
  128.25	9419952	475.329987
  129.49	9420236	475.334991
  127.80	9420522	475.339996
  128.70	9420807	475.345001
  128.25	9421093	475.350006
  128.70	9421377	475.355011
  128.25	9421664	475.359985
  129.49	9421948	475.364990
  127.80	9422235	475.369995
  129.15	9422519	475.375000
  127.80	9422805	475.380005
  128.70	9423090	475.385010
  128.25	9423376	475.390015
  128.70	9423661	475.394989
  128.59	9423947	475.399994
  129.15	9424231	475.404999
  127.80	9424517	475.410004
  128.70	9424802	475.415009
  127.80	9425088	475.420013
  128.70	9425372	475.424988
  129.04	9425658	475.429993
  129.15	9425942	475.434998
  127.80	9426229	475.440002
  128.25	9426513	475.445007
  127.80	9426799	475.450012
  128.70	9427083	475.454987
  129.04	9427369	475.459991
  128.25	9427654	475.464996
  128.25	9427940	475.470001
  128.70	9428225	475.475006
  128.25	9428511	475.480011
  128.70	9428795	475.484985
  128.59	9429081	475.489990
  128.70	9429366	475.494995
  128.25	9429652	475.500000
  128.70	9429936	475.505005
  127.80	9430222	475.510010
  128.70	9430507	475.515015
  127.80	9430793	475.519989
  129.95	9431077	475.524994
  127.80	9431363	475.529999
  128.25	9431648	475.535004
  128.25	9431934	475.540009
  128.70	9432218	475.545013
  127.80	9432504	475.549988
  129.95	9432789	475.554993
  127.80	9433075	475.559998
  128.70	9433360	475.565002
  128.25	9433646	475.570007
  128.70	9433930	475.575012
  127.80	9434216	475.579987
  129.49	9434501	475.584991
  127.80	9434787	475.589996
  128.70	9435071	475.595001
  127.80	9435357	475.600006
  129.15	9435642	475.605011
  127.80	9435928	475.609985
  129.49	9436213	475.614990
  128.25	9436499	475.619995
  129.15	9436784	475.625000
  127.80	9437070	475.630005
  128.70	9437355	475.635010
  128.25	9437641	475.640015
  128.70	9437925	475.644989
  129.04	9438211	475.649994
  128.70	9438496	475.654999
  127.80	9438783	475.660004
  129.15	9439067	475.665009
  127.80	9439353	475.670013
  129.15	9439638	475.674988
  129.04	9439925	475.679993
  128.25	9440210	475.684998
  127.80	9440496	475.690002
  129.15	9440780	475.695007
  128.25	9441067	475.700012
  128.70	9441352	475.704987
  128.59	9441638	475.709991
  129.15	9441922	475.714996
  128.25	9442209	475.720001
  128.70	9442493	475.725006
  128.25	9442780	475.730011
  128.70	9443065	475.734985
  128.59	9443351	475.739990
  128.70	9443635	475.744995
  128.25	9443922	475.750000
  128.70	9444207	475.755005
  128.25	9444493	475.760010
  128.70	9444778	475.765015
  128.25	9445064	475.769989
  129.95	9445349	475.774994
  127.80	9445635	475.779999
  128.70	9445920	475.785004
  128.25	9446206	475.790009
  128.70	9446491	475.795013
  128.25	9446777	475.799988
  129.49	9447062	475.804993
  128.25	9447348	475.809998
  128.70	9447633	475.815002
  128.25	9447919	475.820007
  128.70	9448204	475.825012
  128.25	9448490	475.829987
  129.49	9448772	475.834991
  126.90	9449058	475.839996
  128.70	9449343	475.845001
  127.35	9449629	475.850006
  128.25	9449913	475.855011
  127.80	9450199	475.859985
  129.49	9450483	475.864990
  128.25	9450770	475.869995
  128.70	9451052	475.875000
  126.90	9451338	475.880005
  128.70	9451622	475.885010
  128.25	9451906	475.890015
  127.35	9452190	475.894989
  128.59	9452477	475.899994
  128.70	9452761	475.904999
  127.80	9453047	475.910004
  128.70	9453331	475.915009
  127.80	9453617	475.920013
  128.25	9453902	475.924988
  128.59	9454187	475.929993
  128.70	9454472	475.934998
  128.25	9454758	475.940002
  128.70	9455042	475.945007
  127.80	9455329	475.950012
  128.70	9455613	475.954987
  129.04	9455899	475.959991
  128.70	9456184	475.964996
  128.25	9456470	475.970001
  128.70	9456755	475.975006
  127.80	9457040	475.980011
  128.70	9457325	475.984985
  129.04	9457611	475.989990
  128.70	9457896	475.994995
  127.80	9458182	476.000000
  128.70	9458467	476.005005
  128.25	9458753	476.010010
  128.70	9459037	476.015015
  127.80	9459324	476.019989
  129.95	9459608	476.024994
  127.80	9459894	476.029999
  129.15	9460179	476.035004
  127.80	9460465	476.040009
  128.70	9460750	476.045013
  128.25	9461036	476.049988
  129.49	9461320	476.054993
  127.80	9461606	476.059998
  128.70	9461891	476.065002
  127.80	9462177	476.070007
  128.70	9462462	476.075012
  128.25	9462748	476.079987
  129.95	9463032	476.084991
  127.80	9463319	476.089996
  128.70	9463604	476.095001
  127.80	9463890	476.100006
  129.15	9464172	476.105011
  127.35	9464458	476.109985
  129.49	9464743	476.114990
  127.80	9465030	476.119995
  128.70	9465314	476.125000
  128.25	9465600	476.130005
  128.70	9465885	476.135010
  127.80	9466172	476.140015
  128.70	9466456	476.144989
  129.04	9466742	476.149994
  129.15	9467027	476.154999
  127.80	9467313	476.160004
  129.15	9467598	476.165009
  127.80	9467884	476.170013
  128.70	9468169	476.174988
  129.04	9468455	476.179993
  128.70	9468739	476.184998
  128.25	9469026	476.190002
  128.70	9469310	476.195007
  127.80	9469596	476.200012
  128.70	9469881	476.204987
  128.59	9470167	476.209991
  128.70	9470452	476.214996
  128.25	9470738	476.220001
  128.70	9471023	476.225006
  128.25	9471309	476.230011
  128.70	9471593	476.234985
  128.59	9471880	476.239990
  129.15	9472164	476.244995
  127.80	9472450	476.250000
  129.15	9472735	476.255005
  127.80	9473021	476.260010
  128.70	9473306	476.265015
  128.25	9473592	476.269989
  129.49	9473876	476.274994
  127.80	9474162	476.279999
  129.15	9474447	476.285004
  127.80	9474733	476.290009
  128.70	9475018	476.295013
  128.25	9475304	476.299988
  129.49	9475589	476.304993
  128.25	9475875	476.309998
  128.70	9476160	476.315002
  127.80	9476445	476.320007
  128.70	9476730	476.325012
  127.80	9477016	476.329987
  129.49	9477301	476.334991
  127.80	9477587	476.339996
  128.70	9477871	476.345001
  127.80	9478157	476.350006
  128.70	9478442	476.355011
  127.80	9478728	476.359985
  129.49	9479012	476.364990
  128.25	9479298	476.369995
  128.70	9479582	476.375000
  127.80	9479869	476.380005
  128.25	9480153	476.385010
  127.80	9480439	476.390015
  128.70	9480723	476.394989
  128.59	9481009	476.399994
  128.70	9481294	476.404999
  128.25	9481580	476.410004
  128.70	9481864	476.415009
  128.25	9482150	476.420013
  128.70	9482435	476.424988
  128.59	9482721	476.429993
  128.70	9483005	476.434998
  127.80	9483291	476.440002
  128.70	9483575	476.445007
  128.25	9483861	476.450012
  128.25	9484146	476.454987
  129.04	9484432	476.459991
  128.70	9484716	476.464996
  127.80	9485002	476.470001
  128.70	9485287	476.475006
  128.25	9485573	476.480011
  128.25	9485857	476.484985
  129.04	9486143	476.489990
  128.70	9486427	476.494995
  128.25	9486714	476.500000
  128.70	9486998	476.505005
  127.80	9487284	476.510010
  128.70	9487569	476.515015
  128.25	9487855	476.519989
  129.49	9488140	476.524994
  127.80	9488426	476.529999
  129.15	9488710	476.535004
  127.80	9488996	476.540009
  129.15	9489281	476.545013
  127.80	9489568	476.549988
  129.49	9489852	476.554993
  128.25	9490138	476.559998
  129.15	9490423	476.565002
  127.80	9490709	476.570007
  128.70	9490994	476.575012
  128.25	9491280	476.579987
  129.49	9491565	476.584991
  128.70	9491851	476.589996
  128.25	9492136	476.595001
  127.80	9492423	476.600006
  129.15	9492707	476.605011
  128.25	9492994	476.609985
  129.49	9493279	476.614990
  128.25	9493565	476.619995
  128.70	9493850	476.625000
  128.25	9494137	476.630005
  129.15	9494421	476.635010
  128.25	9494708	476.640015
  128.70	9494993	476.644989
  129.04	9495280	476.649994
  128.70	9495564	476.654999
  127.80	9495851	476.660004
  129.15	9496136	476.665009
  128.25	9496422	476.670013
  128.70	9496707	476.674988
  129.04	9496993	476.679993
  129.15	9497278	476.684998
  128.25	9497565	476.690002
  128.70	9497850	476.695007
  128.25	9498136	476.700012
  128.70	9498421	476.704987
  129.04	9498707	476.709991
  129.15	9498992	476.714996
  127.80	9499279	476.720001
  128.70	9499563	476.725006
  128.25	9499850	476.730011
  129.15	9500132	476.734985
  128.13	9500419	476.739990
  128.70	9500704	476.744995
  128.25	9500990	476.750000
  128.70	9501275	476.755005
  128.25	9501561	476.760010
  129.15	9501846	476.765015
  127.80	9502133	476.769989
  129.49	9502417	476.774994
  128.70	9502704	476.779999
  128.70	9502989	476.785004
  127.80	9503275	476.790009
  128.70	9503558	476.795013
  127.35	9503844	476.799988
  129.49	9504129	476.804993
  127.80	9504415	476.809998
  128.70	9504700	476.815002
  127.80	9504986	476.820007
  128.70	9505271	476.825012
  128.25	9505557	476.829987
  129.49	9505841	476.834991
  128.25	9506128	476.839996
  128.70	9506413	476.845001
  128.25	9506699	476.850006
  128.70	9506983	476.855011
  128.25	9507270	476.859985
  129.49	9507554	476.864990
  127.80	9507841	476.869995
  129.15	9508125	476.875000
  127.80	9508411	476.880005
  129.15	9508696	476.885010
  127.80	9508983	476.890015
  128.70	9509267	476.894989
  128.59	9509553	476.899994
  129.15	9509838	476.904999
  128.25	9510125	476.910004
  128.70	9510409	476.915009
  127.80	9510696	476.920013
  129.15	9510980	476.924988
  129.04	9511267	476.929993
  128.70	9511552	476.934998
  127.80	9511838	476.940002
  129.15	9512123	476.945007
  128.25	9512409	476.950012
  128.70	9512694	476.954987
  129.04	9512980	476.959991
  128.70	9513265	476.964996
  128.25	9513552	476.970001
  129.15	9513836	476.975006
  128.25	9514123	476.980011
  128.70	9514408	476.984985
  129.04	9514694	476.989990
  128.70	9514979	476.994995
  128.25	9515265	477.000000
  128.70	9515550	477.005005
  127.80	9515837	477.010010
  129.15	9516122	477.015015
  128.25	9516408	477.019989
  129.49	9516693	477.024994
  128.25	9516979	477.029999
  128.70	9517264	477.035004
  128.25	9517551	477.040009
  129.15	9517835	477.045013
  128.25	9518122	477.049988
  129.49	9518407	477.054993
  128.25	9518693	477.059998
  128.70	9518978	477.065002
  128.70	9519265	477.070007
  128.70	9519549	477.075012
  128.25	9519836	477.079987
  129.49	9520121	477.084991
  128.25	9520408	477.089996
  129.15	9520692	477.095001
  128.25	9520979	477.100006
  129.15	9521264	477.105011
  127.80	9521551	477.109985
  129.95	9521836	477.114990
  128.25	9522122	477.119995
  129.15	9522407	477.125000
  127.80	9522694	477.130005
  128.70	9522979	477.135010
  128.25	9523266	477.140015
  129.15	9523551	477.144989
  129.04	9523837	477.149994
  129.15	9524122	477.154999
  127.80	9524409	477.160004
  129.15	9524694	477.165009
  128.70	9524980	477.170013
  128.70	9525266	477.174988
  129.04	9525552	477.179993
  128.70	9525837	477.184998
  127.80	9526124	477.190002
  129.15	9526408	477.195007
  128.25	9526695	477.200012
  128.70	9526980	477.204987
  129.04	9527267	477.209991
  129.15	9527551	477.214996
  128.25	9527838	477.220001
  128.70	9528123	477.225006
  128.25	9528409	477.230011
  128.70	9528694	477.234985
  129.04	9528980	477.239990
  128.70	9529265	477.244995
  128.25	9529551	477.250000
  128.70	9529836	477.255005
  128.25	9530122	477.260010
  129.15	9530407	477.265015
  127.80	9530693	477.269989
  129.95	9530978	477.274994
  127.80	9531265	477.279999
  128.70	9531549	477.285004
  128.25	9531835	477.290009
  129.15	9532120	477.295013
  127.80	9532406	477.299988
  129.49	9532691	477.304993
  128.25	9532977	477.309998
  128.70	9533261	477.315002
  128.25	9533548	477.320007
  128.70	9533833	477.325012
  127.80	9534119	477.329987
  129.95	9534403	477.334991
  127.80	9534689	477.339996
  129.15	9534974	477.345001
  127.80	9535261	477.350006
  128.70	9535545	477.355011
  128.25	9535831	477.359985
  129.49	9536116	477.364990
  128.25	9536402	477.369995
  128.70	9536687	477.375000
  127.80	9536973	477.380005
  129.15	9537257	477.385010
  127.80	9537544	477.390015
  128.70	9537828	477.394989
  128.59	9538115	477.399994
  129.15	9538399	477.404999
  127.80	9538685	477.410004
  129.15	9538970	477.415009
  128.25	9539257	477.420013
  128.70	9539542	477.424988
  129.04	9539828	477.429993
  128.70	9540112	477.434998
  128.25	9540399	477.440002
  128.70	9540684	477.445007
  128.25	9540971	477.450012
  129.15	9541255	477.454987
  129.04	9541541	477.459991
  128.70	9541827	477.464996
  128.25	9542113	477.470001
  128.70	9542398	477.475006
  128.25	9542684	477.480011
  129.15	9542969	477.484985
  128.59	9543256	477.489990
  129.15	9543541	477.494995
  128.25	9543827	477.500000
  128.70	9544112	477.505005
  128.25	9544398	477.510010
  129.15	9544683	477.515015
  127.80	9544970	477.519989
  129.95	9545255	477.524994
  128.25	9545541	477.529999
  129.15	9545826	477.535004
  128.25	9546113	477.540009
  128.70	9546398	477.545013
  128.25	9546684	477.549988
  129.95	9546969	477.554993
  128.25	9547256	477.559998
  128.70	9547541	477.565002
  128.25	9547828	477.570007
  128.70	9548112	477.575012
  128.25	9548399	477.579987
  129.95	9548684	477.584991
  127.80	9548971	477.589996
  129.15	9549256	477.595001
  128.25	9549542	477.600006
  129.15	9549827	477.605011
  128.25	9550114	477.609985
  129.95	9550397	477.614990
  126.90	9550684	477.619995
  129.15	9550969	477.625000
  128.25	9551255	477.630005
  129.15	9551540	477.635010
  127.80	9551827	477.640015
  129.15	9552112	477.644989
  129.49	9552399	477.649994
  128.70	9552684	477.654999
  128.25	9552971	477.660004
  129.15	9553256	477.665009
  127.80	9553542	477.670013
  128.70	9553827	477.674988
  129.49	9554113	477.679993
  128.70	9554398	477.684998
  128.25	9554685	477.690002
  128.70	9554970	477.695007
  128.25	9555256	477.700012
  129.15	9555541	477.704987
  129.04	9555828	477.709991
  128.70	9556113	477.714996
  128.25	9556399	477.720001
  128.70	9556684	477.725006
  128.25	9556971	477.730011
  128.70	9557256	477.734985
  129.04	9557543	477.739990
  129.15	9557827	477.744995
  128.25	9558114	477.750000
  128.70	9558399	477.755005
  128.25	9558686	477.760010
  128.70	9558971	477.765015
  128.25	9559257	477.769989
  129.95	9559542	477.774994
  127.80	9559829	477.779999
  128.70	9560114	477.785004
  127.80	9560400	477.790009
  129.15	9560685	477.795013
  128.70	9560971	477.799988
  129.49	9561256	477.804993
  127.80	9561543	477.809998
  128.70	9561828	477.815002
  128.25	9562114	477.820007
  129.15	9562399	477.825012
  128.25	9562686	477.829987
  129.49	9562971	477.834991
  128.25	9563257	477.839996
  128.70	9563542	477.845001
  128.25	9563828	477.850006
  129.15	9564113	477.855011
  127.80	9564400	477.859985
  129.95	9564684	477.864990
  128.25	9564971	477.869995
  128.70	9565256	477.875000
  128.25	9565542	477.880005
  128.70	9565827	477.885010
  127.80	9566114	477.890015
  129.15	9566398	477.894989
  129.04	9566685	477.899994
  128.70	9566970	477.904999
  128.25	9567256	477.910004
  128.70	9567539	477.915009
  127.35	9567825	477.920013
  128.70	9568111	477.924988
  129.04	9568397	477.929993
  128.70	9568682	477.934998
  128.25	9568968	477.940002
  129.15	9569253	477.945007
  128.25	9569540	477.950012
  128.70	9569825	477.954987
  128.59	9570112	477.959991
  129.15	9570396	477.964996
  128.25	9570683	477.970001
  128.70	9570968	477.975006
  128.25	9571255	477.980011
  129.15	9571540	477.984985
  129.04	9571826	477.989990
  129.15	9572111	477.994995
  127.80	9572398	478.000000
  128.70	9572683	478.005005
  128.25	9572969	478.010010
  129.15	9573254	478.015015
  128.25	9573541	478.019989
  129.95	9573826	478.024994
  127.80	9574113	478.029999
  129.15	9574398	478.035004
  128.70	9574684	478.040009
  128.70	9574970	478.045013
  128.25	9575256	478.049988
  129.49	9575542	478.054993
  128.70	9575828	478.059998
  129.15	9576113	478.065002
  128.25	9576400	478.070007
  129.15	9576685	478.075012
  127.80	9576972	478.079987
  129.95	9577257	478.084991
  128.70	9577544	478.089996
  129.15	9577829	478.095001
  128.25	9578116	478.100006
  129.15	9578402	478.105011
  128.25	9578688	478.109985
  129.95	9578973	478.114990
  128.25	9579260	478.119995
  129.15	9579546	478.125000
  128.25	9579832	478.130005
  128.70	9580117	478.135010
  128.25	9580404	478.140015
  129.15	9580690	478.144989
  129.04	9580976	478.149994
  128.70	9581261	478.154999
  128.70	9581548	478.160004
  128.70	9581833	478.165009
  128.25	9582120	478.170013
  128.70	9582405	478.174988
  128.59	9582692	478.179993
  129.15	9582977	478.184998
  128.70	9583264	478.190002
  128.70	9583549	478.195007
  128.25	9583836	478.200012
  129.15	9584121	478.204987
  129.04	9584407	478.209991
  129.15	9584692	478.214996
  128.25	9584979	478.220001
  128.70	9585264	478.225006
  128.70	9585551	478.230011
  128.70	9585836	478.234985
  129.04	9586122	478.239990
  128.70	9586408	478.244995
  128.25	9586694	478.250000
  128.70	9586979	478.255005
  128.70	9587266	478.260010
  128.70	9587551	478.265015
  128.25	9587838	478.269989
  129.95	9588123	478.274994
  128.25	9588409	478.279999
  129.15	9588694	478.285004
  127.80	9588980	478.290009
  129.15	9589265	478.295013
  127.80	9589552	478.299988
  129.95	9589836	478.304993
  128.25	9590123	478.309998
  128.70	9590408	478.315002
  128.25	9590694	478.320007
  128.70	9590979	478.325012
  128.25	9591265	478.329987
  129.49	9591549	478.334991
  128.25	9591836	478.339996
  128.70	9592121	478.345001
  128.25	9592407	478.350006
  128.70	9592692	478.355011
  128.25	9592978	478.359985
  129.49	9593263	478.364990
  128.25	9593549	478.369995
  128.70	9593834	478.375000
  128.25	9594120	478.380005
  128.70	9594405	478.385010
  128.25	9594692	478.390015
  129.15	9594977	478.394989
  128.59	9595263	478.399994
  129.15	9595548	478.404999
  128.25	9595834	478.410004
  128.70	9596119	478.415009
  128.25	9596406	478.420013
  129.15	9596691	478.424988
  129.04	9596977	478.429993
  129.15	9597262	478.434998
  127.80	9597549	478.440002
  129.15	9597834	478.445007
  128.25	9598121	478.450012
  129.15	9598405	478.454987
  129.04	9598692	478.459991
  129.15	9598977	478.464996
  127.80	9599264	478.470001
  129.15	9599548	478.475006
  128.25	9599833	478.480011
  128.25	9600118	478.484985
  128.59	9600405	478.489990
  129.15	9600689	478.494995
  128.25	9600976	478.500000
  128.70	9601260	478.505005
  128.25	9601547	478.510010
  128.70	9601830	478.515015
  127.35	9602116	478.519989
  129.95	9602401	478.524994
  128.25	9602688	478.529999
  128.70	9602973	478.535004
  127.80	9603260	478.540009
  129.15	9603544	478.545013
  128.25	9603831	478.549988
  129.95	9604116	478.554993
  128.25	9604403	478.559998
  128.70	9604688	478.565002
  128.25	9604974	478.570007
  129.15	9605259	478.575012
  128.25	9605546	478.579987
  129.49	9605831	478.584991
  128.25	9606118	478.589996
  129.15	9606402	478.595001
  128.25	9606689	478.600006
  129.15	9606974	478.605011
  127.80	9607261	478.609985
  129.95	9607546	478.614990
  128.25	9607832	478.619995
  129.15	9608117	478.625000
  128.25	9608404	478.630005
  128.70	9608689	478.635010
  128.25	9608975	478.640015
  128.70	9609260	478.644989
  129.49	9609547	478.649994
  128.70	9609832	478.654999
  127.80	9610119	478.660004
  129.15	9610404	478.665009
  128.25	9610690	478.670013
  128.70	9610975	478.674988
  129.04	9611262	478.679993
  129.15	9611547	478.684998
  127.80	9611833	478.690002
  128.70	9612118	478.695007
  128.25	9612404	478.700012
  129.15	9612689	478.704987
  128.59	9612976	478.709991
  128.70	9613261	478.714996
  128.25	9613547	478.720001
  129.15	9613832	478.725006
  127.80	9614119	478.730011
  129.15	9614404	478.734985
  129.04	9614690	478.739990
  128.70	9614975	478.744995
  128.25	9615261	478.750000
  128.25	9615547	478.755005
  128.25	9615833	478.760010
  129.15	9616118	478.765015
  128.25	9616404	478.769989
  129.49	9616689	478.774994
  128.25	9616975	478.779999
  128.70	9617260	478.785004
  128.25	9617546	478.790009
  128.70	9617830	478.795013
  128.25	9618117	478.799988
  129.49	9618402	478.804993
  127.80	9618688	478.809998
  129.15	9618972	478.815002
  128.25	9619259	478.820007
  128.70	9619544	478.825012
  127.80	9619830	478.829987
  129.95	9620114	478.834991
  127.80	9620401	478.839996
  128.70	9620685	478.845001
  128.25	9620972	478.850006
  128.70	9621257	478.855011
  127.80	9621543	478.859985
  129.49	9621827	478.864990
  128.25	9622114	478.869995
  128.70	9622399	478.875000
  127.80	9622685	478.880005
  129.15	9622970	478.885010
  128.25	9623256	478.890015
  129.15	9623541	478.894989
  128.59	9623827	478.899994
  128.70	9624112	478.904999
  128.25	9624398	478.910004
  129.15	9624683	478.915009
  128.25	9624969	478.920013
  128.70	9625254	478.924988
  129.04	9625541	478.929993
  128.70	9625825	478.934998
  128.25	9626112	478.940002
  128.70	9626397	478.945007
  128.25	9626683	478.950012
  128.70	9626968	478.954987
  129.04	9627254	478.959991
  128.70	9627539	478.964996
  128.25	9627825	478.970001
  129.15	9628110	478.975006
  127.80	9628397	478.980011
  129.15	9628681	478.984985
  129.04	9628968	478.989990
  128.70	9629253	478.994995
  128.25	9629539	479.000000
  128.70	9629824	479.005005
  128.25	9630110	479.010010
  129.15	9630395	479.015015
  128.25	9630682	479.019989
  129.49	9630967	479.024994
  128.25	9631254	479.029999
  129.15	9631538	479.035004
  128.25	9631825	479.040009
  129.15	9632110	479.045013
  127.80	9632397	479.049988
  129.95	9632682	479.054993
  128.70	9632969	479.059998
  128.70	9633254	479.065002
  128.25	9633541	479.070007
  129.15	9633826	479.075012
  128.25	9634112	479.079987
  129.95	9634397	479.084991
  128.25	9634684	479.089996
  129.15	9634970	479.095001
  127.80	9635256	479.100006
  128.70	9635541	479.105011
  128.25	9635828	479.109985
  129.95	9636113	479.114990
  128.25	9636400	479.119995
  128.70	9636685	479.125000
  128.70	9636972	479.130005
  129.15	9637257	479.135010
  128.25	9637544	479.140015
  128.70	9637829	479.144989
  129.04	9638116	479.149994
  129.15	9638401	479.154999
  128.25	9638687	479.160004
  129.15	9638973	479.165009
  128.25	9639259	479.170013
  128.70	9639544	479.174988
  129.49	9639831	479.179993
  129.15	9640116	479.184998
  127.80	9640403	479.190002
  128.70	9640688	479.195007
  128.25	9640975	479.200012
  129.15	9641260	479.204987
  129.04	9641546	479.209991
  129.15	9641832	479.214996
  128.25	9642118	479.220001
  128.70	9642403	479.225006
  128.70	9642690	479.230011
  129.15	9642975	479.234985
  128.59	9643262	479.239990
  128.70	9643547	479.244995
  128.70	9643834	479.250000
  128.70	9644119	479.255005
  128.25	9644406	479.260010
  129.15	9644691	479.265015
  127.80	9644977	479.269989
  129.49	9645262	479.274994
  128.25	9645548	479.279999
  129.15	9645833	479.285004
  128.25	9646120	479.290009
  128.70	9646405	479.295013
  128.25	9646691	479.299988
  129.95	9646976	479.304993
  127.80	9647263	479.309998
  129.15	9647548	479.315002
  127.80	9647834	479.320007
  129.15	9648119	479.325012
  128.25	9648405	479.329987
  129.95	9648690	479.334991
  127.80	9648977	479.339996
  128.70	9649261	479.345001
  127.80	9649547	479.350006
  129.15	9649832	479.355011
  128.25	9650119	479.359985
  129.49	9650404	479.364990
  128.25	9650690	479.369995
  129.15	9650975	479.375000
  127.80	9651262	479.380005
  129.15	9651547	479.385010
  127.80	9651833	479.390015
  129.15	9652118	479.394989
  129.49	9652405	479.399994
  128.70	9652690	479.404999
  128.25	9652977	479.410004
  129.15	9653262	479.415009
  128.70	9653549	479.420013
  128.70	9653834	479.424988
  129.49	9654121	479.429993
  128.70	9654406	479.434998
  128.70	9654693	479.440002
  129.15	9654978	479.445007
  128.25	9655265	479.450012
  129.15	9655551	479.454987
  129.49	9655838	479.459991
  128.70	9656123	479.464996
  128.70	9656410	479.470001
  129.15	9656696	479.475006
  128.25	9656983	479.480011
  129.15	9657268	479.484985
  129.04	9657555	479.489990
  129.15	9657840	479.494995
  128.70	9658127	479.500000
  129.15	9658413	479.505005
  128.25	9658700	479.510010
  129.15	9658985	479.515015
  128.70	9659272	479.519989
  129.95	9659557	479.524994
  128.25	9659845	479.529999
  129.15	9660130	479.535004
  128.70	9660417	479.540009
  128.70	9660702	479.545013
  128.70	9660989	479.549988
  129.95	9661275	479.554993
  128.25	9661562	479.559998
  129.15	9661847	479.565002
  128.70	9662134	479.570007
  129.15	9662420	479.575012
  128.25	9662707	479.579987
  129.95	9662992	479.584991
  128.70	9663279	479.589996
  129.15	9663564	479.595001
  128.25	9663851	479.600006
  129.15	9664137	479.605011
  128.25	9664424	479.609985
  129.95	9664709	479.614990
  128.70	9664996	479.619995
  129.15	9665282	479.625000
  128.25	9665569	479.630005
  129.15	9665854	479.635010
  128.25	9666140	479.640015
  129.15	9666426	479.644989
  129.49	9666713	479.649994
  128.70	9666998	479.654999
  128.25	9667285	479.660004
  129.15	9667570	479.665009
  128.25	9667857	479.670013
  129.15	9668143	479.674988
  129.04	9668430	479.679993
  129.15	9668715	479.684998
  128.70	9669002	479.690002
  128.70	9669287	479.695007
  128.70	9669574	479.700012
  128.70	9669859	479.704987
  129.04	9670146	479.709991
  129.60	9670431	479.714996
  128.25	9670718	479.720001
  129.15	9671004	479.725006
  128.25	9671291	479.730011
  129.15	9671576	479.734985
  129.04	9671862	479.739990
  129.15	9672148	479.744995
  128.25	9672435	479.750000
  129.15	9672720	479.755005
  128.25	9673006	479.760010
  129.15	9673291	479.765015
  128.25	9673578	479.769989
  129.95	9673863	479.774994
  128.25	9674150	479.779999
  128.70	9674435	479.785004
  128.70	9674722	479.790009
  128.70	9675007	479.795013
  128.25	9675294	479.799988
  129.95	9675579	479.804993
  128.25	9675865	479.809998
  129.15	9676150	479.815002
  128.25	9676437	479.820007
  129.15	9676722	479.825012
  127.80	9677009	479.829987
  129.95	9677294	479.834991
  128.70	9677581	479.839996
  128.70	9677866	479.845001
  128.25	9678153	479.850006
  129.15	9678438	479.855011
  128.25	9678725	479.859985
  129.95	9679010	479.864990
  128.70	9679297	479.869995
  128.70	9679582	479.875000
  128.25	9679869	479.880005
  129.15	9680154	479.885010
  128.25	9680440	479.890015
  129.15	9680726	479.894989
  128.59	9681012	479.899994
  128.70	9681297	479.904999
  128.70	9681584	479.910004
  128.70	9681869	479.915009
  128.25	9682156	479.920013
  129.15	9682441	479.924988
  129.04	9682727	479.929993
  129.15	9683012	479.934998
  128.25	9683299	479.940002
  128.70	9683584	479.945007
  128.70	9683871	479.950012
  128.70	9684156	479.954987
  129.04	9684442	479.959991
  129.15	9684728	479.964996
  128.25	9685015	479.970001
  129.15	9685300	479.975006
  128.25	9685586	479.980011
  128.70	9685871	479.984985
  129.49	9686158	479.989990
  128.70	9686443	479.994995
  128.25	9686729	480.000000
  129.15	9687014	480.005005
  128.25	9687301	480.010010
  128.70	9687586	480.015015
  128.25	9687873	480.019989
  129.49	9688158	480.024994
  128.70	9688444	480.029999
  129.15	9688729	480.035004
  127.80	9689016	480.040009
  129.15	9689299	480.045013
  127.35	9689586	480.049988
  129.95	9689871	480.054993
  128.25	9690157	480.059998
  129.15	9690443	480.065002
  128.25	9690729	480.070007
  128.70	9691014	480.075012
  128.25	9691301	480.079987
  129.49	9691586	480.084991
  128.70	9691873	480.089996
  128.70	9692158	480.095001
  128.25	9692445	480.100006
  129.15	9692730	480.105011
  128.25	9693017	480.109985
  129.95	9693302	480.114990
  128.25	9693589	480.119995
  129.15	9693874	480.125000
  128.70	9694161	480.130005
  128.70	9694446	480.135010
  128.25	9694733	480.140015
  129.15	9695018	480.144989
  129.04	9695305	480.149994
  129.60	9695590	480.154999
  128.25	9695877	480.160004
  128.70	9696162	480.165009
  128.25	9696448	480.170013
  129.15	9696733	480.174988
  129.04	9697020	480.179993
  128.70	9697305	480.184998
  128.25	9697592	480.190002
  129.15	9697877	480.195007
  128.25	9698163	480.200012
  129.15	9698448	480.204987
  129.04	9698733	480.209991
  127.80	9699018	480.214996
  128.25	9699305	480.220001
  129.15	9699590	480.225006
  128.25	9699876	480.230011
  128.70	9700161	480.234985
  129.04	9700448	480.239990
  128.70	9700733	480.244995
  128.25	9701019	480.250000
  129.15	9701304	480.255005
  127.80	9701591	480.260010
  129.15	9701876	480.265015
  128.25	9702162	480.269989
  129.95	9702447	480.274994
  128.25	9702734	480.279999
  128.70	9703019	480.285004
  127.80	9703303	480.290009
  128.25	9703588	480.295013
  128.25	9703874	480.299988
  129.49	9704159	480.304993
  127.80	9704446	480.309998
  129.15	9704731	480.315002
  128.25	9705017	480.320007
  128.70	9705302	480.325012
  127.80	9705588	480.329987
  129.49	9705873	480.334991
  128.25	9706160	480.339996
  129.15	9706444	480.345001
  128.25	9706731	480.350006
  128.70	9707016	480.355011
  128.25	9707302	480.359985
  129.49	9707587	480.364990
  128.25	9707873	480.369995
  129.15	9708158	480.375000
  128.25	9708445	480.380005
  128.70	9708730	480.385010
  128.25	9709016	480.390015
  129.15	9709301	480.394989
  129.04	9709588	480.399994
  128.70	9709873	480.404999
  128.25	9710160	480.410004
  129.15	9710445	480.415009
  128.70	9710732	480.420013
  128.70	9711017	480.424988
  129.04	9711304	480.429993
  129.15	9711589	480.434998
  128.25	9711876	480.440002
  129.15	9712161	480.445007
  128.25	9712448	480.450012
  129.15	9712733	480.454987
  129.04	9713020	480.459991
  129.15	9713304	480.464996
  128.25	9713591	480.470001
  129.15	9713877	480.475006
  128.25	9714163	480.480011
  128.70	9714448	480.484985
  129.49	9714735	480.489990
  129.15	9715020	480.494995
  128.25	9715307	480.500000
  129.15	9715593	480.505005
  128.25	9715879	480.510010
  129.15	9716164	480.515015
  128.25	9716451	480.519989
  129.95	9716737	480.524994
  128.25	9717024	480.529999
  128.70	9717309	480.535004
  128.70	9717595	480.540009
  129.15	9717880	480.545013
  128.25	9718168	480.549988
  129.95	9718453	480.554993
  128.25	9718740	480.559998
  129.15	9719025	480.565002
  128.70	9719312	480.570007
  128.70	9719597	480.575012
  128.25	9719884	480.579987
  129.95	9720169	480.584991
  128.25	9720456	480.589996
  129.15	9720741	480.595001
  127.80	9721028	480.600006
  128.70	9721313	480.605011
  128.25	9721600	480.609985
  129.95	9721885	480.614990
  128.25	9722172	480.619995
  129.15	9722457	480.625000
  128.25	9722744	480.630005
  128.70	9723029	480.635010
  128.70	9723315	480.640015
  128.70	9723601	480.644989
  129.04	9723888	480.649994
  129.15	9724173	480.654999
  128.25	9724459	480.660004
  129.15	9724744	480.665009
  128.25	9725031	480.670013
  128.70	9725316	480.674988
  129.04	9725603	480.679993
  129.15	9725888	480.684998
  128.25	9726174	480.690002
  129.15	9726460	480.695007
  128.25	9726746	480.700012
  128.70	9727031	480.704987
  129.49	9727318	480.709991
  129.15	9727603	480.714996
  128.25	9727890	480.720001
  128.70	9728175	480.725006
  128.25	9728461	480.730011
  129.15	9728746	480.734985
  129.04	9729033	480.739990
  128.70	9729318	480.744995
  128.25	9729604	480.750000
  128.70	9729889	480.755005
  128.25	9730175	480.760010
  129.15	9730460	480.765015
  127.80	9730746	480.769989
  129.49	9731031	480.774994
  128.70	9731317	480.779999
  128.70	9731602	480.785004
  128.25	9731889	480.790009
  128.70	9732174	480.795013
  127.80	9732460	480.799988
  129.95	9732744	480.804993
  128.25	9733031	480.809998
  128.70	9733316	480.815002
  128.25	9733602	480.820007
  128.70	9733887	480.825012
  128.25	9734173	480.829987
  129.95	9734458	480.834991
  127.80	9734744	480.839996
  128.70	9735029	480.845001
  127.80	9735316	480.850006
  129.15	9735600	480.855011
  128.25	9735887	480.859985
  129.49	9736172	480.864990
  128.25	9736458	480.869995
  129.15	9736743	480.875000
  127.80	9737030	480.880005
  129.15	9737315	480.885010
  128.25	9737601	480.890015
  128.70	9737886	480.894989
  129.04	9738173	480.899994
  129.15	9738458	480.904999
  128.25	9738744	480.910004
  129.15	9739029	480.915009
  127.80	9739316	480.920013
  129.15	9739600	480.924988
  129.04	9739887	480.929993
  128.70	9740172	480.934998
  128.25	9740458	480.940002
  128.70	9740743	480.945007
  128.25	9741029	480.950012
  129.15	9741314	480.954987
  128.59	9741601	480.959991
  128.70	9741886	480.964996
  128.25	9742172	480.970001
  128.70	9742457	480.975006
  128.70	9742743	480.980011
  128.70	9743029	480.984985
  129.04	9743315	480.989990
  128.70	9743600	480.994995
  128.70	9743887	481.000000
  128.70	9744172	481.005005
  128.25	9744458	481.010010
  129.15	9744744	481.015015
  127.80	9745030	481.019989
  129.95	9745315	481.024994
  128.25	9745601	481.029999
  129.15	9745887	481.035004
  128.25	9746173	481.040009
  128.70	9746458	481.045013
  128.70	9746745	481.049988
  129.95	9747030	481.054993
  127.80	9747317	481.059998
  129.15	9747602	481.065002
  128.25	9747889	481.070007
  129.15	9748173	481.075012
  128.25	9748460	481.079987
  129.95	9748746	481.084991
  127.80	9749032	481.089996
  128.70	9749317	481.095001
  128.25	9749604	481.100006
  128.70	9749889	481.105011
  128.25	9750176	481.109985
  129.95	9750461	481.114990
  128.25	9750747	481.119995
  129.15	9751032	481.125000
  128.25	9751319	481.130005
  128.70	9751604	481.135010
  128.25	9751890	481.140015
  129.15	9752175	481.144989
  129.04	9752462	481.149994
  128.70	9752747	481.154999
  128.25	9753034	481.160004
  129.15	9753319	481.165009
  128.25	9753605	481.170013
  129.15	9753890	481.174988
  129.04	9754177	481.179993
  128.70	9754462	481.184998
  128.25	9754748	481.190002
  129.15	9755033	481.195007
  128.25	9755320	481.200012
  128.70	9755605	481.204987
  129.04	9755891	481.209991
  128.70	9756174	481.214996
  127.80	9756461	481.220001
  128.70	9756746	481.225006
  128.25	9757032	481.230011
  128.70	9757317	481.234985
  129.04	9757603	481.239990
  129.15	9757888	481.244995
  128.25	9758175	481.250000
  128.70	9758460	481.255005
  128.25	9758746	481.260010
  128.70	9759031	481.265015
  128.25	9759317	481.269989
  129.95	9759602	481.274994
  127.80	9759889	481.279999
  128.70	9760173	481.285004
  128.25	9760459	481.290009
  128.70	9760744	481.295013
  128.25	9761031	481.299988
  129.49	9761316	481.304993
  127.80	9761602	481.309998
  129.15	9761887	481.315002
  128.25	9762173	481.320007
  128.70	9762458	481.325012
  128.25	9762745	481.329987
  129.49	9763030	481.334991
  128.25	9763316	481.339996
  129.15	9763601	481.345001
  127.80	9763888	481.350006
  129.15	9764173	481.355011
  127.80	9764459	481.359985
  129.95	9764744	481.364990
  128.70	9765030	481.369995
  128.70	9765316	481.375000
  128.25	9765602	481.380005
  128.70	9765887	481.385010
  128.25	9766173	481.390015
  129.15	9766459	481.394989
  129.04	9766745	481.399994
  128.70	9767031	481.404999
  128.70	9767317	481.410004
  128.70	9767602	481.415009
  128.70	9767889	481.420013
  128.70	9768174	481.424988
  128.59	9768461	481.429993
  129.15	9768746	481.434998
  128.70	9769033	481.440002
  129.15	9769318	481.445007
  128.25	9769606	481.450012
  129.15	9769891	481.454987
  129.04	9770178	481.459991
  129.60	9770463	481.464996
  128.25	9770750	481.470001
  129.15	9771036	481.475006
  128.25	9771323	481.480011
  129.60	9771608	481.484985
  129.04	9771895	481.489990
  129.15	9772181	481.494995
  128.25	9772468	481.500000
  129.15	9772753	481.505005
  128.70	9773040	481.510010
  129.15	9773326	481.515015
  128.70	9773613	481.519989
  129.95	9773899	481.524994
  128.25	9774185	481.529999
  129.15	9774471	481.535004
  128.70	9774758	481.540009
  129.15	9775044	481.545013
  128.25	9775331	481.549988
  129.95	9775616	481.554993
  128.70	9775903	481.559998
  129.15	9776189	481.565002
  128.25	9776476	481.570007
  129.15	9776761	481.575012
  128.70	9777048	481.579987
  129.95	9777334	481.584991
  128.25	9777621	481.589996
  128.70	9777906	481.595001
  128.70	9778193	481.600006
  129.15	9778479	481.605011
  128.25	9778765	481.609985
  129.95	9779051	481.614990
  128.25	9779338	481.619995
  129.15	9779623	481.625000
  128.25	9779910	481.630005
  129.15	9780195	481.635010
  128.25	9780482	481.640015
  129.15	9780767	481.644989
  129.04	9781053	481.649994
  129.15	9781338	481.654999
  128.25	9781625	481.660004
  128.70	9781910	481.665009
  128.25	9782197	481.670013
  129.15	9782481	481.674988
  129.04	9782768	481.679993
  128.70	9783053	481.684998
  128.25	9783339	481.690002
  128.70	9783625	481.695007
  128.70	9783911	481.700012
  129.15	9784196	481.704987
  128.59	9784482	481.709991
  129.15	9784768	481.714996
  127.80	9785054	481.720001
  129.15	9785339	481.725006
  128.25	9785625	481.730011
  129.15	9785910	481.734985
  128.59	9786196	481.739990
  128.70	9786481	481.744995
  128.25	9786767	481.750000
  128.70	9787051	481.755005
  128.25	9787338	481.760010
  128.70	9787623	481.765015
  127.80	9787909	481.769989
  129.49	9788193	481.774994
  128.25	9788479	481.779999
  129.15	9788764	481.785004
  127.80	9789051	481.790009
  128.70	9789335	481.795013
  128.25	9789621	481.799988
  129.95	9789906	481.804993
  127.80	9790192	481.809998
  128.25	9790477	481.815002
  128.25	9790764	481.820007
  129.15	9791048	481.825012
  128.25	9791335	481.829987
  129.49	9791620	481.834991
  128.25	9791906	481.839996
  128.70	9792191	481.845001
  128.25	9792475	481.850006
  128.25	9792760	481.855011
  127.80	9793046	481.859985
  129.49	9793331	481.864990
  128.25	9793617	481.869995
  128.70	9793902	481.875000
  128.70	9794188	481.880005
  128.70	9794474	481.885010
  128.25	9794760	481.890015
  128.70	9795045	481.894989
  129.04	9795331	481.899994
  129.15	9795616	481.904999
  128.25	9795903	481.910004
  128.70	9796188	481.915009
  128.25	9796474	481.920013
  129.15	9796759	481.924988
  129.04	9797046	481.929993
  128.70	9797331	481.934998
  128.25	9797618	481.940002
  129.15	9797902	481.945007
  128.25	9798189	481.950012
  129.15	9798474	481.954987
  128.59	9798761	481.959991
  129.15	9799046	481.964996
  128.25	9799332	481.970001
  129.15	9799617	481.975006
  128.25	9799904	481.980011
  128.70	9800189	481.984985
  129.04	9800476	481.989990
  129.15	9800761	481.994995
  128.25	9801047	482.000000
  129.15	9801333	482.005005
  128.25	9801620	482.010010
  128.70	9801904	482.015015
  128.25	9802191	482.019989
  129.95	9802476	482.024994
  128.25	9802763	482.029999
  128.70	9803048	482.035004
  127.80	9803335	482.040009
  129.15	9803620	482.045013
  128.25	9803906	482.049988
  129.95	9804192	482.054993
  128.25	9804478	482.059998
  129.15	9804763	482.065002
  128.25	9805050	482.070007
  128.70	9805335	482.075012
  128.25	9805622	482.079987
  129.49	9805907	482.084991
  128.25	9806193	482.089996
  129.15	9806478	482.095001
  128.25	9806765	482.100006
  129.15	9807051	482.105011
  128.25	9807337	482.109985
  129.95	9807622	482.114990
  128.25	9807909	482.119995
  128.70	9808194	482.125000
  128.25	9808481	482.130005
  128.70	9808766	482.135010
  128.25	9809052	482.140015
  129.15	9809337	482.144989
  129.04	9809624	482.149994
  128.70	9809909	482.154999
  127.80	9810196	482.160004
  129.15	9810481	482.165009
  128.70	9810767	482.170013
  128.70	9811053	482.174988
  129.04	9811340	482.179993
  129.15	9811625	482.184998
  128.25	9811911	482.190002
  129.15	9812196	482.195007
  128.25	9812481	482.200012
  127.80	9812766	482.204987
  129.04	9813052	482.209991
  128.70	9813337	482.214996
  128.70	9813623	482.220001
  128.70	9813909	482.225006
  127.80	9814195	482.230011
  129.15	9814479	482.234985
  129.04	9814766	482.239990
  129.15	9815051	482.244995
  127.80	9815337	482.250000
  128.70	9815622	482.255005
  127.80	9815908	482.260010
  129.15	9816193	482.265015
  128.25	9816480	482.269989
  129.49	9816765	482.274994
  128.25	9817051	482.279999
  128.70	9817336	482.285004
  128.25	9817622	482.290009
  129.15	9817908	482.295013
  128.25	9818194	482.299988
  129.49	9818479	482.304993
  128.25	9818765	482.309998
  128.70	9819050	482.315002
  128.25	9819337	482.320007
  128.70	9819622	482.325012
  128.25	9819909	482.329987
  129.95	9820194	482.334991
  128.25	9820480	482.339996
  129.15	9820766	482.345001
  128.25	9821052	482.350006
  128.70	9821337	482.355011
  128.70	9821624	482.359985
  129.95	9821909	482.364990
  128.25	9822196	482.369995
  128.70	9822481	482.375000
  128.25	9822768	482.380005
  129.60	9823053	482.385010
  128.25	9823340	482.390015
  129.15	9823626	482.394989
  129.04	9823912	482.399994
  129.15	9824197	482.404999
  128.25	9824484	482.410004
  129.15	9824769	482.415009
  128.25	9825056	482.420013
  128.70	9825341	482.424988
  129.49	9825628	482.429993
  129.15	9825913	482.434998
  128.25	9826200	482.440002
  129.15	9826486	482.445007
  127.80	9826772	482.450012
  129.15	9827057	482.454987
  129.04	9827344	482.459991
  129.15	9827630	482.464996
  128.25	9827917	482.470001
  129.15	9828202	482.475006
  128.25	9828489	482.480011
  129.60	9828774	482.484985
  129.04	9829061	482.489990
  128.70	9829347	482.494995
  128.70	9829633	482.500000
  129.15	9829919	482.505005
  128.70	9830206	482.510010
  128.70	9830491	482.515015
  127.80	9830778	482.519989
  129.95	9831064	482.524994
  128.25	9831350	482.529999
  129.15	9831636	482.535004
  128.70	9831923	482.540009
  129.15	9832209	482.545013
  128.25	9832495	482.549988
  129.95	9832781	482.554993
  128.25	9833068	482.559998
  129.15	9833354	482.565002
  128.70	9833640	482.570007
  129.15	9833926	482.575012
  128.25	9834212	482.579987
  129.95	9834498	482.584991
  128.25	9834785	482.589996
  129.15	9835068	482.595001
  127.80	9835355	482.600006
  128.70	9835640	482.605011
  128.70	9835927	482.609985
  129.49	9836212	482.614990
  128.25	9836499	482.619995
  129.15	9836784	482.625000
  128.25	9837071	482.630005
  128.70	9837356	482.635010
  127.80	9837643	482.640015
  129.15	9837929	482.644989
  129.49	9838215	482.649994
  129.15	9838500	482.654999
  128.25	9838788	482.660004
  129.15	9839073	482.665009
  128.25	9839360	482.670013
  129.15	9839645	482.674988
  129.49	9839932	482.679993
  128.70	9840217	482.684998
  128.25	9840504	482.690002
  128.70	9840789	482.695007
  128.70	9841076	482.700012
  129.15	9841361	482.704987
  129.04	9841648	482.709991
  128.70	9841933	482.714996
  128.70	9842220	482.720001
  129.15	9842505	482.725006
  128.25	9842792	482.730011
  129.15	9843077	482.734985
  128.59	9843364	482.739990
  129.15	9843649	482.744995
  128.70	9843936	482.750000
  128.70	9844221	482.755005
  128.25	9844508	482.760010
  128.70	9844793	482.765015
  128.25	9845080	482.769989
  129.95	9845365	482.774994
  128.25	9845652	482.779999
  128.70	9845937	482.785004
  128.70	9846224	482.790009
  128.70	9846509	482.795013
  128.70	9846796	482.799988
  129.95	9847082	482.804993
  128.25	9847369	482.809998
  129.15	9847654	482.815002
  128.25	9847941	482.820007
  129.60	9848226	482.825012
  128.25	9848514	482.829987
  129.95	9848799	482.834991
  128.25	9849086	482.839996
  129.15	9849372	482.845001
  128.70	9849659	482.850006
  129.15	9849945	482.855011
  128.25	9850232	482.859985
  129.95	9850517	482.864990
  128.70	9850804	482.869995
  129.15	9851090	482.875000
  128.25	9851377	482.880005
  129.15	9851663	482.885010
  128.25	9851950	482.890015
  129.60	9852235	482.894989
  129.49	9852523	482.899994
  129.15	9852809	482.904999
  128.25	9853096	482.910004
  129.60	9853382	482.915009
  128.70	9853669	482.920013
  129.15	9853955	482.924988
  129.49	9854242	482.929993
  129.15	9854528	482.934998
  128.70	9854815	482.940002
  129.15	9855101	482.945007
  128.70	9855389	482.950012
  129.15	9855675	482.954987
  129.49	9855962	482.959991
  129.15	9856248	482.964996
  129.15	9856535	482.970001
  129.15	9856821	482.975006
  128.25	9857109	482.980011
  129.15	9857395	482.984985
  129.49	9857682	482.989990
  129.15	9857968	482.994995
  129.15	9858256	483.000000
  129.15	9858542	483.005005
  128.70	9858830	483.010010
  129.60	9859116	483.015015
  128.70	9859404	483.019989
  130.40	9859690	483.024994
  128.70	9859976	483.029999
  128.70	9860262	483.035004
  128.70	9860550	483.040009
  129.60	9860836	483.045013
  128.70	9861124	483.049988
  130.40	9861410	483.054993
  128.70	9861698	483.059998
  129.60	9861984	483.065002
  129.15	9862272	483.070007
  129.15	9862558	483.075012
  128.70	9862846	483.079987
  130.40	9863132	483.084991
  128.70	9863418	483.089996
  128.70	9863704	483.095001
  128.70	9863992	483.100006
  129.60	9864278	483.105011
  128.70	9864566	483.109985
  129.95	9864852	483.114990
  128.70	9865139	483.119995
  129.60	9865426	483.125000
  128.25	9865713	483.130005
  129.60	9865999	483.135010
  128.70	9866287	483.140015
  129.60	9866573	483.144989
  129.49	9866861	483.149994
  129.15	9867147	483.154999
  129.15	9867434	483.160004
  129.15	9867720	483.165009
  129.15	9868008	483.170013
  129.15	9868294	483.174988
  129.49	9868582	483.179993
  129.60	9868868	483.184998
  128.70	9869156	483.190002
  129.60	9869442	483.195007
  128.70	9869730	483.200012
  129.15	9870016	483.204987
  129.49	9870303	483.209991
  129.60	9870589	483.214996
  129.15	9870877	483.220001
  129.15	9871163	483.225006
  128.70	9871451	483.230011
  129.60	9871737	483.234985
  129.49	9872024	483.239990
  129.60	9872310	483.244995
  128.25	9872598	483.250000
  129.60	9872884	483.255005
  128.70	9873172	483.260010
  129.60	9873458	483.265015
  128.70	9873746	483.269989
  130.40	9874032	483.274994
  128.70	9874320	483.279999
  129.60	9874606	483.285004
  128.70	9874894	483.290009
  129.60	9875180	483.295013
  129.15	9875468	483.299988
  129.95	9875755	483.304993
  129.15	9876043	483.309998
  129.60	9876329	483.315002
  129.15	9876617	483.320007
  129.60	9876904	483.325012
  128.70	9877192	483.329987
  130.40	9877479	483.334991
  129.15	9877767	483.339996
  129.60	9878053	483.345001
  128.70	9878342	483.350006
  129.60	9878629	483.355011
  128.70	9878917	483.359985
  130.85	9879203	483.364990
  129.15	9879492	483.369995
  129.60	9879779	483.375000
  128.70	9880067	483.380005
  129.60	9880353	483.385010
  129.15	9880641	483.390015
  129.60	9880928	483.394989
  129.49	9881216	483.399994
  129.60	9881503	483.404999
  129.15	9881790	483.410004
  129.60	9882077	483.415009
  128.70	9882365	483.420013
  129.60	9882652	483.424988
  129.49	9882940	483.429993
  129.60	9883226	483.434998
  129.15	9883514	483.440002
  129.60	9883800	483.445007
  128.70	9884088	483.450012
  129.60	9884374	483.454987
  129.49	9884662	483.459991
  129.60	9884948	483.464996
  128.70	9885236	483.470001
  129.60	9885523	483.475006
  129.15	9885811	483.480011
  129.15	9886097	483.484985
  129.95	9886385	483.489990
  130.05	9886672	483.494995
  128.70	9886960	483.500000
  129.60	9887246	483.505005
  128.70	9887534	483.510010
  129.60	9887821	483.515015
  129.15	9888109	483.519989
  129.95	9888395	483.524994
  128.70	9888683	483.529999
  129.60	9888970	483.535004
  129.15	9889258	483.540009
  129.60	9889544	483.545013
  129.15	9889833	483.549988
  129.95	9890119	483.554993
  128.70	9890407	483.559998
  129.60	9890694	483.565002
  128.70	9890982	483.570007
  129.60	9891269	483.575012
  128.70	9891557	483.579987
  130.85	9891843	483.584991
  129.15	9892131	483.589996
  129.15	9892418	483.595001
  129.15	9892706	483.600006
  129.60	9892992	483.605011
  128.70	9893280	483.609985
  130.40	9893566	483.614990
  128.70	9893854	483.619995
  129.60	9894141	483.625000
  128.70	9894428	483.630005
  129.60	9894715	483.635010
  129.15	9895003	483.640015
  129.60	9895289	483.644989
  129.49	9895577	483.649994
  129.60	9895863	483.654999
  128.70	9896151	483.660004
  129.60	9896437	483.665009
  129.15	9896725	483.670013
  129.15	9897012	483.674988
  129.49	9897299	483.679993
  129.60	9897585	483.684998
  129.15	9897873	483.690002
  129.15	9898159	483.695007
  128.25	9898446	483.700012
  129.60	9898732	483.704987
  129.49	9899019	483.709991
  129.15	9899305	483.714996
  128.25	9899592	483.720001
  129.60	9899878	483.725006
  128.25	9900165	483.730011
  128.70	9900450	483.734985
  129.04	9900738	483.739990
  129.15	9901023	483.744995
  128.25	9901310	483.750000
  129.60	9901596	483.755005
  128.70	9901883	483.760010
  128.70	9902168	483.765015
  128.70	9902455	483.769989
  129.49	9902741	483.774994
  128.70	9903028	483.779999
  129.60	9903313	483.785004
  128.25	9903600	483.790009
  129.15	9903886	483.795013
  128.25	9904173	483.799988
  129.95	9904458	483.804993
  128.25	9904745	483.809998
  129.15	9905031	483.815002
  128.25	9905318	483.820007
  129.15	9905603	483.825012
  128.25	9905890	483.829987
  130.40	9906175	483.834991
  128.25	9906462	483.839996
  129.15	9906748	483.845001
  128.25	9907035	483.850006
  129.60	9907320	483.855011
  128.25	9907608	483.859985
  129.95	9907893	483.864990
  128.70	9908181	483.869995
  129.15	9908466	483.875000
  128.70	9908753	483.880005
  129.15	9909039	483.885010
  128.70	9909326	483.890015
  129.15	9909612	483.894989
  129.04	9909899	483.899994
  129.60	9910184	483.904999
  128.25	9910472	483.910004
  129.15	9910758	483.915009
  128.70	9911045	483.920013
  129.15	9911330	483.924988
  129.49	9911617	483.929993
  129.15	9911903	483.934998
  128.25	9912190	483.940002
  129.15	9912476	483.945007
  128.70	9912763	483.950012
  129.60	9913048	483.954987
  129.49	9913336	483.959991
  129.15	9913622	483.964996
  128.25	9913909	483.970001
  129.60	9914195	483.975006
  128.25	9914482	483.980011
  129.60	9914768	483.984985
  129.49	9915055	483.989990
  129.15	9915341	483.994995
  128.70	9915629	484.000000
  129.60	9915914	484.005005
  128.25	9916202	484.010010
  129.60	9916488	484.015015
  128.70	9916776	484.019989
  129.95	9917062	484.024994
  128.70	9917349	484.029999
  129.60	9917636	484.035004
  128.25	9917923	484.040009
  129.60	9918209	484.045013
  128.70	9918497	484.049988
  130.40	9918783	484.054993
  129.15	9919071	484.059998
  129.15	9919357	484.065002
  128.70	9919645	484.070007
  129.15	9919931	484.075012
  129.15	9920218	484.079987
  129.95	9920504	484.084991
  128.70	9920792	484.089996
  129.60	9921078	484.095001
  128.70	9921366	484.100006
  129.60	9921652	484.105011
  129.15	9921940	484.109985
  129.95	9922227	484.114990
  128.70	9922515	484.119995
  130.05	9922801	484.125000
  128.70	9923089	484.130005
  129.60	9923375	484.135010
  128.70	9923663	484.140015
  129.60	9923949	484.144989
  129.95	9924237	484.149994
  129.60	9924524	484.154999
  128.70	9924812	484.160004
  129.60	9925099	484.165009
  129.15	9925387	484.170013
  129.15	9925673	484.174988
  129.95	9925961	484.179993
  129.60	9926247	484.184998
  128.70	9926535	484.190002
  129.60	9926821	484.195007
  128.70	9927108	484.200012
  129.60	9927395	484.204987
  129.49	9927682	484.209991
  129.15	9927969	484.214996
  128.70	9928256	484.220001
  129.60	9928542	484.225006
  128.70	9928829	484.230011
  129.15	9929116	484.234985
  129.49	9929403	484.239990
  129.60	9929689	484.244995
  128.70	9929976	484.250000
  129.60	9930262	484.255005
  128.25	9930550	484.260010
  129.15	9930836	484.265015
  128.70	9931123	484.269989
  130.40	9931408	484.274994
  128.70	9931696	484.279999
  129.15	9931982	484.285004
  128.70	9932270	484.290009
  129.15	9932555	484.295013
  128.70	9932843	484.299988
  130.40	9933129	484.304993
  128.70	9933417	484.309998
  129.15	9933703	484.315002
  129.15	9933990	484.320007
  129.15	9934276	484.325012
  128.70	9934564	484.329987
  130.40	9934850	484.334991
  128.70	9935138	484.339996
  129.15	9935423	484.345001
  128.70	9935711	484.350006
  129.60	9935997	484.355011
  128.70	9936284	484.359985
  129.95	9936570	484.364990
  128.70	9936858	484.369995
  129.60	9937143	484.375000
  128.25	9937431	484.380005
  129.60	9937717	484.385010
  128.70	9938004	484.390015
  129.15	9938290	484.394989
  129.49	9938577	484.399994
  129.60	9938863	484.404999
  128.25	9939151	484.410004
  129.15	9939436	484.415009
  128.70	9939724	484.420013
  129.60	9940009	484.424988
  129.04	9940297	484.429993
  129.60	9940583	484.434998
  128.25	9940870	484.440002
  129.60	9941155	484.445007
  128.25	9941442	484.450012
  129.15	9941728	484.454987
  129.04	9942015	484.459991
  129.60	9942301	484.464996
  128.70	9942588	484.470001
  129.15	9942873	484.475006
  128.25	9943161	484.480011
  129.15	9943447	484.484985
  129.49	9943733	484.489990
  129.15	9944019	484.494995
  128.70	9944306	484.500000
  129.15	9944592	484.505005
  128.25	9944879	484.510010
  129.60	9945165	484.515015
  128.25	9945452	484.519989
  130.40	9945737	484.524994
  128.25	9946025	484.529999
  129.15	9946310	484.535004
  128.70	9946597	484.540009
  129.15	9946883	484.545013
  128.70	9947168	484.549988
  129.04	9947454	484.554993
  128.25	9947740	484.559998
  129.15	9948026	484.565002
  128.70	9948313	484.570007
  128.70	9948598	484.575012
  128.70	9948885	484.579987
  129.49	9949171	484.584991
  128.70	9949458	484.589996
  129.15	9949743	484.595001
  128.25	9950030	484.600006
  129.15	9950316	484.605011
  128.25	9950603	484.609985
  129.95	9950888	484.614990
  128.70	9951175	484.619995
  129.15	9951460	484.625000
  128.25	9951747	484.630005
  129.15	9952033	484.635010
  128.25	9952319	484.640015
  129.15	9952605	484.644989
  129.49	9952892	484.649994
  128.70	9953178	484.654999
  127.80	9953464	484.660004
  129.15	9953749	484.665009
  128.25	9954036	484.670013
  129.15	9954322	484.674988
  129.04	9954609	484.679993
  128.70	9954894	484.684998
  128.70	9955180	484.690002
  129.15	9955465	484.695007
  128.25	9955753	484.700012
  129.15	9956038	484.704987
  129.04	9956325	484.709991
  129.15	9956610	484.714996
  128.25	9956896	484.720001
  129.15	9957182	484.725006
  128.25	9957469	484.730011
  129.15	9957753	484.734985
  129.04	9958040	484.739990
  129.15	9958325	484.744995
  128.25	9958612	484.750000
  128.70	9958898	484.755005
  128.25	9959184	484.760010
  129.15	9959469	484.765015
  128.25	9959756	484.769989
  129.95	9960042	484.774994
  128.25	9960329	484.779999
  129.15	9960614	484.785004
  128.70	9960900	484.790009
  128.70	9961186	484.795013
  128.25	9961473	484.799988
  129.49	9961758	484.804993
  128.25	9962045	484.809998
  129.15	9962330	484.815002
  128.25	9962617	484.820007
  128.70	9962903	484.825012
  128.70	9963189	484.829987
  129.95	9963474	484.834991
  128.25	9963761	484.839996
  129.15	9964047	484.845001
  128.25	9964334	484.850006
  129.15	9964619	484.855011
  128.25	9964905	484.859985
  129.95	9965191	484.864990
  128.25	9965478	484.869995
  129.15	9965763	484.875000
  128.25	9966050	484.880005
  129.15	9966335	484.885010
  128.25	9966622	484.890015
  128.70	9966907	484.894989
  129.49	9967194	484.899994
  128.70	9967479	484.904999
  128.70	9967766	484.910004
  129.15	9968052	484.915009
  128.25	9968339	484.920013
  129.15	9968624	484.924988
  129.49	9968911	484.929993
  128.70	9969196	484.934998
  128.70	9969483	484.940002
  129.15	9969769	484.945007
  128.25	9970056	484.950012
  129.15	9970341	484.954987
  129.49	9970628	484.959991
  129.15	9970914	484.964996
  128.25	9971201	484.970001
  129.15	9971486	484.975006
  128.70	9971773	484.980011
  129.15	9972058	484.984985
  129.04	9972346	484.989990
  129.15	9972631	484.994995
  128.25	9972918	485.000000
  129.60	9973203	485.005005
  128.70	9973490	485.010010
  128.70	9973776	485.015015
  128.25	9974063	485.019989
  129.95	9974348	485.024994
  128.25	9974635	485.029999
  129.15	9974921	485.035004
  128.25	9975208	485.040009
  129.15	9975493	485.045013
  128.70	9975780	485.049988
  129.49	9976065	485.054993
  128.70	9976352	485.059998
  129.15	9976638	485.065002
  128.25	9976925	485.070007
  129.15	9977210	485.075012
  128.25	9977497	485.079987
  130.40	9977782	485.084991
  128.25	9978069	485.089996
  129.15	9978355	485.095001
  128.25	9978641	485.100006
  129.15	9978927	485.105011
  128.25	9979214	485.109985
  129.95	9979499	485.114990
  128.70	9979786	485.119995
  129.15	9980072	485.125000
  128.70	9980359	485.130005
  129.15	9980644	485.135010
  128.25	9980932	485.140015
  129.15	9981217	485.144989
  129.49	9981504	485.149994
  129.15	9981789	485.154999
  128.25	9982077	485.160004
  129.15	9982362	485.165009
  128.25	9982649	485.170013
  129.15	9982934	485.174988
  129.49	9983221	485.179993
  129.15	9983506	485.184998
  128.25	9983793	485.190002
  128.70	9984078	485.195007
  128.70	9984365	485.200012
  129.15	9984650	485.204987
  129.04	9984937	485.209991
  129.15	9985223	485.214996
  127.80	9985509	485.220001
  129.15	9985794	485.225006
  128.25	9986081	485.230011
  129.15	9986367	485.234985
  129.04	9986653	485.239990
  129.15	9986939	485.244995
  128.25	9987225	485.250000
  129.15	9987510	485.255005
  128.25	9987798	485.260010
  129.15	9988083	485.265015
  128.25	9988370	485.269989
  129.95	9988655	485.274994
  128.25	9988942	485.279999
  129.15	9989227	485.285004
  128.25	9989514	485.290009
  129.15	9989799	485.295013
  128.70	9990086	485.299988
  129.49	9990371	485.304993
  128.70	9990658	485.309998
  129.15	9990943	485.315002
  128.25	9991230	485.320007
  129.15	9991515	485.325012
  128.25	9991802	485.329987
  129.95	9992088	485.334991
  128.25	9992375	485.339996
  129.15	9992660	485.345001
  128.70	9992947	485.350006
  129.15	9993233	485.355011
  128.25	9993520	485.359985
  129.95	9993805	485.364990
  128.70	9994092	485.369995
  128.70	9994377	485.375000
  128.25	9994664	485.380005
  129.15	9994950	485.385010
  128.25	9995237	485.390015
  129.15	9995522	485.394989
  129.49	9995809	485.399994
  129.15	9996095	485.404999
  128.25	9996382	485.410004
  129.15	9996667	485.415009
  128.70	9996954	485.420013
  129.15	9997239	485.424988
  129.04	9997527	485.429993
  129.15	9997812	485.434998
  128.25	9998099	485.440002
  129.60	9998384	485.445007
  128.70	9998672	485.450012
  129.15	9998957	485.454987
  129.04	9999244	485.459991
  129.15	9999530	485.464996
  128.25	9999817	485.470001
  129.15	10000102	485.475006
  130.50	10000389	485.480011
  129.15	10000675	485.484985
  129.04	10000961	485.489990
  129.60	10001247	485.494995
  128.25	10001534	485.500000
  129.15	10001819	485.505005
  128.25	10002106	485.510010
  129.15	10002391	485.515015
  128.70	10002678	485.519989
  129.49	10002964	485.524994
  128.70	10003251	485.529999
  129.15	10003536	485.535004
  128.25	10003823	485.540009
  129.15	10004108	485.545013
  128.70	10004395	485.549988
  129.49	10004681	485.554993
  128.25	10004968	485.559998
  129.60	10005253	485.565002
  128.25	10005539	485.570007
  129.15	10005825	485.575012
  128.25	10006112	485.579987
  129.95	10006397	485.584991
  128.25	10006684	485.589996
  129.60	10006969	485.595001
  128.25	10007256	485.600006
  128.70	10007542	485.605011
  127.80	10007829	485.609985
  129.95	10008114	485.614990
  128.25	10008401	485.619995
  129.15	10008686	485.625000
  128.25	10008973	485.630005
  129.15	10009258	485.635010
  128.25	10009545	485.640015
  129.15	10009830	485.644989
  129.04	10010117	485.649994
  129.15	10010402	485.654999
  128.25	10010689	485.660004
  129.15	10010974	485.665009
  128.25	10011260	485.670013
  128.70	10011546	485.674988
  129.04	10011832	485.679993
  129.15	10012117	485.684998
  128.25	10012403	485.690002
  128.70	10012688	485.695007
  127.80	10012975	485.700012
  129.15	10013260	485.704987
  129.04	10013547	485.709991
  129.15	10013832	485.714996
  128.25	10014118	485.720001
  128.70	10014404	485.725006
  128.25	10014690	485.730011
  129.15	10014975	485.734985
  129.04	10015262	485.739990
  129.15	10015547	485.744995
  128.25	10015834	485.750000
  128.70	10016119	485.755005
  128.25	10016405	485.760010
  129.60	10016690	485.765015
  127.80	10016977	485.769989
  129.95	10017263	485.774994
  128.70	10017549	485.779999
  128.70	10017835	485.785004
  128.70	10018121	485.790009
  129.15	10018407	485.795013
  128.25	10018694	485.799988
  129.95	10018979	485.804993
  128.25	10019266	485.809998
  129.15	10019551	485.815002
  128.70	10019839	485.820007
  128.70	10020124	485.825012
  127.80	10020411	485.829987
  129.95	10020696	485.834991
  128.25	10020983	485.839996
  129.15	10021268	485.845001
  128.25	10021555	485.850006
  129.15	10021841	485.855011
  128.70	10022127	485.859985
  129.95	10022413	485.864990
  128.25	10022700	485.869995
  129.15	10022985	485.875000
  128.25	10023270	485.880005
  128.25	10023555	485.885010
  128.70	10023842	485.890015
  128.70	10024128	485.894989
  129.49	10024415	485.899994
  129.15	10024700	485.904999
  128.25	10024987	485.910004
  129.15	10025272	485.915009
  128.25	10025559	485.920013
  128.70	10025845	485.924988
  129.49	10026132	485.929993
  129.15	10026417	485.934998
  128.25	10026704	485.940002
  129.15	10026990	485.945007
  128.25	10027277	485.950012
  129.15	10027562	485.954987
  129.49	10027849	485.959991
  129.15	10028135	485.964996
  128.25	10028422	485.970001
  129.60	10028707	485.975006
  128.25	10028994	485.980011
  129.15	10029279	485.984985
  129.49	10029567	485.989990
  128.70	10029852	485.994995
  128.25	10030139	486.000000
  129.15	10030424	486.005005
  128.70	10030712	486.010010
  129.15	10030997	486.015015
  128.25	10031284	486.019989
  129.95	10031569	486.024994
  128.25	10031856	486.029999
  129.60	10032142	486.035004
  128.25	10032429	486.040009
  129.15	10032715	486.045013
  128.25	10033001	486.049988
  130.40	10033287	486.054993
  128.25	10033574	486.059998
  129.15	10033859	486.065002
  128.25	10034146	486.070007
  129.15	10034431	486.075012
  128.25	10034718	486.079987
  130.40	10035004	486.084991
  127.80	10035291	486.089996
  129.15	10035576	486.095001
  128.70	10035863	486.100006
  129.15	10036148	486.105011
  128.70	10036436	486.109985
  129.49	10036721	486.114990
  128.70	10037008	486.119995
  129.15	10037293	486.125000
  128.25	10037580	486.130005
  129.15	10037866	486.135010
  128.25	10038153	486.140015
  129.15	10038439	486.144989
  129.49	10038725	486.149994
  129.15	10039011	486.154999
  128.25	10039298	486.160004
  129.15	10039584	486.165009
  128.25	10039871	486.170013
  129.60	10040156	486.174988
  129.04	10040443	486.179993
  128.70	10040729	486.184998
  128.70	10041016	486.190002
  129.15	10041301	486.195007
  128.25	10041588	486.200012
  129.15	10041874	486.204987
  129.04	10042161	486.209991
  129.15	10042446	486.214996
  128.25	10042733	486.220001
  129.60	10043019	486.225006
  128.25	10043306	486.230011
  129.15	10043592	486.234985
  129.04	10043879	486.239990
  129.60	10044164	486.244995
  128.70	10044451	486.250000
  128.70	10044737	486.255005
  128.70	10045024	486.260010
  129.15	10045310	486.265015
  128.25	10045597	486.269989
  130.40	10045882	486.274994
  128.25	10046169	486.279999
  129.15	10046455	486.285004
  128.25	10046742	486.290009
  129.15	10047028	486.295013
  128.70	10047315	486.299988
  129.95	10047601	486.304993
  128.70	10047888	486.309998
  129.15	10048174	486.315002
  128.70	10048461	486.320007
  129.15	10048746	486.325012
  128.70	10049034	486.329987
  129.95	10049319	486.334991
  128.25	10049606	486.339996
  129.15	10049892	486.345001
  128.70	10050179	486.350006
  129.15	10050465	486.355011
  128.25	10050753	486.359985
  130.40	10051038	486.364990
  128.25	10051325	486.369995
  129.60	10051611	486.375000
  128.70	10051899	486.380005
  129.15	10052185	486.385010
  128.70	10052472	486.390015
  129.15	10052758	486.394989
  129.49	10053045	486.399994
  129.15	10053331	486.404999
  128.70	10053619	486.410004
  129.60	10053905	486.415009
  128.70	10054192	486.420013
  129.15	10054478	486.424988
  129.04	10054765	486.429993
  128.70	10055051	486.434998
  128.70	10055339	486.440002
  129.60	10055624	486.445007
  128.70	10055912	486.450012
  129.15	10056198	486.454987
  129.49	10056486	486.459991
  129.15	10056771	486.464996
  129.15	10057059	486.470001
  129.15	10057345	486.475006
  128.25	10057632	486.480011
  129.15	10057918	486.484985
  129.49	10058205	486.489990
  129.15	10058491	486.494995
  128.25	10058778	486.500000
  129.15	10059064	486.505005
  128.70	10059351	486.510010
  129.15	10059637	486.515015
  128.70	10059924	486.519989
  129.95	10060210	486.524994
  128.70	10060497	486.529999