   26.10	22367537	916.630005
   25.20	22367595	916.635010
   27.00	22367653	916.640015
   25.20	22367710	916.645020
   27.00	22367768	916.650024
   25.20	22367826	916.655029
   26.10	22367884	916.659973
   26.42	22367942	916.664978
   26.10	22368000	916.669983
   26.10	22368057	916.674988
   25.20	22368115	916.679993
   27.00	22368173	916.684998
   25.20	22368231	916.690002
   27.00	22368288	916.695007
   25.20	22368346	916.700012
   27.00	22368404	916.705017
   25.20	22368462	916.710022
   26.10	22368519	916.715027
   26.10	22368578	916.719971
   26.42	22368635	916.724976
   26.10	22368693	916.729980
   26.10	22368751	916.734985
   26.10	22368809	916.739990
   25.20	22368866	916.744995
   27.00	22368924	916.750000
   25.20	22368982	916.755005
   26.10	22369040	916.760010
   26.10	22369098	916.765015
   26.10	22369156	916.770020
   26.10	22369213	916.775024
   26.10	22369271	916.780029
   26.10	22369329	916.784973
   25.51	22369387	916.789978
   27.00	22369445	916.794983
   25.20	22369503	916.799988
   27.00	22369560	916.804993
   25.20	22369618	916.809998
   27.00	22369676	916.815002
   25.20	22369734	916.820007
   26.10	22369792	916.825012
   26.10	22369850	916.830017
   26.10	22369907	916.835022
   26.10	22369965	916.840027
   25.20	22370023	916.844971
   27.33	22370081	916.849976
   25.20	22370139	916.854980
   27.00	22370197	916.859985
   25.20	22370254	916.864990
   26.10	22370312	916.869995
   26.10	22370370	916.875000
   26.10	22370428	916.880005
   26.10	22370486	916.885010
   26.10	22370544	916.890015
   26.10	22370601	916.895020
   26.10	22370659	916.900024
   26.10	22370717	916.905029
   26.10	22370775	916.909973
   26.42	22370833	916.914978
   25.20	22370891	916.919983
   27.00	22370949	916.924988
   25.20	22371007	916.929993
   27.00	22371064	916.934998
   25.20	22371122	916.940002
   27.00	22371180	916.945007
   25.20	22371238	916.950012
   27.00	22371296	916.955017
   25.20	22371354	916.960022
   26.10	22371411	916.965027
   26.10	22371470	916.969971
   26.42	22371527	916.974976
   26.10	22371586	916.979980
   26.10	22371643	916.984985
   26.10	22371701	916.989990
   25.20	22371759	916.994995
   27.00	22371817	917.000000
   25.20	22371875	917.005005
   27.00	22371933	917.010010
   25.20	22371991	917.015015
   27.00	22372048	917.020020
   25.20	22372106	917.025024
   26.10	22372164	917.030029
   26.10	22372222	917.034973
   26.42	22372280	917.039978
   26.10	22372338	917.044983
   26.10	22372396	917.049988
   26.10	22372453	917.054993
   26.10	22372511	917.059998
   26.10	22372569	917.065002
   25.20	22372627	917.070007
   26.10	22372685	917.075012
   25.20	22372743	917.080017
   27.00	22372800	917.085022
   25.20	22372858	917.090027
   27.00	22372916	917.094971
   25.51	22372974	917.099976
   27.00	22373032	917.104980
   25.20	22373090	917.109985
   26.10	22373147	917.114990
   26.10	22373205	917.119995
   26.10	22373263	917.125000
   26.10	22373321	917.130005
   26.10	22373379	917.135010
   26.10	22373437	917.140015
   25.20	22373494	917.145020
   27.00	22373552	917.150024
   25.20	22373610	917.155029
   26.10	22373668	917.159973
   26.42	22373726	917.164978
   26.10	22373784	917.169983
   26.10	22373841	917.174988
   26.10	22373899	917.179993
   26.10	22373957	917.184998
   25.20	22374015	917.190002
   27.00	22374073	917.195007
   25.20	22374131	917.200012
   27.00	22374188	917.205017
   25.20	22374246	917.210022
   26.10	22374304	917.215027
   26.10	22374362	917.219971
   26.42	22374419	917.224976
   26.10	22374477	917.229980
   26.10	22374535	917.234985
   26.10	22374593	917.239990
   25.20	22374650	917.244995
   27.00	22374708	917.250000
   25.20	22374766	917.255005
   26.10	22374824	917.260010
   26.10	22374881	917.265015
   25.20	22374939	917.270020
   27.00	22374996	917.275024
   25.20	22375054	917.280029
   27.00	22375112	917.284973
   25.51	22375170	917.289978
   26.10	22375227	917.294983
   26.10	22375285	917.299988
   25.20	22375342	917.304993
   27.00	22375400	917.309998
   25.20	22375458	917.315002
   26.10	22375516	917.320007
   26.10	22375573	917.325012
   26.10	22375631	917.330017
   26.10	22375689	917.335022
   25.20	22375746	917.340027
   27.00	22375804	917.344971
   25.51	22375862	917.349976
   27.00	22375920	917.354980
   25.20	22375978	917.359985
   26.10	22376035	917.364990
   26.10	22376093	917.369995
   25.20	22376150	917.375000
   27.00	22376208	917.380005
   25.20	22376266	917.385010
   26.10	22376324	917.390015
   26.10	22376381	917.395020
   26.10	22376439	917.400024
   26.10	22376497	917.405029
   25.20	22376555	917.409973
   27.33	22376612	917.414978
   25.20	22376670	917.419983
   27.00	22376728	917.424988
   25.20	22376785	917.429993
   26.10	22376843	917.434998
   26.10	22376901	917.440002
   25.20	22376959	917.445007
   27.00	22377017	917.450012
   25.20	22377074	917.455017
   26.10	22377132	917.460022
   26.10	22377189	917.465027
   26.10	22377247	917.469971
   26.42	22377305	917.474976
   25.20	22377363	917.479980
   27.00	22377420	917.484985
   25.20	22377478	917.489990
   26.10	22377535	917.494995
   26.10	22377593	917.500000
   25.20	22377650	917.505005
   27.00	22377708	917.510010
   25.20	22377766	917.515015
   26.10	22377823	917.520020
   26.10	22377880	917.525024
   25.20	22377938	917.530029
   26.10	22377995	917.534973
   26.42	22378053	917.539978
   25.20	22378110	917.544983
   27.00	22378168	917.549988
   25.20	22378225	917.554993
   25.20	22378283	917.559998
   27.00	22378340	917.565002
   25.20	22378397	917.570007
   26.10	22378455	917.575012
   26.10	22378512	917.580017
   25.20	22378569	917.585022
   25.20	22378627	917.590027
   27.00	22378684	917.594971
   25.51	22378741	917.599976
   26.10	22378799	917.604980
   26.10	22378856	917.609985
   25.20	22378913	917.614990
   25.20	22378971	917.619995
   27.00	22379028	917.625000
   25.20	22379085	917.630005
   26.10	22379143	917.635010
   26.10	22379200	917.640015
   25.20	22379257	917.645020
   26.10	22379315	917.650024
   26.10	22379372	917.655029
   25.20	22379430	917.659973
   26.42	22379487	917.664978
   26.10	22379545	917.669983
   25.20	22379602	917.674988
   26.10	22379660	917.679993
   26.10	22379717	917.684998
   25.20	22379775	917.690002
   27.00	22379832	917.695007
   25.20	22379890	917.700012
   26.10	22379947	917.705017
   26.10	22380004	917.710022
   25.20	22380062	917.715027
   26.10	22380119	917.719971
   26.42	22380177	917.724976
   25.20	22380235	917.729980
   27.00	22380292	917.734985
   25.20	22380349	917.739990
   25.20	22380406	917.744995
   27.00	22380464	917.750000
   25.20	22380522	917.755005
   26.10	22380579	917.760010
   26.10	22380637	917.765015
   25.20	22380694	917.770020
   26.10	22380751	917.775024
   26.10	22380809	917.780029
   26.10	22380867	917.784973
   26.42	22380924	917.789978
   25.20	22380982	917.794983
   26.10	22381039	917.799988
   26.10	22381097	917.804993
   25.20	22381154	917.809998
   27.00	22381212	917.815002
   25.20	22381269	917.820007
   26.10	22381327	917.825012
   26.10	22381385	917.830017
   25.20	22381442	917.835022
   26.10	22381499	917.840027
   26.10	22381557	917.844971
   25.51	22381615	917.849976
   27.00	22381672	917.854980
   25.20	22381730	917.859985
   26.10	22381787	917.864990
   26.10	22381845	917.869995
   25.20	22381902	917.875000
   27.00	22381960	917.880005
   25.20	22382017	917.885010
   26.10	22382075	917.890015
   26.10	22382133	917.895020
   25.20	22382190	917.900024
   26.10	22382248	917.905029
   26.10	22382305	917.909973
   26.42	22382363	917.914978
   26.10	22382421	917.919983
   25.20	22382478	917.924988
   26.10	22382536	917.929993
   26.10	22382593	917.934998
   25.20	22382651	917.940002
   27.00	22382708	917.945007
   25.20	22382766	917.950012
   26.10	22382824	917.955017
   26.10	22382881	917.960022
   25.20	22382939	917.965027
   27.00	22382996	917.969971
   25.51	22383054	917.974976
   26.10	22383112	917.979980
   26.10	22383169	917.984985
   25.20	22383227	917.989990
   27.00	22383284	917.994995
   25.20	22383342	918.000000
   26.10	22383399	918.005005
   26.10	22383457	918.010010
   25.20	22383515	918.015015
   27.00	22383572	918.020020
   25.20	22383629	918.025024
   26.10	22383687	918.030029
   26.10	22383745	918.034973
   25.51	22383803	918.039978
   27.00	22383860	918.044983
   25.20	22383918	918.049988
   26.10	22383975	918.054993
   26.10	22384033	918.059998
   25.20	22384091	918.065002
   27.00	22384148	918.070007
   25.20	22384206	918.075012
   26.10	22384264	918.080017
   26.10	22384321	918.085022
   26.10	22384379	918.090027
   26.10	22384437	918.094971
   25.51	22384494	918.099976
   27.00	22384552	918.104980
   25.20	22384610	918.109985
   26.10	22384667	918.114990
   26.10	22384725	918.119995
   26.10	22384783	918.125000
   26.10	22384841	918.130005
   25.20	22384898	918.135010
   27.00	22384956	918.140015
   25.20	22385014	918.145020
   26.10	22385071	918.150024
   26.10	22385129	918.155029
   26.10	22385187	918.159973
   26.42	22385245	918.164978
   25.20	22385302	918.169983
   27.00	22385360	918.174988
   25.20	22385418	918.179993
   26.10	22385475	918.184998
   26.10	22385533	918.190002
   26.10	22385591	918.195007
   26.10	22385649	918.200012
   25.20	22385706	918.205017
   27.00	22385764	918.210022
   25.20	22385822	918.215027
   26.10	22385880	918.219971
   26.42	22385937	918.224976
   26.10	22385995	918.229980
   26.10	22386053	918.234985
   25.20	22386111	918.239990
   27.00	22386168	918.244995
   25.20	22386226	918.250000
   26.10	22386284	918.255005
   26.10	22386342	918.260010
   26.10	22386399	918.265015
   26.10	22386457	918.270020
   25.20	22386515	918.275024
   27.00	22386573	918.280029
   25.20	22386630	918.284973
   27.33	22386688	918.289978
   25.20	22386746	918.294983
   26.10	22386804	918.299988
   26.10	22386861	918.304993
   26.10	22386919	918.309998
   26.10	22386977	918.315002
   25.20	22387035	918.320007
   27.00	22387093	918.325012
   25.20	22387151	918.330017
   27.00	22387208	918.335022
   25.20	22387266	918.340027
   27.00	22387324	918.344971
   25.51	22387382	918.349976
   26.10	22387440	918.354980
   26.10	22387497	918.359985
   26.10	22387555	918.364990
   26.10	22387613	918.369995
   25.20	22387671	918.375000
   27.00	22387729	918.380005
   25.20	22387786	918.385010
   27.00	22387844	918.390015
   25.20	22387902	918.395020
   26.10	22387960	918.400024
   26.10	22388018	918.405029
   26.10	22388076	918.409973
   26.42	22388134	918.414978
   26.10	22388192	918.419983
   26.10	22388249	918.424988
   26.10	22388307	918.429993
   26.10	22388365	918.434998
   25.20	22388423	918.440002
   27.00	22388481	918.445007
   25.20	22388539	918.450012
   27.00	22388596	918.455017
   25.20	22388654	918.460022
   27.00	22388712	918.465027
   25.20	22388770	918.469971
   27.33	22388828	918.474976
   25.20	22388886	918.479980
   26.10	22388944	918.484985
   26.10	22389002	918.489990
   26.10	22389059	918.494995
   26.10	22389117	918.500000
   26.10	22389175	918.505005
   26.10	22389233	918.510010
   26.10	22389291	918.515015
   26.10	22389349	918.520020
   25.20	22389406	918.525024
   27.00	22389464	918.530029
   25.20	22389522	918.534973
   27.33	22389580	918.539978
   25.20	22389638	918.544983
   26.10	22389696	918.549988
   26.10	22389753	918.554993
   26.10	22389812	918.559998
   26.10	22389869	918.565002
   26.10	22389927	918.570007
   26.10	22389985	918.575012
   26.10	22390043	918.580017
   26.10	22390101	918.585022
   25.20	22390159	918.590027
   27.00	22390216	918.594971
   25.51	22390274	918.599976
   27.00	22390332	918.604980
   25.20	22390390	918.609985
   27.00	22390448	918.614990
   25.20	22390506	918.619995
   26.10	22390564	918.625000
   26.10	22390622	918.630005
   26.10	22390679	918.635010
   26.10	22390737	918.640015
   26.10	22390795	918.645020
   26.10	22390853	918.650024
   25.20	22390911	918.655029
   27.00	22390969	918.659973
   25.51	22391027	918.664978
   27.00	22391084	918.669983
   25.20	22391142	918.674988
   27.00	22391200	918.679993
   25.20	22391258	918.684998
   26.10	22391316	918.690002
   26.10	22391374	918.695007
   26.10	22391432	918.700012
   26.10	22391490	918.705017
   26.10	22391547	918.710022
   26.10	22391605	918.715027
   26.10	22391663	918.719971
   26.42	22391721	918.724976
   26.10	22391779	918.729980
   26.10	22391837	918.734985
   25.20	22391895	918.739990
   27.00	22391953	918.744995
   25.20	22392011	918.750000
   27.00	22392068	918.755005
   25.20	22392127	918.760010
   27.00	22392184	918.765015
   25.20	22392242	918.770020
   27.00	22392300	918.775024
   25.20	22392358	918.780029
   27.00	22392416	918.784973
   25.51	22392474	918.789978
   27.00	22392532	918.794983
   25.20	22392590	918.799988
   27.00	22392648	918.804993
   25.20	22392706	918.809998
   27.00	22392764	918.815002
   25.20	22392822	918.820007
   27.00	22392880	918.825012
   25.20	22392938	918.830017
   26.10	22392996	918.835022
   26.10	22393054	918.840027
   27.00	22393112	918.844971
   25.51	22393170	918.849976
   27.00	22393228	918.854980
   25.20	22393286	918.859985
   26.10	22393343	918.864990
   26.10	22393402	918.869995
   26.10	22393459	918.875000
   26.10	22393518	918.880005
   26.10	22393575	918.885010
   26.10	22393633	918.890015
   26.10	22393691	918.895020
   26.10	22393749	918.900024
   26.10	22393807	918.905029
   26.10	22393865	918.909973
   26.42	22393923	918.914978
   26.10	22393981	918.919983
   25.20	22394039	918.924988
   27.00	22394096	918.929993
   25.20	22394154	918.934998
   27.00	22394212	918.940002
   25.20	22394270	918.945007
   27.00	22394328	918.950012
   25.20	22394386	918.955017
   26.10	22394444	918.960022
   26.10	22394501	918.965027
   26.10	22394559	918.969971
   26.42	22394617	918.974976
   26.10	22394675	918.979980
   26.10	22394733	918.984985
   25.20	22394791	918.989990
   27.00	22394848	918.994995
   25.20	22394906	919.000000
   27.00	22394964	919.005005
   25.20	22395022	919.010010
   27.00	22395080	919.015015
   25.20	22395138	919.020020
   26.10	22395195	919.025024
   26.10	22395253	919.030029
   26.10	22395311	919.034973
   26.42	22395369	919.039978
   26.10	22395427	919.044983
   26.10	22395485	919.049988
   25.20	22395542	919.054993
   27.00	22395600	919.059998
   25.20	22395658	919.065002
   27.00	22395716	919.070007
   25.20	22395774	919.075012
   26.10	22395832	919.080017
   26.10	22395889	919.085022
   26.10	22395947	919.090027
   26.10	22396005	919.094971
   25.51	22396063	919.099976
   27.00	22396121	919.104980
   25.20	22396179	919.109985
   27.00	22396236	919.114990
   25.20	22396294	919.119995
   27.00	22396352	919.125000
   25.20	22396410	919.130005
   26.10	22396468	919.135010
   26.10	22396526	919.140015
   26.10	22396583	919.145020
   26.10	22396641	919.150024
   26.10	22396699	919.155029
   26.10	22396757	919.159973
   25.51	22396815	919.164978
   27.00	22396873	919.169983
   25.20	22396930	919.174988
   27.00	22396988	919.179993
   25.20	22397046	919.184998
   26.10	22397104	919.190002
   26.10	22397162	919.195007
   26.10	22397220	919.200012
   26.10	22397277	919.205017
   26.10	22397335	919.210022
   26.10	22397393	919.215027
   25.20	22397451	919.219971
   27.33	22397509	919.224976
   25.20	22397567	919.229980
   27.00	22397624	919.234985
   25.20	22397682	919.239990
   27.00	22397740	919.244995
   25.20	22397798	919.250000
   26.10	22397856	919.255005
   26.10	22397914	919.260010
   26.10	22397971	919.265015
   26.10	22398029	919.270020
   26.10	22398087	919.275024
   26.10	22398145	919.280029
   26.10	22398203	919.284973
   26.42	22398261	919.289978
   25.20	22398319	919.294983
   27.00	22398376	919.299988
   25.20	22398434	919.304993
   27.00	22398492	919.309998
   25.20	22398550	919.315002
   27.00	22398608	919.320007
   25.20	22398666	919.325012
   26.10	22398724	919.330017
   26.10	22398781	919.335022
   26.10	22398839	919.340027
   26.10	22398897	919.344971
   26.42	22398955	919.349976
   26.10	22399013	919.354980
   25.20	22399071	919.359985
   27.00	22399128	919.364990
   25.20	22399187	919.369995
   27.00	22399244	919.375000
   25.20	22399302	919.380005
   27.00	22399360	919.385010
   25.20	22399418	919.390015
   26.10	22399475	919.395020
   26.10	22399534	919.400024
   26.10	22399591	919.405029
   26.10	22399649	919.409973
   26.42	22399707	919.414978
   26.10	22399765	919.419983
   25.20	22399823	919.424988
   27.00	22399881	919.429993
   25.20	22399938	919.434998
   27.00	22399996	919.440002
   25.20	22400054	919.445007
   27.00	22400112	919.450012
   25.20	22400170	919.455017
   26.10	22400228	919.460022
   26.10	22400286	919.465027
   26.10	22400344	919.469971
   26.42	22400402	919.474976
   26.10	22400459	919.479980
   26.10	22400517	919.484985
   25.20	22400575	919.489990
   27.00	22400633	919.494995
   25.20	22400691	919.500000
   27.00	22400749	919.505005
   25.20	22400807	919.510010
   27.00	22400864	919.515015
   25.20	22400922	919.520020
   27.00	22400980	919.525024
   25.20	22401038	919.530029
   27.00	22401096	919.534973
   25.51	22401154	919.539978
   27.00	22401212	919.544983
   25.20	22401270	919.549988
   26.10	22401327	919.554993
   26.10	22401385	919.559998
   26.10	22401443	919.565002
   26.10	22401501	919.570007
   26.10	22401559	919.575012
   26.10	22401617	919.580017
   25.20	22401675	919.585022
   27.00	22401733	919.590027
   25.20	22401790	919.594971
   27.33	22401849	919.599976
   25.20	22401906	919.604980
   27.00	22401964	919.609985
   25.20	22402022	919.614990
   26.10	22402080	919.619995
   26.10	22402137	919.625000
   26.10	22402196	919.630005
   26.10	22402253	919.635010
   26.10	22402311	919.640015
   26.10	22402368	919.645020
   25.20	22402427	919.650024
   27.00	22402484	919.655029
   25.20	22402542	919.659973
   27.33	22402600	919.664978
   25.20	22402658	919.669983
   26.10	22402715	919.674988
   26.10	22402773	919.679993
   26.10	22402831	919.684998
   26.10	22402889	919.690002
   25.20	22402946	919.695007
   27.00	22403004	919.700012
   25.20	22403062	919.705017
   26.10	22403120	919.710022
   26.10	22403177	919.715027
   26.10	22403235	919.719971
   26.42	22403293	919.724976
   25.20	22403351	919.729980
   27.00	22403408	919.734985
   25.20	22403466	919.739990
   27.00	22403524	919.744995
   25.20	22403582	919.750000
   26.10	22403639	919.755005
   26.10	22403697	919.760010
   25.20	22403755	919.765015
   27.00	22403812	919.770020
   25.20	22403870	919.775024
   26.10	22403928	919.780029
   26.10	22403986	919.784973
   26.42	22404043	919.789978
   26.10	22404101	919.794983
   25.20	22404159	919.799988
   27.00	22404216	919.804993
   25.20	22404274	919.809998
   27.00	22404332	919.815002
   25.20	22404390	919.820007
   26.10	22404447	919.825012
   26.10	22404505	919.830017
   25.20	22404563	919.835022
   27.00	22404620	919.840027
   25.20	22404678	919.844971
   27.33	22404736	919.849976
   25.20	22404794	919.854980
   26.10	22404851	919.859985
   26.10	22404909	919.864990
   25.20	22404967	919.869995
   27.00	22405024	919.875000
   25.20	22405082	919.880005
   26.10	22405139	919.885010
   26.10	22405197	919.890015
   25.20	22405255	919.895020
   27.00	22405313	919.900024
   25.20	22405370	919.905029
   26.10	22405428	919.909973
   26.42	22405485	919.914978
   26.10	22405543	919.919983
   26.10	22405600	919.924988
   25.20	22405658	919.929993
   26.10	22405716	919.934998
   26.10	22405773	919.940002
   26.10	22405831	919.945007
   26.10	22405888	919.950012
   25.20	22405946	919.955017
   26.10	22406003	919.960022
   26.10	22406061	919.965027
   25.20	22406118	919.969971
   27.33	22406176	919.974976
   25.20	22406233	919.979980
   25.20	22406290	919.984985
   27.00	22406348	919.989990
   25.20	22406405	919.994995
   25.20	22406463	920.000000
   27.00	22406520	920.005005
   25.20	22406577	920.010010
   26.10	22406635	920.015015
   26.10	22406692	920.020020
   25.20	22406749	920.025024
   25.20	22406807	920.030029
   27.00	22406864	920.034973
   25.51	22406922	920.039978
   26.10	22406979	920.044983
   26.10	22407036	920.049988
   25.20	22407093	920.054993
   26.10	22407151	920.059998
   26.10	22407208	920.065002
   25.20	22407266	920.070007
   26.10	22407323	920.075012
   26.10	22407380	920.080017
   25.20	22407438	920.085022
   26.10	22407495	920.090027
   26.10	22407552	920.094971
   25.51	22407610	920.099976
   26.10	22407667	920.104980
   26.10	22407725	920.109985
   25.20	22407782	920.114990
   26.10	22407840	920.119995
   26.10	22407897	920.125000
   25.20	22407955	920.130005
   27.00	22408012	920.135010
   25.20	22408070	920.140015
   26.10	22408127	920.145020
   26.10	22408185	920.150024
   25.20	22408242	920.155029
   26.10	22408300	920.159973
   26.42	22408357	920.164978
   25.20	22408415	920.169983
   27.00	22408472	920.174988
   25.20	22408530	920.179993
   26.10	22408587	920.184998
   26.10	22408645	920.190002
   25.20	22408702	920.195007
   26.10	22408759	920.200012
   26.10	22408817	920.205017
   25.20	22408874	920.210022
   27.00	22408932	920.215027
   25.20	22408989	920.219971
   26.42	22409047	920.224976
   26.10	22409105	920.229980
   25.20	22409162	920.234985
   26.10	22409219	920.239990
   26.10	22409277	920.244995
   25.20	22409335	920.250000
   27.00	22409392	920.255005
   25.20	22409450	920.260010
   26.10	22409507	920.265015
   26.10	22409564	920.270020
   25.20	22409622	920.275024
   26.10	22409680	920.280029
   26.10	22409737	920.284973
   25.51	22409795	920.289978
   27.00	22409852	920.294983
   25.20	22409909	920.299988
   26.10	22409967	920.304993
   26.10	22410025	920.309998
   25.20	22410082	920.315002
   26.10	22410140	920.320007
   26.10	22410197	920.325012
   25.20	22410255	920.330017
   27.00	22410312	920.335022
   25.20	22410370	920.340027
   26.10	22410427	920.344971
   26.42	22410485	920.349976
   25.20	22410542	920.354980
   27.00	22410600	920.359985
   25.20	22410657	920.364990
   26.10	22410715	920.369995
   26.10	22410772	920.375000
   25.20	22410830	920.380005
   27.00	22410888	920.385010
   25.20	22410945	920.390015
   26.10	22411003	920.395020
   26.10	22411061	920.400024
   25.20	22411118	920.405029
   26.10	22411176	920.409973
   26.42	22411233	920.414978
   26.10	22411291	920.419983
   26.10	22411348	920.424988
   25.20	22411406	920.429993
   26.10	22411463	920.434998
   26.10	22411521	920.440002
   26.10	22411579	920.445007
   26.10	22411636	920.450012
   25.20	22411694	920.455017
   26.10	22411751	920.460022
   26.10	22411809	920.465027
   25.20	22411867	920.469971
   27.33	22411924	920.474976
   25.20	22411982	920.479980
   26.10	22412039	920.484985
   26.10	22412097	920.489990
   25.20	22412155	920.494995
   27.00	22412212	920.500000
   25.20	22412270	920.505005
   26.10	22412328	920.510010
   26.10	22412385	920.515015
   25.20	22412443	920.520020
   27.00	22412501	920.525024
   25.20	22412558	920.530029
   27.00	22412616	920.534973
   25.51	22412674	920.539978
   26.10	22412731	920.544983
   26.10	22412789	920.549988
   25.20	22412847	920.554993
   27.00	22412904	920.559998
   25.20	22412962	920.565002
   27.00	22413020	920.570007
   25.20	22413077	920.575012
   26.10	22413135	920.580017
   26.10	22413193	920.585022
   25.20	22413251	920.590027
   27.00	22413308	920.594971
   25.51	22413366	920.599976
   27.00	22413424	920.604980
   25.20	22413482	920.609985
   26.10	22413539	920.614990
   26.10	22413597	920.619995
   25.20	22413655	920.625000
   27.00	22413713	920.630005
   25.20	22413770	920.635010
   27.00	22413828	920.640015
   25.20	22413885	920.645020
   26.10	22413943	920.650024
   26.10	22414001	920.655029
   25.20	22414059	920.659973
   27.33	22414117	920.664978
   25.20	22414174	920.669983
   27.00	22414232	920.674988
   25.20	22414290	920.679993
   26.10	22414347	920.684998
   26.10	22414405	920.690002
   26.10	22414463	920.695007
   26.10	22414521	920.700012
   25.20	22414578	920.705017
   26.10	22414636	920.710022
   26.10	22414694	920.715027
   26.10	22414752	920.719971
   26.42	22414809	920.724976
   26.10	22414867	920.729980
   26.10	22414925	920.734985
   25.20	22414983	920.739990
   27.00	22415040	920.744995
   25.20	22415098	920.750000
   27.00	22415156	920.755005
   25.20	22415214	920.760010
   26.10	22415271	920.765015
   26.10	22415329	920.770020
   26.10	22415387	920.775024
   26.10	22415445	920.780029
   25.20	22415503	920.784973
   27.33	22415560	920.789978
   25.20	22415618	920.794983
   26.10	22415676	920.799988
   26.10	22415734	920.804993
   26.10	22415791	920.809998
   26.10	22415849	920.815002
   26.10	22415907	920.820007
   26.10	22415965	920.825012
   25.20	22416023	920.830017
   27.00	22416080	920.835022
   25.20	22416138	920.840027
   27.00	22416196	920.844971
   25.51	22416254	920.849976
   27.00	22416312	920.854980
   25.20	22416370	920.859985
   26.10	22416427	920.864990
   26.10	22416486	920.869995
   26.10	22416543	920.875000
   26.10	22416601	920.880005
   26.10	22416659	920.885010
   26.10	22416717	920.890015
   25.20	22416775	920.895020
   27.00	22416833	920.900024
   25.20	22416890	920.905029
   27.00	22416949	920.909973
   25.51	22417006	920.914978
   27.00	22417064	920.919983
   25.20	22417122	920.924988
   26.10	22417180	920.929993
   26.10	22417238	920.934998
   26.10	22417296	920.940002
   26.10	22417354	920.945007
   26.10	22417412	920.950012
   26.10	22417469	920.955017
   26.10	22417527	920.960022
   26.10	22417585	920.965027
   25.20	22417643	920.969971
   27.33	22417701	920.974976
   25.20	22417759	920.979980
   27.00	22417816	920.984985
   25.20	22417874	920.989990
   27.00	22417932	920.994995
   25.20	22417990	921.000000
   27.00	22418048	921.005005
   25.20	22418106	921.010010
   26.10	22418163	921.015015
   26.10	22418221	921.020020
   26.10	22418279	921.025024
   26.10	22418337	921.030029
   26.10	22418395	921.034973
   26.42	22418453	921.039978
   26.10	22418511	921.044983
   26.10	22418569	921.049988
   25.20	22418627	921.054993
   27.00	22418685	921.059998
   25.20	22418742	921.065002
   27.00	22418800	921.070007
   25.20	22418858	921.075012
   26.10	22418916	921.080017
   26.10	22418974	921.085022
   26.10	22419032	921.090027
   26.10	22419089	921.094971
   26.42	22419148	921.099976
   26.10	22419205	921.104980
   26.10	22419263	921.109985
   26.10	22419321	921.114990
   25.20	22419379	921.119995
   27.00	22419437	921.125000
   25.20	22419495	921.130005
   27.00	22419552	921.135010
   25.20	22419610	921.140015
   27.00	22419668	921.145020
   25.20	22419726	921.150024
   26.10	22419784	921.155029
   26.10	22419842	921.159973
   26.42	22419899	921.164978
   26.10	22419957	921.169983
   26.10	22420015	921.174988
   26.10	22420073	921.179993
   26.10	22420131	921.184998
   26.10	22420189	921.190002
   26.10	22420247	921.195007
   26.10	22420305	921.200012
   25.20	22420363	921.205017
   27.00	22420421	921.210022
   25.20	22420479	921.215027
   27.00	22420537	921.219971
   25.51	22420595	921.224976
   27.00	22420653	921.229980
   25.20	22420710	921.234985
   27.00	22420768	921.239990
   25.20	22420826	921.244995
   27.00	22420884	921.250000
   25.20	22420942	921.255005
   27.00	22421000	921.260010
   25.20	22421058	921.265015
   26.10	22421116	921.270020
   26.10	22421174	921.275024
   26.10	22421232	921.280029
   26.10	22421290	921.284973
   26.42	22421348	921.289978
   26.10	22421406	921.294983
   26.10	22421464	921.299988
   26.10	22421522	921.304993
   26.10	22421580	921.309998
   26.10	22421638	921.315002
   26.10	22421696	921.320007
   26.10	22421753	921.325012
   26.10	22421811	921.330017
   26.10	22421869	921.335022
   26.10	22421927	921.340027
   26.10	22421985	921.344971
   26.42	22422043	921.349976
   26.10	22422101	921.354980
   25.20	22422159	921.359985
   27.00	22422217	921.364990
   25.20	22422275	921.369995
   27.00	22422333	921.375000
   25.20	22422391	921.380005
   27.00	22422448	921.385010
   25.20	22422506	921.390015
   27.00	22422564	921.395020
   25.20	22422622	921.400024
   27.00	22422680	921.405029
   25.20	22422738	921.409973
   27.33	22422796	921.414978
   25.20	22422854	921.419983
   26.10	22422911	921.424988
   26.10	22422969	921.429993
   26.10	22423027	921.434998
   26.10	22423085	921.440002
   26.10	22423143	921.445007
   26.10	22423201	921.450012
   25.20	22423258	921.455017
   27.00	22423317	921.460022
   25.20	22423374	921.465027
   27.00	22423432	921.469971
   25.51	22423490	921.474976
   27.00	22423548	921.479980
   25.20	22423606	921.484985
   26.10	22423664	921.489990
   26.10	22423721	921.494995
   26.10	22423779	921.500000
   26.10	22423837	921.505005
   26.10	22423895	921.510010
   26.10	22423953	921.515015
   25.20	22424011	921.520020
   27.00	22424068	921.525024
   25.20	22424126	921.530029
   27.00	22424184	921.534973
   25.51	22424242	921.539978
   27.00	22424300	921.544983
   25.20	22424358	921.549988
   26.10	22424415	921.554993
   26.10	22424473	921.559998
   26.10	22424531	921.565002
   26.10	22424589	921.570007
   26.10	22424647	921.575012
   26.10	22424704	921.580017
   25.20	22424762	921.585022
   27.00	22424820	921.590027
   25.20	22424878	921.594971
   27.33	22424936	921.599976
   25.20	22424994	921.604980
   26.10	22425052	921.609985
   26.10	22425109	921.614990
   26.10	22425167	921.619995
   26.10	22425225	921.625000
   26.10	22425283	921.630005
   26.10	22425341	921.635010
   25.20	22425399	921.640015
   27.00	22425457	921.645020
   25.20	22425514	921.650024
   27.00	22425572	921.655029
   25.20	22425630	921.659973
   27.33	22425688	921.664978
   25.20	22425746	921.669983
   26.10	22425803	921.674988
   26.10	22425861	921.679993
   26.10	22425919	921.684998
   26.10	22425977	921.690002
   26.10	22426035	921.695007
   26.10	22426093	921.700012
   25.20	22426150	921.705017
   27.00	22426208	921.710022
   25.20	22426266	921.715027
   27.00	22426324	921.719971
   25.51	22426382	921.724976
   26.10	22426440	921.729980
   26.10	22426497	921.734985
   26.10	22426555	921.739990
   26.10	22426613	921.744995
   26.10	22426671	921.750000
   26.10	22426729	921.755005
   25.20	22426787	921.760010
   27.00	22426844	921.765015
   25.20	22426902	921.770020
   27.00	22426960	921.775024
   25.20	22427018	921.780029
   26.10	22427076	921.784973
   26.42	22427134	921.789978
   26.10	22427191	921.794983
   26.10	22427249	921.799988
   26.10	22427307	921.804993
   26.10	22427365	921.809998
   25.20	22427423	921.815002
   27.00	22427480	921.820007
   25.20	22427538	921.825012
   26.10	22427596	921.830017
   26.10	22427654	921.835022
   26.10	22427712	921.840027
   26.10	22427770	921.844971
   26.42	22427828	921.849976
   26.10	22427885	921.854980
   26.10	22427943	921.859985
   26.10	22428001	921.864990
   25.20	22428059	921.869995
   27.00	22428117	921.875000
   25.20	22428175	921.880005
   27.00	22428232	921.885010
   25.20	22428290	921.890015
   27.00	22428348	921.895020
   25.20	22428406	921.900024
   27.00	22428464	921.905029
   25.20	22428522	921.909973
   26.42	22428579	921.914978
   26.10	22428637	921.919983
   26.10	22428695	921.924988
   26.10	22428753	921.929993
   25.20	22428811	921.934998
   27.00	22428869	921.940002
   25.20	22428926	921.945007
   27.00	22428984	921.950012
   25.20	22429042	921.955017
   26.10	22429100	921.960022
   26.10	22429158	921.965027
   26.10	22429216	921.969971
   26.42	22429273	921.974976
   26.10	22429331	921.979980
   26.10	22429389	921.984985
   26.10	22429447	921.989990
   26.10	22429505	921.994995
   25.20	22429563	922.000000
   27.00	22429620	922.005005
   25.20	22429678	922.010010
   27.00	22429736	922.015015
   25.20	22429794	922.020020
   26.10	22429852	922.025024
   25.20	22429910	922.030029
   26.10	22429968	922.034973
   26.42	22430026	922.039978
   26.10	22430083	922.044983
   26.10	22430141	922.049988
   26.10	22430199	922.054993
   26.10	22430257	922.059998
   25.20	22430315	922.065002
   27.00	22430373	922.070007
   25.20	22430430	922.075012
   27.00	22430488	922.080017
   25.20	22430546	922.085022
   26.10	22430604	922.090027
   26.10	22430661	922.094971
   26.42	22430719	922.099976
   26.10	22430777	922.104980
   25.20	22430835	922.109985
   27.00	22430892	922.114990
   25.20	22430950	922.119995
   27.00	22431008	922.125000
   25.20	22431066	922.130005
   26.10	22431123	922.135010
   26.10	22431181	922.140015
   25.20	22431239	922.145020
   27.00	22431296	922.150024
   25.20	22431354	922.155029
   26.10	22431412	922.159973
   26.42	22431469	922.164978
   26.10	22431527	922.169983
   26.10	22431585	922.174988
   25.20	22431642	922.179993
   27.00	22431700	922.184998
   25.20	22431758	922.190002
   26.10	22431815	922.195007
   26.10	22431873	922.200012
   25.20	22431931	922.205017
   27.00	22431988	922.210022
   25.20	22432046	922.215027
   27.00	22432104	922.219971
   25.51	22432161	922.224976
   26.10	22432219	922.229980
   26.10	22432277	922.234985
   25.20	22432335	922.239990
   27.00	22432392	922.244995
   25.20	22432450	922.250000
   27.00	22432508	922.255005
   25.20	22432565	922.260010
   26.10	22432623	922.265015
   26.10	22432681	922.270020
   25.20	22432739	922.275024
   27.00	22432797	922.280029
   25.20	22432854	922.284973
   26.42	22432912	922.289978
   26.10	22432969	922.294983
   26.10	22433027	922.299988
   26.10	22433085	922.304993
   25.20	22433143	922.309998
   27.00	22433200	922.315002
   25.20	22433258	922.320007
   26.10	22433315	922.325012
   26.10	22433373	922.330017
   26.10	22433431	922.335022
   26.10	22433489	922.340027
   25.20	22433546	922.344971
   26.42	22433604	922.349976
   25.20	22433661	922.354980
   26.10	22433719	922.359985
   26.10	22433776	922.364990
   25.20	22433834	922.369995
   27.00	22433892	922.375000
   25.20	22433949	922.380005
   26.10	22434007	922.385010
   26.10	22434064	922.390015
   25.20	22434122	922.395020
   26.10	22434179	922.400024
   26.10	22434237	922.405029
   25.20	22434294	922.409973
   27.33	22434352	922.414978
   25.20	22434409	922.419983
   25.20	22434466	922.424988
   27.00	22434524	922.429993
   25.20	22434581	922.434998
   26.10	22434639	922.440002
   26.10	22434696	922.445007
   25.20	22434753	922.450012
   26.10	22434811	922.455017
   26.10	22434868	922.460022
   25.20	22434925	922.465027
   26.10	22434983	922.469971
   26.42	22435040	922.474976
   25.20	22435098	922.479980
   26.10	22435155	922.484985
   26.10	22435212	922.489990
   25.20	22435270	922.494995
   26.10	22435327	922.500000
   26.10	22435385	922.505005
   25.20	22435442	922.510010
   26.10	22435499	922.515015
   26.10	22435557	922.520020
   25.20	22435614	922.525024
   27.00	22435672	922.530029
   25.20	22435729	922.534973
   26.42	22435787	922.539978
   26.10	22435844	922.544983
   25.20	22435902	922.549988
   26.10	22435959	922.554993
   26.10	22436017	922.559998
   25.20	22436074	922.565002
   26.10	22436132	922.570007
   26.10	22436189	922.575012
   25.20	22436246	922.580017
   27.00	22436304	922.585022
   25.20	22436361	922.590027
   26.10	22436419	922.594971
   26.42	22436476	922.599976
   25.20	22436534	922.604980
   26.10	22436591	922.609985
   26.10	22436649	922.614990
   25.20	22436706	922.619995
   27.00	22436764	922.625000
   25.20	22436821	922.630005
   26.10	22436878	922.635010
   26.10	22436936	922.640015
   25.20	22436994	922.645020
   26.10	22437051	922.650024
   26.10	22437109	922.655029
   25.20	22437166	922.659973
   27.33	22437224	922.664978
   25.20	22437281	922.669983
   25.20	22437338	922.674988
   27.00	22437396	922.679993
   25.20	22437454	922.684998
   26.10	22437511	922.690002
   26.10	22437568	922.695007
   25.20	22437626	922.700012
   26.10	22437683	922.705017
   26.10	22437741	922.710022
   25.20	22437798	922.715027
   27.00	22437856	922.719971
   25.51	22437913	922.724976
   26.10	22437971	922.729980
   26.10	22438028	922.734985
   25.20	22438086	922.739990
   26.10	22438144	922.744995
   26.10	22438201	922.750000
   26.10	22438259	922.755005
   26.10	22438316	922.760010
   25.20	22438374	922.765015
   26.10	22438431	922.770020
   26.10	22438489	922.775024
   25.20	22438547	922.780029
   27.00	22438604	922.784973
   25.51	22438662	922.789978
   26.10	22438719	922.794983
   26.10	22438776	922.799988
   25.20	22438834	922.804993
   26.10	22438892	922.809998
   26.10	22438949	922.815002
   25.20	22439007	922.820007
   27.00	22439064	922.825012
   25.20	22439122	922.830017
   26.10	22439179	922.835022
   26.10	22439237	922.840027
   25.20	22439294	922.844971
   27.33	22439352	922.849976
   25.20	22439409	922.854980
   26.10	22439467	922.859985
   26.10	22439524	922.864990
   25.20	22439582	922.869995
   26.10	22439640	922.875000
   26.10	22439697	922.880005
   26.10	22439755	922.885010
   26.10	22439812	922.890015
   25.20	22439870	922.895020
   26.10	22439928	922.900024
   26.10	22439985	922.905029
   26.10	22440043	922.909973
   26.42	22440100	922.914978
   25.20	22440158	922.919983
   26.10	22440216	922.924988
   26.10	22440273	922.929993
   26.10	22440331	922.934998
   26.10	22440389	922.940002
   25.20	22440446	922.945007
   27.00	22440504	922.950012
   25.20	22440561	922.955017
   26.10	22440619	922.960022
   26.10	22440677	922.965027
   25.20	22440735	922.969971
   27.33	22440792	922.974976
   25.20	22440850	922.979980
   26.10	22440907	922.984985
   26.10	22440965	922.989990
   26.10	22441023	922.994995
   26.10	22441081	923.000000
   25.20	22441138	923.005005
   26.10	22441196	923.010010
   26.10	22441253	923.015015
   26.10	22441311	923.020020
   26.10	22441369	923.025024
   25.20	22441427	923.030029
   27.00	22441484	923.034973
   25.51	22441542	923.039978
   26.10	22441599	923.044983
   26.10	22441657	923.049988
   25.20	22441715	923.054993
   27.00	22441773	923.059998
   25.20	22441830	923.065002
   26.10	22441888	923.070007
   26.10	22441945	923.075012
   26.10	22442003	923.080017
   26.10	22442061	923.085022
   25.20	22442119	923.090027
   27.00	22442176	923.094971
   25.51	22442234	923.099976
   26.10	22442291	923.104980
   26.10	22442349	923.109985
   26.10	22442407	923.114990
   26.10	22442465	923.119995
   25.20	22442523	923.125000
   27.00	22442580	923.130005
   25.20	22442638	923.135010
   26.10	22442696	923.140015
   26.10	22442753	923.145020
   26.10	22442811	923.150024
   26.10	22442869	923.155029
   25.20	22442927	923.159973
   27.33	22442984	923.164978
   25.20	22443042	923.169983
   27.00	22443100	923.174988
   25.20	22443158	923.179993
   26.10	22443216	923.184998
   26.10	22443273	923.190002
   26.10	22443331	923.195007
   26.10	22443389	923.200012
   25.20	22443446	923.205017
   27.00	22443504	923.210022
   25.20	22443562	923.215027
   27.00	22443620	923.219971
   25.51	22443678	923.224976
   26.10	22443735	923.229980
   26.10	22443793	923.234985
   26.10	22443851	923.239990
   26.10	22443909	923.244995
   25.20	22443967	923.250000
   27.00	22444024	923.255005
   25.20	22444082	923.260010
   27.00	22444140	923.265015
   25.20	22444198	923.270020
   26.10	22444256	923.275024
   26.10	22444314	923.280029
   26.10	22444371	923.284973
   26.42	22444429	923.289978
   26.10	22444487	923.294983
   26.10	22444545	923.299988
   25.20	22444603	923.304993
   27.00	22444661	923.309998
   25.20	22444719	923.315002
   27.00	22444777	923.320007
   25.20	22444834	923.325012
   27.00	22444892	923.330017
   25.20	22444950	923.335022
   27.00	22445008	923.340027
   25.20	22445066	923.344971
   26.42	22445124	923.349976
   26.10	22445181	923.354980
   26.10	22445240	923.359985
   26.10	22445297	923.364990
   26.10	22445355	923.369995
   26.10	22445413	923.375000
   26.10	22445471	923.380005
   26.10	22445529	923.385010
   25.20	22445587	923.390015
   27.00	22445645	923.395020
   25.20	22445703	923.400024
   27.00	22445760	923.405029
   25.20	22445818	923.409973
   27.33	22445876	923.414978
   25.20	22445934	923.419983
   26.10	22445992	923.424988
   26.10	22446050	923.429993
   26.10	22446108	923.434998
   26.10	22446165	923.440002
   26.10	22446223	923.445007
   26.10	22446281	923.450012
   25.20	22446339	923.455017
   27.00	22446397	923.460022
   25.20	22446455	923.465027
   27.00	22446513	923.469971
   25.51	22446570	923.474976
   27.00	22446628	923.479980
   25.20	22446686	923.484985
   26.10	22446744	923.489990
   26.10	22446802	923.494995
   26.10	22446860	923.500000
   26.10	22446917	923.505005
   26.10	22446975	923.510010
   26.10	22447033	923.515015
   25.20	22447091	923.520020
   27.00	22447149	923.525024
   25.20	22447207	923.530029
   27.00	22447264	923.534973
   25.51	22447322	923.539978
   27.00	22447380	923.544983
   25.20	22447438	923.549988
   27.00	22447496	923.554993
   25.20	22447554	923.559998
   26.10	22447612	923.565002
   26.10	22447669	923.570007
   26.10	22447727	923.575012
   26.10	22447785	923.580017
   26.10	22447843	923.585022
   26.10	22447901	923.590027
   25.20	22447959	923.594971
   27.33	22448016	923.599976
   25.20	22448074	923.604980
   26.10	22448132	923.609985
   26.10	22448190	923.614990
   26.10	22448248	923.619995
   26.10	22448306	923.625000
   26.10	22448364	923.630005
   26.10	22448421	923.635010
   26.10	22448479	923.640015
   26.10	22448537	923.645020
   26.10	22448595	923.650024
   26.10	22448653	923.655029
   26.10	22448711	923.659973
   26.42	22448769	923.664978
   25.20	22448827	923.669983
   27.00	22448885	923.674988
   25.20	22448943	923.679993
   27.00	22449001	923.684998
   25.20	22449059	923.690002
   27.00	22449116	923.695007
   25.20	22449174	923.700012
   27.00	22449232	923.705017
   25.20	22449290	923.710022
   27.00	22449348	923.715027
   25.20	22449406	923.719971
   27.33	22449464	923.724976
   25.20	22449522	923.729980
   26.10	22449580	923.734985
   26.10	22449638	923.739990
   26.10	22449696	923.744995
   26.10	22449754	923.750000
   26.10	22449811	923.755005
   26.10	22449869	923.760010
   26.10	22449927	923.765015
   26.10	22449985	923.770020
   26.10	22450043	923.775024
   26.10	22450101	923.780029
   26.10	22450159	923.784973
   26.42	22450217	923.789978
   25.20	22450274	923.794983
   27.00	22450333	923.799988
   25.20	22450390	923.804993
   27.00	22450448	923.809998
   25.20	22450506	923.815002
   27.00	22450564	923.820007
   25.20	22450622	923.825012
   26.10	22450680	923.830017
   26.10	22450737	923.835022
   26.10	22450796	923.840027
   26.10	22450853	923.844971
   26.42	22450911	923.849976
   26.10	22450969	923.854980
   25.20	22451027	923.859985
   27.00	22451084	923.864990
   25.20	22451143	923.869995
   27.00	22451200	923.875000
   25.20	22451258	923.880005
   26.10	22451316	923.885010
   26.10	22451374	923.890015
   26.10	22451431	923.895020
   26.10	22451489	923.900024
   26.10	22451547	923.905029
   26.10	22451605	923.909973
   25.51	22451662	923.914978
   27.00	22451720	923.919983
   25.20	22451778	923.924988
   27.00	22451836	923.929993
   25.20	22451894	923.934998
   26.10	22451952	923.940002
   26.10	22452009	923.945007
   25.20	22452067	923.950012
   27.00	22452125	923.955017
   25.20	22452183	923.960022
   27.00	22452240	923.965027
   25.20	22452298	923.969971
   27.33	22452356	923.974976
   25.20	22452414	923.979980
   26.10	22452471	923.984985
   26.10	22452529	923.989990
   26.10	22452587	923.994995
   26.10	22452645	924.000000
   25.20	22452703	924.005005
   27.00	22452760	924.010010
   25.20	22452818	924.015015
   27.00	22452876	924.020020
   25.20	22452934	924.025024
   26.10	22452992	924.030029
   26.10	22453049	924.034973
   26.42	22453107	924.039978
   26.10	22453165	924.044983
   25.20	22453222	924.049988
   27.00	22453280	924.054993
   25.20	22453338	924.059998
   27.00	22453396	924.065002
   25.20	22453453	924.070007
   26.10	22453511	924.075012
   26.10	22453569	924.080017
   25.20	22453627	924.085022
   27.00	22453685	924.090027
   25.20	22453742	924.094971
   27.33	22453800	924.099976
   25.20	22453858	924.104980
   26.10	22453916	924.109985
   26.10	22453974	924.114990
   26.10	22454032	924.119995
   26.10	22454089	924.125000
   26.10	22454147	924.130005
   26.10	22454205	924.135010
   25.20	22454263	924.140015
   27.00	22454320	924.145020
   25.20	22454379	924.150024
   27.00	22454436	924.155029
   25.20	22454494	924.159973
   27.33	22454552	924.164978
   25.20	22454610	924.169983
   26.10	22454667	924.174988
   26.10	22454726	924.179993
   26.10	22454783	924.184998
   26.10	22454841	924.190002
   26.10	22454899	924.195007
   26.10	22454957	924.200012
   25.20	22455014	924.205017
   27.00	22455072	924.210022
   25.20	22455130	924.215027
   27.00	22455188	924.219971
   25.51	22455246	924.224976
   26.10	22455304	924.229980
   26.10	22455361	924.234985
   26.10	22455419	924.239990
   26.10	22455477	924.244995
   26.10	22455535	924.250000
   26.10	22455593	924.255005
   25.20	22455651	924.260010
   27.00	22455709	924.265015
   25.20	22455767	924.270020
   27.00	22455824	924.275024
   25.20	22455882	924.280029
   27.00	22455940	924.284973
   25.51	22455998	924.289978
   26.10	22456056	924.294983
   26.10	22456114	924.299988
   26.10	22456171	924.304993
   26.10	22456229	924.309998
   26.10	22456287	924.315002
   26.10	22456345	924.320007
   25.20	22456403	924.325012
   27.00	22456461	924.330017
   25.20	22456519	924.335022
   27.00	22456577	924.340027
   25.20	22456634	924.344971
   27.33	22456692	924.349976
   25.20	22456750	924.354980
   27.00	22456808	924.359985
   25.20	22456866	924.364990
   26.10	22456924	924.369995
   26.10	22456981	924.375000
   26.10	22457039	924.380005
   26.10	22457097	924.385010
   26.10	22457155	924.390015
   26.10	22457213	924.395020
   25.20	22457271	924.400024
   27.00	22457329	924.405029
   25.20	22457386	924.409973
   27.33	22457444	924.414978
   25.20	22457502	924.419983
   27.00	22457560	924.424988
   25.20	22457618	924.429993
   26.10	22457675	924.434998
   26.10	22457733	924.440002
   26.10	22457791	924.445007
   26.10	22457849	924.450012
   25.20	22457907	924.455017
   27.00	22457965	924.460022
   25.20	22458022	924.465027
   27.00	22458080	924.469971
   25.51	22458138	924.474976
   26.10	22458195	924.479980
   26.10	22458253	924.484985
   26.10	22458311	924.489990
   26.10	22458369	924.494995
   25.20	22458427	924.500000
   27.00	22458484	924.505005
   25.20	22458542	924.510010
   26.10	22458600	924.515015
   26.10	22458657	924.520020
   26.10	22458715	924.525024
   26.10	22458773	924.530029
   25.20	22458830	924.534973
   27.33	22458888	924.539978
   25.20	22458946	924.544983
   26.10	22459004	924.549988
   26.10	22459061	924.554993
   26.10	22459119	924.559998
   26.10	22459177	924.565002
   25.20	22459234	924.570007
   27.00	22459292	924.575012
   25.20	22459350	924.580017
   26.10	22459407	924.585022
   26.10	22459465	924.590027
   26.10	22459523	924.594971
   26.42	22459580	924.599976
   25.20	22459638	924.604980
   27.00	22459696	924.609985
   25.20	22459753	924.614990
   26.10	22459811	924.619995
   26.10	22459869	924.625000
   25.20	22459926	924.630005
   27.00	22459984	924.635010
   25.20	22460042	924.640015
   26.10	22460099	924.645020
   26.10	22460157	924.650024
   25.20	22460215	924.655029
   27.00	22460272	924.659973
   25.51	22460330	924.664978
   26.10	22460388	924.669983
   26.10	22460445	924.674988
   26.10	22460503	924.679993
   26.10	22460561	924.684998
   25.20	22460618	924.690002
   27.00	22460676	924.695007
   25.20	22460734	924.700012
   26.10	22460791	924.705017
   26.10	22460849	924.710022
   26.10	22460907	924.715027
   26.10	22460965	924.719971
   25.51	22461022	924.724976
   26.10	22461080	924.729980
   26.10	22461137	924.734985
   26.10	22461195	924.739990
   26.10	22461253	924.744995
   25.20	22461310	924.750000
   27.00	22461368	924.755005
   25.20	22461426	924.760010
   26.10	22461483	924.765015
   26.10	22461541	924.770020
   25.20	22461599	924.775024
   27.00	22461656	924.780029
   25.20	22461714	924.784973
   26.42	22461771	924.789978
   26.10	22461829	924.794983
   25.20	22461887	924.799988
   27.00	22461944	924.804993
   25.20	22462002	924.809998
   26.10	22462059	924.815002
   26.10	22462117	924.820007
   25.20	22462174	924.825012
   26.10	22462232	924.830017
   26.10	22462289	924.835022
   25.20	22462347	924.840027
   27.00	22462404	924.844971
   25.51	22462461	924.849976
   25.20	22462518	924.854980
   27.00	22462576	924.859985
   25.20	22462633	924.864990
   25.20	22462691	924.869995
   27.00	22462748	924.875000
   25.20	22462805	924.880005
   25.20	22462862	924.885010
   27.00	22462920	924.890015
   25.20	22462977	924.895020
   25.20	22463035	924.900024
   27.00	22463092	924.905029
   25.20	22463149	924.909973
   25.51	22463206	924.914978
   26.10	22463264	924.919983
   26.10	22463321	924.924988
   25.20	22463378	924.929993
   27.00	22463436	924.934998
   25.20	22463493	924.940002
   25.20	22463550	924.945007
   26.10	22463608	924.950012
   26.10	22463665	924.955017
   25.20	22463722	924.960022
   27.00	22463780	924.965027
   25.20	22463837	924.969971
   25.51	22463894	924.974976
   26.10	22463952	924.979980
   26.10	22464009	924.984985
   25.20	22464067	924.989990
   27.00	22464124	924.994995
   25.20	22464181	925.000000
   26.10	22464239	925.005005
   26.10	22464296	925.010010
   25.20	22464354	925.015015
   26.10	22464411	925.020020
   26.10	22464469	925.025024
   25.20	22464526	925.030029
   26.10	22464583	925.034973
   26.42	22464641	925.039978
   25.20	22464698	925.044983
   26.10	22464756	925.049988
   26.10	22464813	925.054993
   25.20	22464870	925.059998
   27.00	22464928	925.065002
   25.20	22464985	925.070007
   25.20	22465042	925.075012
   27.00	22465100	925.080017
   25.20	22465157	925.085022
   26.10	22465215	925.090027
   26.10	22465272	925.094971
   25.51	22465330	925.099976
   26.10	22465387	925.104980
   26.10	22465445	925.109985
   25.20	22465502	925.114990
   26.10	22465560	925.119995
   26.10	22465617	925.125000
   25.20	22465674	925.130005
   26.10	22465731	925.135010
   26.10	22465789	925.140015
   25.20	22465847	925.145020
   27.00	22465904	925.150024
   25.20	22465962	925.155029
   26.10	22466019	925.159973
   26.42	22466076	925.164978
   25.20	22466134	925.169983
   26.10	22466192	925.174988
   26.10	22466249	925.179993
   26.10	22466307	925.184998
   26.10	22466364	925.190002
   25.20	22466421	925.195007
   26.10	22466479	925.200012
   26.10	22466537	925.205017
   25.20	22466594	925.210022
   27.00	22466652	925.215027
   25.20	22466709	925.219971
   26.42	22466767	925.224976
   26.10	22466824	925.229980
   25.20	22466882	925.234985
   26.10	22466940	925.239990
   26.10	22466997	925.244995
   25.20	22467055	925.250000
   27.00	22467112	925.255005
   25.20	22467170	925.260010
   26.10	22467227	925.265015
   26.10	22467285	925.270020
   25.20	22467343	925.275024
   27.00	22467400	925.280029
   25.20	22467458	925.284973
   26.42	22467515	925.289978
   26.10	22467573	925.294983
   25.20	22467630	925.299988
   27.00	22467688	925.304993
   25.20	22467745	925.309998
   26.10	22467803	925.315002
   26.10	22467860	925.320007
   25.20	22467918	925.325012
   26.10	22467975	925.330017
   26.10	22468033	925.335022
   25.20	22468091	925.340027
   27.00	22468148	925.344971
   25.51	22468206	925.349976
   26.10	22468263	925.354980
   26.10	22468321	925.359985
   25.20	22468378	925.364990
   27.00	22468436	925.369995
   25.20	22468494	925.375000
   26.10	22468551	925.380005
   26.10	22468609	925.385010
   25.20	22468666	925.390015
   27.00	22468724	925.395020
   25.20	22468782	925.400024
   26.10	22468839	925.405029
   26.10	22468897	925.409973
   25.51	22468954	925.414978
   27.00	22469012	925.419983
   25.20	22469069	925.424988
   26.10	22469127	925.429993
   26.10	22469185	925.434998
   25.20	22469243	925.440002
   27.00	22469300	925.445007
   25.20	22469358	925.450012
   26.10	22469415	925.455017
   26.10	22469473	925.460022
   26.10	22469531	925.465027
   26.10	22469588	925.469971
   25.51	22469646	925.474976
   26.10	22469704	925.479980
   26.10	22469761	925.484985
   26.10	22469819	925.489990
   26.10	22469877	925.494995
   25.20	22469935	925.500000