   99.45	14825931	645.815002
   99.45	14826153	645.820007
   99.45	14826374	645.825012
   99.45	14826595	645.830017
   99.90	14826816	645.835022
   99.00	14827038	645.840027
   99.90	14827258	645.844971
  100.22	14827480	645.849976
   99.90	14827700	645.854980
   99.45	14827922	645.859985
   99.45	14828143	645.864990
   99.45	14828364	645.869995
   99.45	14828585	645.875000
   99.45	14828806	645.880005
   99.90	14829027	645.885010
   99.00	14829249	645.890015
   99.90	14829469	645.895020
   99.45	14829691	645.900024
   99.45	14829912	645.905029
   99.45	14830133	645.909973
  101.14	14830354	645.914978
   99.00	14830576	645.919983
   99.90	14830797	645.924988
   99.00	14831018	645.929993
   99.90	14831239	645.934998
   99.00	14831461	645.940002
  100.35	14831680	645.945007
   98.10	14831902	645.950012
   99.90	14832123	645.955017
   99.45	14832344	645.960022
   99.90	14832565	645.965027
   99.00	14832787	645.969971
  101.59	14833006	645.974976
   98.10	14833228	645.979980
   99.90	14833449	645.984985
   99.45	14833671	645.989990
   99.90	14833891	645.994995
   99.45	14834113	646.000000
   99.90	14834334	646.005005
   99.00	14834556	646.010010
   99.90	14834776	646.015015
   99.45	14834998	646.020020
   99.45	14835219	646.025024
   99.45	14835441	646.030029
   99.90	14835661	646.034973
  100.68	14835883	646.039978
   99.90	14836104	646.044983
   99.00	14836326	646.049988
   99.90	14836546	646.054993
   99.45	14836768	646.059998
   99.90	14836989	646.065002
   99.00	14837211	646.070007
   99.90	14837432	646.075012
   99.45	14837653	646.080017
   99.90	14837874	646.085022
   99.00	14838096	646.090027
   99.90	14838317	646.094971
  100.68	14838538	646.099976
   99.90	14838759	646.104980
   99.00	14838981	646.109985
   99.90	14839201	646.114990
   99.45	14839423	646.119995
   99.45	14839644	646.125000
   99.45	14839865	646.130005
   99.90	14840086	646.135010
   99.00	14840308	646.140015
   99.90	14840528	646.145020
   99.00	14840750	646.150024
   99.90	14840970	646.155029
   99.45	14841192	646.159973
  100.68	14841413	646.164978
   99.90	14841635	646.169983
   99.45	14841856	646.174988
   99.45	14842077	646.179993
   99.90	14842298	646.184998
   99.00	14842520	646.190002
   99.90	14842740	646.195007
   99.45	14842962	646.200012
   99.45	14843183	646.205017
   99.45	14843404	646.210022
   99.90	14843625	646.215027
   99.00	14843847	646.219971
  101.14	14844068	646.224976
   99.45	14844289	646.229980
   99.45	14844509	646.234985
   99.45	14844731	646.239990
   99.45	14844951	646.244995
   99.45	14845173	646.250000
   99.45	14845393	646.255005
   99.00	14845614	646.260010
   99.90	14845835	646.265015
   99.00	14846056	646.270020
   99.45	14846276	646.275024
   99.00	14846498	646.280029
   99.90	14846718	646.284973
  100.22	14846939	646.289978
   99.45	14847159	646.294983
   99.00	14847380	646.299988
   99.90	14847601	646.304993
   99.00	14847822	646.309998
   99.45	14848042	646.315002
   99.00	14848263	646.320007
   99.45	14848483	646.325012
   98.55	14848705	646.330017
   99.90	14848925	646.335022
   99.00	14849146	646.340027
   99.45	14849366	646.344971
  100.22	14849587	646.349976
   99.90	14849807	646.354980
   98.55	14850028	646.359985
   99.90	14850249	646.364990
   99.00	14850470	646.369995
   99.45	14850690	646.375000
   99.00	14850911	646.380005
   99.45	14851132	646.385010
   99.45	14851353	646.390015
   99.45	14851573	646.395020
   99.00	14851794	646.400024
   99.90	14852015	646.405029
   99.00	14852236	646.409973
  100.68	14852456	646.414978
   99.45	14852678	646.419983
   99.45	14852898	646.424988
   99.00	14853119	646.429993
   99.90	14853340	646.434998
   99.00	14853561	646.440002
   99.90	14853782	646.445007
   98.55	14854003	646.450012
   99.90	14854223	646.455017
   99.45	14854445	646.460022
   99.45	14854665	646.465027
   99.45	14854887	646.469971
  100.68	14855108	646.474976
   99.45	14855329	646.479980
   99.45	14855550	646.484985
   99.45	14855771	646.489990
   99.90	14855992	646.494995
   99.00	14856213	646.500000
   99.45	14856434	646.505005
   99.45	14856656	646.510010
   99.90	14856876	646.515015
   99.45	14857098	646.520020
   99.45	14857319	646.525024
   99.45	14857540	646.530029
   99.45	14857761	646.534973
  100.68	14857982	646.539978
   99.90	14858203	646.544983
   99.00	14858425	646.549988
   99.90	14858645	646.554993
   99.45	14858867	646.559998
   99.90	14859088	646.565002
   99.00	14859310	646.570007
   99.90	14859531	646.575012
   99.45	14859752	646.580017
   99.90	14859973	646.585022
   99.00	14860195	646.590027
   99.90	14860415	646.594971
  100.68	14860637	646.599976
   99.90	14860858	646.604980
   99.00	14861079	646.609985
   99.90	14861301	646.614990
   99.00	14861522	646.619995
  100.35	14861743	646.625000
   99.00	14861965	646.630005
   99.90	14862185	646.635010
   99.45	14862407	646.640015
   99.45	14862628	646.645020
   99.45	14862849	646.650024
   99.90	14863070	646.655029
   99.00	14863292	646.659973
  101.14	14863513	646.664978
   99.45	14863734	646.669983
   99.90	14863955	646.674988
   99.00	14864177	646.679993
   99.90	14864397	646.684998
   99.45	14864619	646.690002
   99.45	14864840	646.695007
   99.45	14865061	646.700012
   99.90	14865282	646.705017
   99.00	14865503	646.710022
   99.90	14865724	646.715027
   99.00	14865946	646.719971
  101.14	14866166	646.724976
   99.45	14866388	646.729980
   99.45	14866609	646.734985
   99.45	14866830	646.739990
   99.90	14867051	646.744995
   99.00	14867273	646.750000
   99.90	14867493	646.755005
   99.00	14867715	646.760010
   99.90	14867936	646.765015
   99.00	14868157	646.770020
   99.45	14868378	646.775024
   99.45	14868600	646.780029
   99.90	14868820	646.784973
  100.68	14869042	646.789978
   99.90	14869263	646.794983
   99.00	14869484	646.799988
   99.90	14869705	646.804993
   99.00	14869927	646.809998
   99.45	14870147	646.815002
   99.00	14870369	646.820007
   99.90	14870589	646.825012
   99.00	14870810	646.830017
   99.90	14871031	646.835022
   99.00	14871253	646.840027
   99.90	14871473	646.844971
  100.22	14871695	646.849976
   99.90	14871915	646.854980
   99.00	14872136	646.859985
   99.45	14872357	646.864990
   99.45	14872578	646.869995
   99.45	14872798	646.875000
   99.00	14873019	646.880005
   99.90	14873240	646.885010
   99.00	14873461	646.890015
   99.45	14873681	646.895020
   99.00	14873902	646.900024
   99.45	14874122	646.905029
   99.00	14874343	646.909973
  100.68	14874563	646.914978
   99.45	14874784	646.919983
   99.45	14875005	646.924988
   99.00	14875226	646.929993
   99.45	14875446	646.934998
   99.00	14875667	646.940002
   99.45	14875887	646.945007
   99.00	14876108	646.950012
   99.45	14876328	646.955017
   99.45	14876549	646.960022
   99.00	14876770	646.965027
   99.45	14876991	646.969971
  100.68	14877211	646.974976
   99.00	14877432	646.979980
   99.45	14877652	646.984985
   99.00	14877873	646.989990
   99.45	14878093	646.994995
   99.45	14878315	647.000000
   99.45	14878535	647.005005
   99.00	14878756	647.010010
   99.90	14878977	647.015015
   98.55	14879198	647.020020
   99.90	14879418	647.025024
   99.00	14879639	647.030029
   99.45	14879859	647.034973
  100.68	14880081	647.039978
   99.45	14880301	647.044983
   99.45	14880523	647.049988
   99.45	14880743	647.054993
   99.00	14880964	647.059998
   99.90	14881185	647.065002
   99.00	14881406	647.070007
   99.45	14881626	647.075012
   99.45	14881848	647.080017
   99.45	14882068	647.085022
   99.45	14882290	647.090027
   99.45	14882510	647.094971
  100.22	14882731	647.099976
   99.90	14882952	647.104980
   99.00	14883173	647.109985
   99.90	14883394	647.114990
   99.00	14883615	647.119995
   99.45	14883835	647.125000
   99.45	14884057	647.130005
   99.45	14884278	647.135010
   99.45	14884499	647.140015
   99.45	14884720	647.145020
   99.45	14884941	647.150024
   99.45	14885161	647.155029
   99.00	14885383	647.159973
  101.14	14885603	647.164978
   99.45	14885825	647.169983
   99.45	14886045	647.174988
   99.45	14886267	647.179993
   99.45	14886488	647.184998
   99.45	14886709	647.190002
   99.90	14886930	647.195007
   99.00	14887151	647.200012
   99.90	14887372	647.205017
   99.00	14887594	647.210022
   99.90	14887814	647.215027
   99.45	14888036	647.219971
  100.68	14888256	647.224976
   99.45	14888478	647.229980
   99.90	14888699	647.234985
   99.00	14888920	647.239990
   99.90	14889141	647.244995
   99.00	14889363	647.250000
   99.90	14889583	647.255005
   99.45	14889805	647.260010
   99.45	14890026	647.265015
   99.45	14890248	647.270020
   99.90	14890469	647.275024
   99.45	14890690	647.280029
   99.90	14890911	647.284973
  100.22	14891133	647.289978
   99.90	14891353	647.294983
   99.45	14891575	647.299988
   99.45	14891796	647.304993
   99.45	14892018	647.309998
   99.90	14892239	647.315002
   99.00	14892460	647.320007
   99.90	14892681	647.325012
   99.00	14892902	647.330017
   99.90	14893123	647.335022
   99.00	14893345	647.340027
   99.90	14893565	647.344971
  100.68	14893787	647.349976
   99.45	14894008	647.354980
   99.45	14894229	647.359985
   99.90	14894450	647.364990
   99.00	14894672	647.369995
   99.90	14894892	647.375000
   99.00	14895114	647.380005
   99.90	14895334	647.385010
   99.45	14895556	647.390015
   99.45	14895777	647.395020
   99.45	14895998	647.400024
   99.90	14896219	647.405029
   99.00	14896441	647.409973
  101.14	14896661	647.414978
   99.00	14896883	647.419983
   99.90	14897103	647.424988
   99.45	14897326	647.429993
   99.45	14897546	647.434998
   99.45	14897768	647.440002
   99.45	14897988	647.445007
   99.00	14898210	647.450012
   99.90	14898430	647.455017
   99.00	14898652	647.460022
   99.90	14898872	647.465027
   99.45	14899094	647.469971
  100.68	14899315	647.474976
   99.45	14899537	647.479980
   99.90	14899757	647.484985
   99.45	14899979	647.489990
   99.45	14900200	647.494995
   99.00	14900421	647.500000
   99.90	14900641	647.505005
   99.45	14900863	647.510010
   99.45	14901083	647.515015
   99.45	14901305	647.520020
   99.45	14901525	647.525024
   99.00	14901746	647.530029
   99.90	14901967	647.534973
  100.22	14902188	647.539978
   99.90	14902409	647.544983
   99.00	14902630	647.549988
   99.45	14902850	647.554993
   99.00	14903072	647.559998
   99.90	14903292	647.565002
   99.00	14903513	647.570007
   99.90	14903734	647.575012
   99.00	14903955	647.580017
   99.90	14904176	647.585022
   99.00	14904398	647.590027
   99.90	14904618	647.594971
  100.22	14904840	647.599976
   99.90	14905060	647.604980
   99.45	14905282	647.609985
   99.45	14905503	647.614990
   99.45	14905724	647.619995
   99.45	14905945	647.625000
   99.45	14906166	647.630005
   99.90	14906387	647.635010
   99.00	14906608	647.640015
   99.45	14906828	647.645020
   99.45	14907050	647.650024
   99.45	14907271	647.655029
   99.45	14907492	647.659973
  101.14	14907713	647.664978
   99.00	14907934	647.669983
   99.90	14908155	647.674988
   99.00	14908376	647.679993
   99.45	14908596	647.684998
   99.45	14908818	647.690002
   99.45	14909038	647.695007
   99.45	14909260	647.700012
   99.45	14909481	647.705017
   99.45	14909702	647.710022
   99.45	14909923	647.715027
   99.00	14910144	647.719971
  101.59	14910365	647.724976
   99.00	14910587	647.729980
   99.90	14910807	647.734985
   99.00	14911029	647.739990
   99.90	14911249	647.744995
   99.45	14911471	647.750000
   99.45	14911692	647.755005
   99.45	14911913	647.760010
   99.90	14912134	647.765015
   99.00	14912356	647.770020
   99.90	14912576	647.775024
   99.45	14912799	647.780029
   99.90	14913019	647.784973
  100.22	14913241	647.789978
   99.90	14913462	647.794983
   99.45	14913683	647.799988
   99.90	14913904	647.804993
   99.00	14914126	647.809998
  100.35	14914347	647.815002
   99.00	14914569	647.820007
   99.90	14914789	647.825012
   99.45	14915011	647.830017
   99.90	14915232	647.835022
   99.45	14915454	647.840027
   99.45	14915675	647.844971
  100.68	14915897	647.849976
  100.35	14916118	647.854980
   99.00	14916340	647.859985
   99.90	14916560	647.864990
   99.45	14916782	647.869995
   99.45	14917003	647.875000
   99.45	14917225	647.880005
   99.45	14917446	647.885010
   99.45	14917668	647.890015
   99.90	14917889	647.895020
   99.45	14918111	647.900024
   99.90	14918331	647.905029
   99.45	14918553	647.909973
  100.68	14918774	647.914978
   99.90	14918996	647.919983
   99.45	14919217	647.924988
   99.45	14919438	647.929993
   99.90	14919659	647.934998
   99.00	14919881	647.940002
   99.90	14920101	647.945007
   99.45	14920323	647.950012
   99.45	14920544	647.955017
   99.45	14920766	647.960022
   99.90	14920987	647.965027
   99.45	14921208	647.969971
  101.14	14921429	647.974976
   99.00	14921651	647.979980
   99.90	14921872	647.984985
   99.45	14922094	647.989990
   99.90	14922314	647.994995
   99.45	14922536	648.000000
   99.45	14922757	648.005005
   99.45	14922979	648.010010
   99.90	14923200	648.015015
   99.45	14923421	648.020020
   99.90	14923642	648.025024
   99.00	14923864	648.030029
  100.35	14924085	648.034973
  100.22	14924307	648.039978
   99.90	14924527	648.044983
   99.45	14924749	648.049988
   99.45	14924970	648.054993
   99.90	14925192	648.059998
   99.45	14925413	648.065002
   99.45	14925635	648.070007
   99.90	14925855	648.075012
   99.45	14926077	648.080017
   99.90	14926298	648.085022
   99.45	14926520	648.090027
   99.45	14926741	648.094971
  100.68	14926963	648.099976
   99.90	14927184	648.104980
   99.45	14927405	648.109985
   99.90	14927626	648.114990
   99.00	14927848	648.119995
   99.90	14928069	648.125000
   99.45	14928291	648.130005
   99.90	14928511	648.135010
   99.45	14928733	648.140015
   99.45	14928954	648.145020
   99.45	14929175	648.150024
   99.90	14929396	648.155029
   99.00	14929617	648.159973
  100.68	14929837	648.164978
   99.45	14930059	648.169983
   99.45	14930279	648.174988
   99.00	14930500	648.179993
   99.90	14930721	648.184998
   99.00	14930942	648.190002
   99.90	14931163	648.195007
   99.00	14931384	648.200012
   99.90	14931605	648.205017
   99.00	14931826	648.210022
   99.90	14932046	648.215027
   99.00	14932268	648.219971
  100.68	14932488	648.224976
   99.45	14932710	648.229980
   99.45	14932931	648.234985
   99.45	14933152	648.239990
   99.45	14933372	648.244995
   99.45	14933594	648.250000
   99.45	14933814	648.255005
   99.00	14934036	648.260010
   99.45	14934257	648.265015
   99.45	14934478	648.270020
   99.45	14934699	648.275024
   99.45	14934920	648.280029
   99.90	14935141	648.284973
  100.22	14935363	648.289978
   99.90	14935583	648.294983
   99.00	14935805	648.299988
   99.90	14936025	648.304993
   99.45	14936247	648.309998
   99.45	14936468	648.315002
   99.45	14936689	648.320007
   99.90	14936910	648.325012
   99.00	14937131	648.330017
   99.90	14937352	648.335022
   99.00	14937574	648.340027
   99.90	14937794	648.344971
  100.68	14938016	648.349976
   99.45	14938236	648.354980
   99.45	14938458	648.359985
   99.90	14938679	648.364990
   99.00	14938901	648.369995
   99.90	14939122	648.375000
   99.45	14939343	648.380005
   99.90	14939564	648.385010
   99.00	14939786	648.390015
   99.45	14940007	648.395020
   99.45	14940229	648.400024
   99.90	14940449	648.405029
   99.45	14940671	648.409973
  101.14	14940892	648.414978
   99.00	14941114	648.419983
   99.90	14941335	648.424988
   99.45	14941557	648.429993
   99.90	14941777	648.434998
   99.45	14941999	648.440002
   99.90	14942220	648.445007
   99.00	14942442	648.450012
  100.35	14942663	648.455017
   99.00	14942885	648.460022
   99.90	14943106	648.465027
   99.00	14943328	648.469971
  101.14	14943549	648.474976
   99.45	14943771	648.479980
   99.90	14943992	648.484985
   99.45	14944213	648.489990
   99.90	14944435	648.494995
   99.45	14944656	648.500000
   99.90	14944877	648.505005
   99.45	14945099	648.510010
   99.90	14945320	648.515015
   99.00	14945542	648.520020
   99.90	14945763	648.525024
   99.90	14945985	648.530029
   99.45	14946206	648.534973
  100.68	14946428	648.539978
   99.90	14946649	648.544983
   99.45	14946870	648.549988
   99.90	14947091	648.554993
   99.45	14947313	648.559998
   99.90	14947534	648.565002
   99.45	14947756	648.570007
   99.90	14947977	648.575012
   99.00	14948199	648.580017
   99.90	14948420	648.585022
   99.45	14948642	648.590027
   99.90	14948862	648.594971
  100.68	14949085	648.599976
   99.90	14949305	648.604980
   99.45	14949527	648.609985
   99.90	14949748	648.614990
   99.45	14949970	648.619995
   99.90	14950191	648.625000
   99.00	14950413	648.630005
  100.35	14950634	648.635010
   99.00	14950856	648.640015
  100.35	14951077	648.645020
   99.00	14951299	648.650024
   99.90	14951520	648.655029
   99.45	14951742	648.659973
  101.14	14951963	648.664978
   99.45	14952185	648.669983
   99.90	14952406	648.674988
   99.45	14952628	648.679993
   99.90	14952848	648.684998
   99.45	14953071	648.690002
   99.90	14953291	648.695007
   99.45	14953514	648.700012
   99.90	14953734	648.705017
   99.45	14953956	648.710022
   99.90	14954177	648.715027
   99.45	14954399	648.719971
  101.14	14954620	648.724976
   99.00	14954842	648.729980
  100.35	14955063	648.734985
   99.00	14955285	648.739990
   99.90	14955506	648.744995
   99.45	14955728	648.750000
   99.45	14955949	648.755005
   99.45	14956170	648.760010
   99.90	14956391	648.765015
   99.00	14956613	648.770020
  100.35	14956834	648.775024
   99.00	14957056	648.780029
   99.90	14957276	648.784973
  100.68	14957498	648.789978
   99.45	14957718	648.794983
   99.00	14957940	648.799988
   99.45	14958160	648.804993
   99.00	14958382	648.809998
   99.90	14958602	648.815002
   99.45	14958824	648.820007
   99.45	14959044	648.825012
   99.45	14959266	648.830017
   99.45	14959487	648.835022
   99.45	14959708	648.840027
   99.90	14959929	648.844971
  100.22	14960150	648.849976
   99.90	14960371	648.854980
   99.00	14960592	648.859985
   99.90	14960813	648.864990
   99.00	14961035	648.869995
   99.45	14961255	648.875000
   99.45	14961477	648.880005
   99.90	14961697	648.885010
   99.00	14961918	648.890015
   99.90	14962139	648.895020
   99.00	14962361	648.900024
   99.90	14962581	648.905029
   99.00	14962803	648.909973
  101.14	14963023	648.914978
   99.00	14963245	648.919983
   99.90	14963465	648.924988
   99.45	14963687	648.929993
   99.45	14963908	648.934998
   99.45	14964129	648.940002
   99.90	14964350	648.945007
   99.00	14964572	648.950012
   99.90	14964792	648.955017
   99.00	14965014	648.960022
   99.90	14965234	648.965027
   99.45	14965456	648.969971
  100.68	14965677	648.974976
   99.45	14965898	648.979980
   99.90	14966119	648.984985
   99.00	14966340	648.989990
   99.90	14966560	648.994995
   99.00	14966782	649.000000
   99.45	14967003	649.005005
   99.45	14967224	649.010010
   99.45	14967445	649.015015
   99.45	14967666	649.020020
   99.90	14967887	649.025024
   99.00	14968109	649.030029
   99.90	14968329	649.034973
  100.22	14968551	649.039978
   99.45	14968771	649.044983
   99.45	14968993	649.049988
   99.45	14969214	649.054993
   99.45	14969435	649.059998
   99.90	14969656	649.065002
   99.00	14969878	649.070007
   99.90	14970098	649.075012
   99.45	14970320	649.080017
   99.45	14970541	649.085022
   99.45	14970763	649.090027
   99.90	14970983	649.094971
  100.68	14971205	649.099976
   99.45	14971426	649.104980
   99.45	14971647	649.109985
   99.90	14971868	649.114990
   99.00	14972090	649.119995
  100.35	14972311	649.125000
   99.00	14972533	649.130005
   99.90	14972753	649.135010
   99.45	14972975	649.140015
   99.45	14973196	649.145020
   99.45	14973417	649.150024
   99.90	14973639	649.155029
   99.45	14973860	649.159973
  101.14	14974081	649.164978
   99.00	14974303	649.169983
   99.90	14974523	649.174988
   99.45	14974746	649.179993
   99.90	14974966	649.184998
   99.45	14975188	649.190002
   99.45	14975409	649.195007
   99.45	14975630	649.200012
   99.90	14975851	649.205017
   99.00	14976073	649.210022
   99.90	14976293	649.215027
   99.45	14976515	649.219971
  100.68	14976736	649.224976
   99.45	14976958	649.229980
   99.45	14977178	649.234985
   99.45	14977400	649.239990
   99.90	14977621	649.244995
   99.00	14977842	649.250000
   99.90	14978063	649.255005
   99.00	14978285	649.260010
   99.90	14978505	649.265015
   99.45	14978727	649.270020
   99.45	14978948	649.275024
   99.45	14979169	649.280029
   99.90	14979390	649.284973
  100.22	14979612	649.289978
   99.90	14979832	649.294983
   99.45	14980054	649.299988
   99.90	14980275	649.304993
   99.00	14980497	649.309998
   99.90	14980717	649.315002
   99.45	14980939	649.320007
   99.90	14981160	649.325012
   99.00	14981382	649.330017
   99.90	14981603	649.335022
   99.45	14981824	649.340027
   99.90	14982045	649.344971
  100.22	14982267	649.349976
   99.90	14982487	649.354980
   99.45	14982709	649.359985
   99.90	14982930	649.364990
   99.00	14983152	649.369995
   99.90	14983373	649.375000
   99.45	14983594	649.380005
   99.90	14983815	649.385010
   99.00	14984037	649.390015
   99.90	14984257	649.395020
   99.45	14984479	649.400024
   99.45	14984700	649.405029
   99.45	14984921	649.409973
  101.14	14985142	649.414978
   99.00	14985363	649.419983
   99.90	14985584	649.424988
   99.00	14985805	649.429993
   99.90	14986026	649.434998
   99.00	14986247	649.440002
   99.45	14986467	649.445007
   99.45	14986689	649.450012
   99.45	14986909	649.455017
   99.00	14987131	649.460022
   99.90	14987351	649.465027
   99.00	14987573	649.469971
  101.14	14987793	649.474976
   99.00	14988014	649.479980
   99.45	14988234	649.484985
   99.45	14988456	649.489990
   99.45	14988676	649.494995
   99.00	14988897	649.500000
   99.90	14989118	649.505005
   98.55	14989339	649.510010
  100.35	14989559	649.515015
   98.55	14989781	649.520020
   99.90	14990001	649.525024
   99.00	14990222	649.530029
   99.45	14990442	649.534973
  100.68	14990664	649.539978
   99.45	14990884	649.544983
   99.00	14991105	649.549988
   99.90	14991326	649.554993
   99.00	14991547	649.559998
   99.90	14991767	649.565002
   99.00	14991989	649.570007
   99.45	14992209	649.575012
   99.45	14992431	649.580017
   99.45	14992651	649.585022
   99.45	14992873	649.590027
   99.45	14993093	649.594971
  100.22	14993314	649.599976
   99.90	14993535	649.604980
   99.00	14993756	649.609985
   99.45	14993977	649.614990
   99.45	14994198	649.619995
   99.45	14994419	649.625000
   99.45	14994640	649.630005
   99.45	14994861	649.635010
   99.00	14995082	649.640015
  100.35	14995302	649.645020
   98.55	14995524	649.650024
   99.90	14995744	649.655029
   99.45	14995966	649.659973
  100.68	14996187	649.664978
   99.45	14996408	649.669983
   99.90	14996629	649.674988
   99.00	14996851	649.679993
  100.35	14997072	649.684998
   99.00	14997293	649.690002
   99.90	14997514	649.695007
   99.45	14997736	649.700012
   99.45	14997956	649.705017
   99.45	14998178	649.710022
   99.90	14998399	649.715027
   99.00	14998621	649.719971
  101.14	14998842	649.724976
   99.45	14999063	649.729980
   99.90	14999284	649.734985
   99.00	14999506	649.739990
   99.90	14999726	649.744995
   99.45	14999949	649.750000
   99.90	15000169	649.755005
   99.45	15000391	649.760010
   99.45	15000612	649.765015
   99.00	15000834	649.770020
   99.90	15001054	649.775024
   99.45	15001276	649.780029
   99.90	15001497	649.784973
  100.22	15001719	649.789978
   99.90	15001940	649.794983
   99.45	15002162	649.799988
   99.90	15002383	649.804993
   99.45	15002604	649.809998
   99.90	15002825	649.815002
   99.00	15003047	649.820007
   99.90	15003268	649.825012
   99.00	15003490	649.830017
   99.90	15003711	649.835022
   99.45	15003932	649.840027
   99.90	15004153	649.844971
  100.68	15004375	649.849976
   99.90	15004596	649.854980
   99.00	15004818	649.859985
   99.90	15005038	649.864990
   99.00	15005260	649.869995
   99.90	15005481	649.875000
   99.00	15005703	649.880005
   99.90	15005923	649.885010
   99.45	15006145	649.890015
   99.90	15006366	649.895020
   99.00	15006588	649.900024
   99.90	15006809	649.905029
   99.45	15007030	649.909973
  101.14	15007251	649.914978
   99.45	15007473	649.919983
   99.45	15007694	649.924988
   99.45	15007915	649.929993
   99.90	15008136	649.934998
   99.00	15008358	649.940002
  100.35	15008579	649.945007
   99.00	15008801	649.950012
   99.90	15009021	649.955017
   99.45	15009243	649.960022
   99.45	15009464	649.965027
   99.45	15009686	649.969971
  101.14	15009907	649.974976
   99.45	15010128	649.979980
   99.90	15010349	649.984985
   99.00	15010571	649.989990
   99.90	15010792	649.994995
   99.45	15011014	650.000000
   99.90	15011234	650.005005
   99.45	15011456	650.010010
   99.90	15011677	650.015015
   99.45	15011899	650.020020
   99.45	15012120	650.025024
   99.45	15012341	650.030029
   99.90	15012562	650.034973
  100.22	15012784	650.039978
   99.90	15013005	650.044983
   99.00	15013227	650.049988
   99.90	15013447	650.054993
   99.00	15013669	650.059998
   99.90	15013889	650.065002
   99.00	15014110	650.070007
   99.90	15014331	650.075012
   99.00	15014552	650.080017
   99.90	15014773	650.085022
   99.00	15014994	650.090027
   99.45	15015214	650.094971
  100.68	15015436	650.099976
   99.45	15015656	650.104980
   99.00	15015877	650.109985
   99.90	15016098	650.114990
   99.00	15016319	650.119995
   99.90	15016540	650.125000
   99.00	15016761	650.130005
   99.45	15016981	650.135010
   99.45	15017203	650.140015
   99.45	15017423	650.145020
   99.45	15017645	650.150024
   99.45	15017865	650.155029
   99.00	15018087	650.159973
  101.14	15018307	650.164978
   99.45	15018529	650.169983
   99.45	15018749	650.174988
   99.45	15018971	650.179993
   99.45	15019192	650.184998
   99.45	15019414	650.190002
   99.90	15019634	650.195007
   99.00	15019856	650.200012
   99.90	15020077	650.205017
   99.45	15020298	650.210022
   99.90	15020519	650.215027
   99.00	15020741	650.219971
  101.14	15020961	650.224976
   99.45	15021183	650.229980
   99.45	15021404	650.234985
   99.45	15021625	650.239990
   99.90	15021846	650.244995
   99.00	15022068	650.250000
   99.90	15022289	650.255005
   99.45	15022510	650.260010
   99.90	15022731	650.265015
   99.00	15022953	650.270020
   99.90	15023173	650.275024
   99.45	15023395	650.280029
   99.90	15023616	650.284973
  100.22	15023838	650.289978
   99.90	15024059	650.294983
   99.45	15024280	650.299988
   99.90	15024501	650.304993
   99.00	15024723	650.309998
   99.90	15024943	650.315002
   99.45	15025165	650.320007
   99.90	15025386	650.325012
   99.00	15025608	650.330017
   99.90	15025829	650.335022
   99.45	15026050	650.340027
   99.90	15026271	650.344971
  100.22	15026493	650.349976
   99.90	15026713	650.354980
   99.45	15026935	650.359985
   99.45	15027156	650.364990
   99.45	15027378	650.369995
   99.90	15027599	650.375000
   99.00	15027820	650.380005
   99.90	15028041	650.385010
   99.00	15028263	650.390015
   99.90	15028483	650.395020
   99.45	15028706	650.400024
   99.90	15028926	650.405029
   99.45	15029148	650.409973
  100.68	15029369	650.414978
   99.45	15029590	650.419983
   99.90	15029812	650.424988
   99.45	15030033	650.429993
   99.90	15030254	650.434998
   99.00	15030476	650.440002
   99.90	15030696	650.445007
   99.45	15030918	650.450012
   99.90	15031139	650.455017
   99.45	15031361	650.460022
   99.45	15031582	650.465027
   99.45	15031803	650.469971
  101.14	15032024	650.474976
   99.00	15032246	650.479980
   99.90	15032466	650.484985
   99.45	15032688	650.489990
   99.90	15032909	650.494995
   99.00	15033131	650.500000
   99.90	15033352	650.505005
   99.45	15033573	650.510010
   99.90	15033794	650.515015
   99.00	15034016	650.520020
   99.90	15034236	650.525024
   99.00	15034458	650.530029
   99.90	15034678	650.534973
  100.68	15034900	650.539978
   99.90	15035121	650.544983
   99.00	15035342	650.549988
   99.90	15035563	650.554993
   99.00	15035785	650.559998
   99.90	15036006	650.565002
   99.45	15036228	650.570007
   99.90	15036448	650.575012
   99.45	15036670	650.580017
   99.45	15036890	650.585022
   99.45	15037112	650.590027
   99.90	15037333	650.594971
  100.22	15037554	650.599976
   99.90	15037775	650.604980
   99.45	15037997	650.609985
   99.45	15038218	650.614990
   99.45	15038440	650.619995
   99.90	15038660	650.625000
   99.45	15038882	650.630005
   99.45	15039103	650.635010
   99.45	15039324	650.640015
   99.90	15039545	650.645020
   99.45	15039767	650.650024
   99.90	15039988	650.655029
   99.00	15040210	650.659973
  101.14	15040430	650.664978
   99.45	15040652	650.669983
   99.45	15040873	650.674988
   99.45	15041094	650.679993
   99.90	15041315	650.684998
   99.00	15041536	650.690002
   99.90	15041757	650.695007
   99.00	15041979	650.700012
   99.90	15042199	650.705017
   99.00	15042421	650.710022
   99.45	15042641	650.715027
   99.45	15042862	650.719971
  100.68	15043083	650.724976
   99.45	15043304	650.729980
   99.45	15043524	650.734985
   99.00	15043746	650.739990
   99.90	15043966	650.744995
   99.00	15044187	650.750000
   99.45	15044407	650.755005
   99.45	15044629	650.760010
   99.45	15044849	650.765015
   99.00	15045070	650.770020
   99.90	15045291	650.775024
   98.55	15045512	650.780029
   99.90	15045732	650.784973
  100.22	15045954	650.789978
   99.45	15046174	650.794983
   99.45	15046395	650.799988
   99.45	15046615	650.804993
   99.00	15046836	650.809998
   99.90	15047057	650.815002
   99.00	15047278	650.820007
   99.45	15047498	650.825012
   99.00	15047720	650.830017
   99.45	15047940	650.835022
   99.00	15048162	650.840027
   99.45	15048382	650.844971
  100.68	15048603	650.849976
   99.45	15048824	650.854980
   99.45	15049045	650.859985
   99.45	15049265	650.864990
   99.00	15049487	650.869995
   99.90	15049707	650.875000
   99.00	15049929	650.880005
   99.90	15050149	650.885010
   99.00	15050371	650.890015
   99.90	15050591	650.895020
   99.00	15050812	650.900024
   99.90	15051033	650.905029
   99.00	15051254	650.909973
  101.14	15051475	650.914978
   99.00	15051697	650.919983
   99.90	15051917	650.924988
   99.00	15052139	650.929993
   99.90	15052359	650.934998
   99.45	15052581	650.940002
   99.45	15052801	650.945007
   99.00	15053023	650.950012
   99.90	15053243	650.955017
   99.00	15053465	650.960022
   99.90	15053685	650.965027
   99.45	15053907	650.969971
  100.68	15054128	650.974976
   99.45	15054349	650.979980
   99.45	15054570	650.984985
   99.45	15054792	650.989990
   99.90	15055013	650.994995
   99.00	15055234	651.000000
  100.35	15055455	651.005005
   99.00	15055677	651.010010
   99.90	15055897	651.015015
   99.45	15056119	651.020020
   99.45	15056340	651.025024
   99.45	15056561	651.030029
   99.90	15056782	651.034973
  100.22	15057004	651.039978
   99.90	15057225	651.044983
   99.45	15057446	651.049988
   99.45	15057667	651.054993
   99.45	15057889	651.059998
   99.90	15058109	651.065002
   99.45	15058331	651.070007
   99.45	15058552	651.075012
   99.45	15058773	651.080017
   99.90	15058994	651.085022
   99.00	15059216	651.090027
   99.90	15059436	651.094971
  100.22	15059658	651.099976
   99.90	15059879	651.104980
   99.00	15060101	651.109985
   99.90	15060321	651.114990
   99.45	15060543	651.119995
   99.45	15060764	651.125000
   99.45	15060985	651.130005
   99.90	15061206	651.135010
   99.00	15061428	651.140015
   99.90	15061648	651.145020
   99.45	15061870	651.150024
   99.45	15062091	651.155029
   99.45	15062312	651.159973
  101.14	15062533	651.164978
   99.00	15062755	651.169983
   99.90	15062976	651.174988
   99.45	15063197	651.179993
   99.90	15063418	651.184998
   99.00	15063640	651.190002
   99.90	15063860	651.195007
   99.45	15064082	651.200012
   99.45	15064303	651.205017
   99.45	15064524	651.210022
   99.90	15064745	651.215027
   99.00	15064967	651.219971
  101.14	15065187	651.224976
   99.45	15065409	651.229980
   99.45	15065630	651.234985
   99.45	15065852	651.239990
   99.90	15066073	651.244995
   99.45	15066294	651.250000
   99.90	15066515	651.255005
   99.00	15066737	651.260010
   99.90	15066958	651.265015
   99.45	15067179	651.270020
   99.45	15067400	651.275024
   99.00	15067622	651.280029
   99.90	15067842	651.284973
  100.68	15068064	651.289978
   99.45	15068285	651.294983
   99.45	15068506	651.299988
   99.90	15068727	651.304993
   99.00	15068949	651.309998
   99.90	15069169	651.315002
   99.45	15069391	651.320007
   99.45	15069611	651.325012
   99.45	15069833	651.330017
   99.45	15070053	651.335022
   99.00	15070274	651.340027
   99.90	15070495	651.344971
  100.22	15070716	651.349976
   99.90	15070936	651.354980
   98.55	15071158	651.359985
   99.90	15071378	651.364990
   99.00	15071600	651.369995
   99.45	15071820	651.375000
   99.45	15072041	651.380005
   99.90	15072262	651.385010
   98.55	15072483	651.390015
   99.90	15072703	651.395020
   99.00	15072925	651.400024
   99.90	15073145	651.405029
   99.00	15073367	651.409973
  100.68	15073587	651.414978
   99.45	15073808	651.419983
   99.45	15074029	651.424988
   99.00	15074250	651.429993
   99.90	15074470	651.434998
   99.00	15074692	651.440002
   99.90	15074912	651.445007
   99.00	15075134	651.450012
   99.90	15075354	651.455017
   99.00	15075576	651.460022
   99.90	15075796	651.465027
   99.00	15076017	651.469971
  101.14	15076238	651.474976
   99.00	15076460	651.479980
   99.90	15076680	651.484985
   99.00	15076902	651.489990
   99.90	15077122	651.494995
   99.00	15077344	651.500000
   99.90	15077564	651.505005
   99.00	15077785	651.510010
   99.90	15078006	651.515015
   99.00	15078227	651.520020
   99.90	15078448	651.525024
   99.00	15078669	651.530029
   99.90	15078889	651.534973
  100.22	15079111	651.539978
   99.45	15079331	651.544983
   99.45	15079553	651.549988
   99.45	15079774	651.554993
   99.45	15079995	651.559998
   99.45	15080216	651.565002
   99.00	15080437	651.570007
   99.45	15080657	651.575012
   99.00	15080879	651.580017
   99.45	15081099	651.585022
   99.45	15081321	651.590027
   99.45	15081542	651.594971
  100.68	15081763	651.599976
   99.90	15081984	651.604980
   99.00	15082205	651.609985
   99.90	15082426	651.614990
   99.00	15082648	651.619995
   99.90	15082868	651.625000
   99.45	15083090	651.630005
   99.45	15083310	651.635010
   99.45	15083532	651.640015
   99.90	15083753	651.645020
   99.00	15083974	651.650024
   99.90	15084195	651.655029
   99.45	15084417	651.659973
  100.68	15084637	651.664978
   99.45	15084859	651.669983
   99.45	15085080	651.674988
   99.90	15085302	651.679993
   99.45	15085523	651.684998
   99.45	15085744	651.690002
   99.90	15085965	651.695007
   99.00	15086187	651.700012
   99.90	15086407	651.705017
   99.45	15086629	651.710022
   99.45	15086850	651.715027
   99.45	15087072	651.719971
  101.14	15087293	651.724976
   99.45	15087514	651.729980
   99.90	15087735	651.734985
   99.00	15087957	651.739990
   99.90	15088177	651.744995
   99.45	15088399	651.750000
   99.90	15088620	651.755005
   99.00	15088842	651.760010
   99.90	15089062	651.765015
   99.45	15089284	651.770020
   99.45	15089505	651.775024
   99.45	15089726	651.780029
   99.90	15089947	651.784973
  100.22	15090169	651.789978
   99.90	15090389	651.794983
   99.00	15090611	651.799988
   99.90	15090831	651.804993
   99.45	15091053	651.809998
   99.45	15091274	651.815002
   99.45	15091496	651.820007
   99.90	15091717	651.825012
   99.00	15091938	651.830017
  100.35	15092159	651.835022
   99.00	15092381	651.840027
   99.90	15092601	651.844971
  100.68	15092823	651.849976
   99.90	15093044	651.854980
   99.00	15093265	651.859985
   99.90	15093487	651.864990
   99.00	15093708	651.869995
  100.35	15093929	651.875000
   99.00	15094151	651.880005
   99.90	15094371	651.885010
   99.45	15094593	651.890015
   99.45	15094814	651.895020
   99.45	15095035	651.900024
   99.90	15095256	651.905029
   99.00	15095478	651.909973
  101.14	15095698	651.914978
   99.45	15095920	651.919983
   99.45	15096141	651.924988
   99.45	15096363	651.929993
   99.90	15096583	651.934998
   99.00	15096805	651.940002
   99.90	15097025	651.945007
   99.00	15097247	651.950012
   99.90	15097468	651.955017
   99.45	15097689	651.960022
   99.45	15097909	651.965027
   99.45	15098131	651.969971
  100.68	15098351	651.974976
   99.00	15098573	651.979980
   99.90	15098793	651.984985
   99.00	15099014	651.989990
   99.45	15099235	651.994995
   99.45	15099456	652.000000
   99.45	15099676	652.005005
   99.00	15099898	652.010010
   99.90	15100118	652.015015
   99.00	15100339	652.020020
   99.45	15100559	652.025024
   99.45	15100781	652.030029
   99.45	15101001	652.034973
  100.22	15101222	652.039978
   99.90	15101443	652.044983
   99.00	15101664	652.049988
   99.90	15101884	652.054993
   99.00	15102106	652.059998
   99.45	15102326	652.065002
   99.45	15102548	652.070007
   99.45	15102768	652.075012
   99.00	15102989	652.080017
   99.90	15103210	652.085022
   99.00	15103431	652.090027
   99.90	15103652	652.094971
  100.22	15103873	652.099976
   99.45	15104094	652.104980
   99.45	15104315	652.109985
   99.45	15104536	652.114990
   99.45	15104757	652.119995
   99.45	15104978	652.125000
   99.45	15105199	652.130005
   99.45	15105420	652.135010
   99.45	15105641	652.140015
   99.90	15105861	652.145020
   98.55	15106083	652.150024
   99.90	15106303	652.155029
   99.45	15106525	652.159973
  100.68	15106745	652.164978
   99.45	15106967	652.169983
   99.45	15107188	652.174988
   99.45	15107409	652.179993
   99.45	15107630	652.184998
   99.45	15107851	652.190002
   99.90	15108072	652.195007
   99.00	15108294	652.200012
   99.90	15108514	652.205017
   99.45	15108736	652.210022
   99.45	15108957	652.215027
   99.45	15109178	652.219971
  100.68	15109399	652.224976
   99.45	15109620	652.229980
   99.90	15109841	652.234985
   99.00	15110063	652.239990
   99.90	15110283	652.244995
   99.45	15110505	652.250000
   99.45	15110726	652.255005
   99.45	15110947	652.260010
   99.90	15111168	652.265015
   99.00	15111390	652.270020
  100.35	15111611	652.275024
   99.00	15111833	652.280029
   99.90	15112053	652.284973
  100.68	15112275	652.289978
   99.45	15112496	652.294983
   99.45	15112717	652.299988
   99.90	15112939	652.304993
   99.45	15113160	652.309998
   99.90	15113381	652.315002
   99.45	15113603	652.320007
   99.45	15113824	652.325012
   99.45	15114046	652.330017
   99.90	15114266	652.335022
   99.45	15114488	652.340027
   99.90	15114709	652.344971
  100.22	15114931	652.349976
  100.35	15115152	652.354980
   99.00	15115374	652.359985
   99.90	15115594	652.364990
   99.45	15115817	652.369995
   99.90	15116037	652.375000
   99.45	15116259	652.380005
   99.90	15116480	652.385010
   99.00	15116702	652.390015
   99.90	15116923	652.395020
   99.45	15117144	652.400024
   99.90	15117365	652.405029
   99.00	15117587	652.409973
  101.14	15117807	652.414978
   99.45	15118029	652.419983
   99.90	15118250	652.424988
   99.45	15118472	652.429993
   99.45	15118693	652.434998
   99.45	15118914	652.440002
   99.90	15119135	652.445007
   99.00	15119357	652.450012
  100.35	15119578	652.455017
   99.00	15119800	652.460022
   99.90	15120020	652.465027
   99.45	15120242	652.469971
  101.14	15120463	652.474976
   99.45	15120685	652.479980
   99.90	15120906	652.484985
   99.00	15121128	652.489990
   99.90	15121348	652.494995
   99.45	15121571	652.500000
   99.90	15121791	652.505005
   99.45	15122013	652.510010
   99.90	15122234	652.515015
   99.00	15122455	652.520020
   99.90	15122677	652.525024
   99.00	15122898	652.530029
  100.35	15123119	652.534973
  100.22	15123341	652.539978
   99.90	15123561	652.544983
   99.45	15123784	652.549988
   99.90	15124004	652.554993
   99.45	15124226	652.559998
   99.90	15124447	652.565002
   99.00	15124669	652.570007
   99.90	15124889	652.575012
   99.45	15125111	652.580017
   99.45	15125332	652.585022
   99.00	15125554	652.590027
   99.90	15125774	652.594971
  100.22	15125995	652.599976
   99.90	15126216	652.604980
   99.00	15126437	652.609985
   99.90	15126658	652.614990
   99.00	15126879	652.619995
   99.90	15127099	652.625000
   99.00	15127321	652.630005
   99.45	15127541	652.635010
   99.45	15127763	652.640015
   99.45	15127983	652.645020
   99.45	15128204	652.650024
   99.45	15128425	652.655029
   99.00	15128646	652.659973
  101.14	15128867	652.664978
   99.00	15129088	652.669983
   99.45	15129308	652.674988
   99.45	15129530	652.679993
   99.45	15129750	652.684998
   99.45	15129972	652.690002
   99.45	15130192	652.695007
   99.00	15130413	652.700012
   99.90	15130634	652.705017
   99.00	15130856	652.710022
   99.90	15131076	652.715027
   99.00	15131298	652.719971
  100.68	15131518	652.724976
   99.45	15131739	652.729980
   99.45	15131960	652.734985
   99.45	15132181	652.739990
   99.90	15132402	652.744995
   99.00	15132623	652.750000
   99.90	15132844	652.755005
   99.00	15133065	652.760010
   99.45	15133286	652.765015
   99.45	15133507	652.770020
   99.45	15133728	652.775024
   99.45	15133949	652.780029
   99.45	15134170	652.784973
  100.68	15134391	652.789978
   99.90	15134612	652.794983
   99.00	15134833	652.799988
   99.45	15135054	652.804993
   99.45	15135276	652.809998
   99.90	15135496	652.815002
   99.00	15135718	652.820007
   99.90	15135938	652.825012
   99.45	15136160	652.830017
   99.45	15136381	652.835022
   99.45	15136602	652.840027
   99.90	15136823	652.844971
  100.22	15137045	652.849976
   99.90	15137265	652.854980
   99.45	15137487	652.859985
   99.45	15137708	652.864990
   99.45	15137930	652.869995
   99.90	15138151	652.875000
   99.45	15138372	652.880005
   99.90	15138593	652.885010
   99.00	15138815	652.890015
   99.90	15139035	652.895020
   99.45	15139257	652.900024
   99.45	15139478	652.905029
   99.90	15139700	652.909973
  100.68	15139921	652.914978
   99.45	15140142	652.919983
   99.90	15140363	652.924988
   99.00	15140585	652.929993
   99.90	15140806	652.934998
   99.45	15141028	652.940002
   99.90	15141248	652.945007
   99.45	15141470	652.950012
   99.45	15141691	652.955017
   99.45	15141912	652.960022
   99.90	15142133	652.965027
   99.45	15142355	652.969971
  100.68	15142575	652.974976
   99.45	15142798	652.979980
   99.45	15143018	652.984985
   99.45	15143240	652.989990
   99.90	15143460	652.994995
   99.45	15143682	653.000000
   99.45	15143903	653.005005
   99.45	15144124	653.010010
   99.90	15144345	653.015015
   99.00	15144567	653.020020
   99.90	15144787	653.025024
   99.45	15145010	653.030029
   99.90	15145230	653.034973
  100.22	15145452	653.039978
   99.90	15145672	653.044983
   99.00	15145894	653.049988
   99.45	15146114	653.054993
   99.45	15146336	653.059998
   99.90	15146557	653.065002
   99.00	15146779	653.070007
   99.90	15146999	653.075012
   99.45	15147221	653.080017
   99.45	15147441	653.085022
   99.45	15147663	653.090027
   99.45	15147884	653.094971
  100.68	15148105	653.099976
   99.90	15148326	653.104980
   99.00	15148548	653.109985
   99.90	15148768	653.114990
   99.00	15148990	653.119995
   99.90	15149210	653.125000
   99.45	15149432	653.130005
   99.45	15149653	653.135010
   99.45	15149874	653.140015
   99.90	15150095	653.145020
   99.00	15150317	653.150024
   99.90	15150537	653.155029
   99.45	15150759	653.159973
  100.68	15150980	653.164978
   99.45	15151201	653.169983
   99.90	15151422	653.174988
   99.00	15151644	653.179993
   99.90	15151864	653.184998
   99.45	15152086	653.190002
   99.45	15152307	653.195007
   99.00	15152528	653.200012
   99.45	15152749	653.205017
   99.45	15152970	653.210022
   99.90	15153191	653.215027
   99.00	15153412	653.219971
  101.14	15153633	653.224976
   99.00	15153854	653.229980
   99.90	15154075	653.234985
   99.00	15154296	653.239990
   99.45	15154516	653.244995
   99.00	15154738	653.250000
   99.90	15154958	653.255005
   99.00	15155179	653.260010
   99.45	15155399	653.265015
   99.00	15155620	653.270020
   99.90	15155841	653.275024
   99.00	15156062	653.280029
   99.90	15156282	653.284973
   99.77	15156504	653.289978
   99.90	15156724	653.294983
   99.00	15156945	653.299988
   99.90	15157166	653.304993
   99.00	15157387	653.309998
   99.90	15157608	653.315002
   99.00	15157829	653.320007
   99.45	15158049	653.325012
   98.55	15158271	653.330017
   99.90	15158491	653.335022
   99.45	15158713	653.340027
   99.45	15158933	653.344971
  100.22	15159154	653.349976
   99.45	15159375	653.354980
   99.00	15159596	653.359985
   99.90	15159817	653.364990
   99.00	15160039	653.369995
   99.90	15160259	653.375000
   99.00	15160481	653.380005
   99.45	15160701	653.385010
   99.45	15160922	653.390015
   99.45	15161143	653.395020
   99.00	15161364	653.400024
   99.90	15161585	653.405029
   99.00	15161806	653.409973
  101.14	15162027	653.414978
   99.00	15162249	653.419983
   99.45	15162469	653.424988
   99.45	15162691	653.429993
   99.90	15162911	653.434998
   99.00	15163132	653.440002
   99.90	15163353	653.445007
   99.00	15163574	653.450012
   99.90	15163795	653.455017
   99.00	15164017	653.460022
   99.90	15164237	653.465027
   99.00	15164459	653.469971
  101.14	15164679	653.474976
   99.00	15164900	653.479980
   99.90	15165121	653.484985
   99.00	15165342	653.489990
   99.90	15165563	653.494995
   99.00	15165785	653.500000
   99.90	15166005	653.505005
   99.00	15166227	653.510010
   99.90	15166447	653.515015
   99.45	15166669	653.520020
   99.45	15166890	653.525024
   99.45	15167111	653.530029
   99.90	15167332	653.534973
  100.22	15167554	653.539978
   99.90	15167774	653.544983
   99.00	15167996	653.549988
   99.90	15168216	653.554993
   99.45	15168438	653.559998
   99.45	15168659	653.565002
   99.45	15168880	653.570007
   99.90	15169101	653.575012
   99.00	15169323	653.580017
   99.90	15169543	653.585022
   99.00	15169765	653.590027
   99.90	15169986	653.594971
  100.22	15170208	653.599976
   99.90	15170428	653.604980
   99.45	15170650	653.609985
   99.45	15170871	653.614990
   99.45	15171092	653.619995
   99.90	15171313	653.625000
   99.00	15171535	653.630005
   99.90	15171755	653.635010
   99.45	15171977	653.640015
   99.45	15172198	653.645020
   99.45	15172419	653.650024
   99.90	15172640	653.655029
   99.00	15172861	653.659973
  101.14	15173082	653.664978
   99.00	15173304	653.669983
   99.90	15173524	653.674988
   99.45	15173746	653.679993
   99.45	15173966	653.684998
   99.45	15174188	653.690002
   99.45	15174409	653.695007
   99.45	15174630	653.700012
   99.45	15174851	653.705017
   99.45	15175072	653.710022
   99.90	15175293	653.715027
   99.00	15175514	653.719971
  101.14	15175735	653.724976
   99.00	15175957	653.729980
   99.45	15176177	653.734985
   99.45	15176398	653.739990
   99.45	15176619	653.744995
   99.45	15176840	653.750000
   99.90	15177061	653.755005
   99.00	15177282	653.760010
   99.90	15177503	653.765015
   99.00	15177725	653.770020
   99.90	15177945	653.775024
   99.00	15178167	653.780029
   99.45	15178387	653.784973
  100.22	15178609	653.789978
   99.45	15178829	653.794983
   99.00	15179051	653.799988
   99.90	15179271	653.804993
   99.45	15179493	653.809998
   99.45	15179713	653.815002
   99.45	15179935	653.820007
   99.45	15180155	653.825012
   99.45	15180377	653.830017
   99.45	15180598	653.835022
   99.45	15180819	653.840027
   99.45	15181040	653.844971
  100.68	15181261	653.849976
   99.90	15181481	653.854980
   99.00	15181703	653.859985
   99.45	15181923	653.864990
   99.45	15182145	653.869995
   99.45	15182365	653.875000
   99.00	15182586	653.880005
   99.45	15182807	653.885010
   98.55	15183028	653.890015
   99.45	15183248	653.895020
   99.00	15183469	653.900024
   99.45	15183689	653.905029
   99.00	15183911	653.909973
  100.68	15184131	653.914978
   99.45	15184352	653.919983
   99.45	15184572	653.924988
   99.00	15184793	653.929993
   99.90	15185014	653.934998
   98.55	15185235	653.940002
   99.90	15185455	653.945007
   99.00	15185676	653.950012
   99.45	15185896	653.955017
   99.45	15186118	653.960022
   99.45	15186338	653.965027
   99.00	15186559	653.969971
  100.68	15186779	653.974976
   99.00	15187000	653.979980
   99.90	15187220	653.984985
   98.55	15187442	653.989990
   99.90	15187662	653.994995
   99.00	15187884	654.000000
   99.00	15188104	654.005005
   99.45	15188325	654.010010
   99.45	15188546	654.015015
   99.00	15188767	654.020020
   99.90	15188987	654.025024
   99.00	15189208	654.030029
   99.45	15189428	654.034973
  100.68	15189650	654.039978
   99.45	15189870	654.044983
   99.00	15190091	654.049988
   99.90	15190312	654.054993
   99.00	15190533	654.059998
   99.45	15190753	654.065002
   99.00	15190975	654.070007
   99.90	15191195	654.075012
   99.00	15191416	654.080017
   99.45	15191636	654.085022
   99.00	15191858	654.090027
   99.90	15192078	654.094971
  100.22	15192299	654.099976
   99.45	15192519	654.104980
   99.00	15192741	654.109985
   99.90	15192961	654.114990
   99.00	15193182	654.119995
   99.90	15193402	654.125000
   99.00	15193624	654.130005
   99.45	15193844	654.135010
   99.45	15194066	654.140015
   99.45	15194286	654.145020
   99.00	15194507	654.150024
   99.90	15194728	654.155029
   99.00	15194950	654.159973
  101.14	15195170	654.164978
   99.00	15195392	654.169983
   99.45	15195612	654.174988
   99.45	15195833	654.179993
   99.45	15196054	654.184998
   99.45	15196275	654.190002
   99.45	15196495	654.195007
   99.00	15196717	654.200012
   99.90	15196937	654.205017
   99.00	15197159	654.210022
   99.90	15197379	654.215027
   99.00	15197600	654.219971
  100.68	15197821	654.224976
   99.45	15198042	654.229980
   99.90	15198263	654.234985
   99.00	15198484	654.239990
   99.90	15198705	654.244995
   99.00	15198926	654.250000
   99.45	15199147	654.255005
   99.45	15199368	654.260010
   99.45	15199589	654.265015
   99.45	15199810	654.270020
   99.45	15200031	654.275024
   99.45	15200252	654.280029
   99.45	15200472	654.284973
  100.22	15200694	654.289978
   99.45	15200914	654.294983
   99.00	15201136	654.299988
   99.90	15201356	654.304993
   99.00	15201577	654.309998
   99.90	15201798	654.315002
   99.00	15202019	654.320007
   99.45	15202240	654.325012
   99.45	15202461	654.330017
   99.45	15202681	654.335022
   99.00	15202903	654.340027
   99.90	15203123	654.344971
  100.22	15203345	654.349976
   99.90	15203565	654.354980
   99.45	15203787	654.359985
   99.45	15204007	654.364990
   99.00	15204229	654.369995
   99.90	15204449	654.375000
   99.00	15204671	654.380005
   99.90	15204891	654.385010
   99.45	15205113	654.390015
   99.45	15205333	654.395020
   99.45	15205555	654.400024
   99.45	15205776	654.405029
   99.45	15205997	654.409973
  101.14	15206218	654.414978
   99.00	15206439	654.419983
   99.90	15206660	654.424988
   99.00	15206882	654.429993
   99.90	15207102	654.434998
   99.45	15207324	654.440002
   99.45	15207544	654.445007
   99.45	15207766	654.450012
   99.45	15207987	654.455017
   99.45	15208208	654.460022
   99.90	15208429	654.465027
   99.00	15208651	654.469971
  101.14	15208871	654.474976
   99.00	15209093	654.479980
   99.45	15209313	654.484985
   99.45	15209535	654.489990
   99.45	15209756	654.494995
   99.00	15209977	654.500000
   99.45	15210198	654.505005
   99.45	15210419	654.510010
   99.45	15210639	654.515015
   99.00	15210861	654.520020
   99.90	15211081	654.525024
   99.00	15211302	654.530029
   99.45	15211523	654.534973
  100.68	15211744	654.539978
   99.45	15211964	654.544983
   99.00	15212185	654.549988
   99.90	15212406	654.554993