   11.84	22735552	956.349976
   12.60	22735578	956.354980
   10.80	22735605	956.359985
   12.60	22735630	956.364990
   10.80	22735657	956.369995
   12.60	22735682	956.375000
   10.80	22735708	956.380005
   12.60	22735734	956.385010
   10.80	22735761	956.390015
   12.60	22735787	956.395020
   10.80	22735812	956.400024
   12.60	22735838	956.405029
   10.80	22735864	956.409973
   12.76	22735891	956.414978
   10.80	22735917	956.419983
   12.60	22735943	956.424988
   11.70	22735969	956.429993
   11.70	22735995	956.434998
   11.70	22736021	956.440002
   11.70	22736047	956.445007
   10.80	22736073	956.450012
   12.60	22736099	956.455017
   11.70	22736125	956.460022
   11.70	22736151	956.465027
   11.70	22736177	956.469971
   11.84	22736203	956.474976
   11.70	22736229	956.479980
   11.70	22736256	956.484985
   11.70	22736282	956.489990
   11.70	22736308	956.494995
   12.60	22736334	956.500000
   10.80	22736360	956.505005
   12.60	22736386	956.510010
   10.80	22736412	956.515015
   11.70	22736438	956.520020
   11.70	22736464	956.525024
   12.60	22736491	956.530029
   10.80	22736516	956.534973
   12.76	22736542	956.539978
   10.80	22736568	956.544983
   12.60	22736594	956.549988
   10.80	22736621	956.554993
   12.60	22736647	956.559998
   10.80	22736673	956.565002
   12.60	22736699	956.570007
   11.70	22736725	956.575012
   11.70	22736751	956.580017
   11.70	22736777	956.585022
   11.70	22736803	956.590027
   11.70	22736829	956.594971
   11.84	22736856	956.599976
   11.70	22736882	956.604980
   11.70	22736907	956.609985
   11.70	22736933	956.614990
   11.70	22736960	956.619995
   12.60	22736986	956.625000
   10.80	22737012	956.630005
   11.70	22737038	956.635010
   11.70	22737064	956.640015
   12.60	22737090	956.645020
   10.80	22737116	956.650024
   11.70	22737142	956.655029
   11.70	22737168	956.659973
   11.84	22737194	956.664978
   11.70	22737220	956.669983
   12.60	22737246	956.674988
   10.80	22737272	956.679993
   12.60	22737298	956.684998
   10.80	22737324	956.690002
   12.60	22737350	956.695007
   10.80	22737376	956.700012
   12.60	22737402	956.705017
   10.80	22737428	956.710022
   12.60	22737455	956.715027
   10.80	22737480	956.719971
   12.76	22737506	956.724976
   10.80	22737532	956.729980
   12.60	22737558	956.734985
   10.80	22737585	956.739990
   12.60	22737610	956.744995
   10.80	22737637	956.750000
   12.60	22737662	956.755005
   10.80	22737689	956.760010
   12.60	22737715	956.765015
   10.80	22737741	956.770020
   12.60	22737767	956.775024
   11.70	22737793	956.780029
   11.70	22737819	956.784973
   11.84	22737845	956.789978
   11.70	22737871	956.794983
   11.70	22737897	956.799988
   11.70	22737923	956.804993
   11.70	22737950	956.809998
   11.70	22737975	956.815002
   11.70	22738001	956.820007
   11.70	22738027	956.825012
   11.70	22738054	956.830017
   11.70	22738080	956.835022
   11.70	22738106	956.840027
   11.70	22738132	956.844971
   12.76	22738158	956.849976
   10.80	22738184	956.854980
   12.60	22738210	956.859985
   10.80	22738236	956.864990
   12.60	22738262	956.869995
   10.80	22738288	956.875000
   12.60	22738314	956.880005
   10.80	22738340	956.885010
   12.60	22738366	956.890015
   10.80	22738392	956.895020
   12.60	22738419	956.900024
   10.80	22738444	956.905029
   12.60	22738471	956.909973
   10.93	22738497	956.914978
   12.60	22738523	956.919983
   10.80	22738549	956.924988
   12.60	22738574	956.929993
   10.80	22738600	956.934998
   12.60	22738626	956.940002
   10.80	22738652	956.945007
   12.60	22738678	956.950012
   10.80	22738704	956.955017
   12.60	22738730	956.960022
   10.80	22738756	956.965027
   12.60	22738782	956.969971
   10.93	22738808	956.974976
   12.60	22738835	956.979980
   10.80	22738860	956.984985
   12.60	22738887	956.989990
   10.80	22738913	956.994995
   12.60	22738938	957.000000
   10.80	22738964	957.005005
   12.60	22738990	957.010010
   10.80	22739017	957.015015
   12.60	22739042	957.020020
   10.80	22739068	957.025024
   12.60	22739094	957.030029
   10.80	22739120	957.034973
   12.76	22739147	957.039978
   10.80	22739172	957.044983
   12.60	22739199	957.049988
   10.80	22739224	957.054993
   12.60	22739251	957.059998
   10.80	22739276	957.065002
   12.60	22739302	957.070007
   10.80	22739328	957.075012
   12.60	22739354	957.080017
   10.80	22739380	957.085022
   12.60	22739406	957.090027
   10.80	22739432	957.094971
   12.76	22739458	957.099976
   10.80	22739484	957.104980
   12.60	22739510	957.109985
   10.80	22739536	957.114990
   12.60	22739562	957.119995
   10.80	22739588	957.125000
   12.60	22739614	957.130005
   10.80	22739640	957.135010
   11.70	22739665	957.140015
   11.70	22739691	957.145020
   11.70	22739717	957.150024
   11.70	22739744	957.155029
   11.70	22739769	957.159973
   11.84	22739795	957.164978
   11.70	22739821	957.169983
   11.70	22739847	957.174988
   11.70	22739873	957.179993
   11.70	22739899	957.184998
   10.80	22739925	957.190002
   12.60	22739951	957.195007
   10.80	22739977	957.200012
   12.60	22740002	957.205017
   10.80	22740028	957.210022
   12.60	22740054	957.215027
   10.80	22740080	957.219971
   12.76	22740106	957.224976
   10.80	22740132	957.229980
   11.70	22740158	957.234985
   11.70	22740184	957.239990
   11.70	22740210	957.244995
   11.70	22740236	957.250000
   11.70	22740261	957.255005
   11.70	22740288	957.260010
   11.70	22740313	957.265015
   11.70	22740340	957.270020
   11.70	22740365	957.275024
   11.70	22740391	957.280029
   11.70	22740417	957.284973
   11.84	22740443	957.289978
   11.70	22740469	957.294983
   11.70	22740495	957.299988
   10.80	22740520	957.304993
   12.60	22740546	957.309998
   10.80	22740573	957.315002
   12.60	22740599	957.320007
   10.80	22740624	957.325012
   12.60	22740651	957.330017
   10.80	22740676	957.335022
   12.60	22740703	957.340027
   10.80	22740728	957.344971
   11.84	22740754	957.349976
   11.70	22740780	957.354980
   11.70	22740806	957.359985
   11.70	22740832	957.364990
   11.70	22740857	957.369995
   11.70	22740883	957.375000
   11.70	22740909	957.380005
   11.70	22740935	957.385010
   11.70	22740961	957.390015
   11.70	22740987	957.395020
   11.70	22741013	957.400024
   11.70	22741039	957.405029
   11.70	22741065	957.409973
   11.84	22741090	957.414978
   10.80	22741116	957.419983
   12.60	22741142	957.424988
   10.80	22741169	957.429993
   12.60	22741194	957.434998
   10.80	22741220	957.440002
   11.70	22741246	957.445007
   11.70	22741272	957.450012
   11.70	22741298	957.455017
   11.70	22741324	957.460022
   11.70	22741350	957.465027
   11.70	22741376	957.469971
   11.84	22741402	957.474976
   11.70	22741428	957.479980
   11.70	22741453	957.484985
   11.70	22741479	957.489990
   11.70	22741505	957.494995
   11.70	22741532	957.500000
   11.70	22741557	957.505005
   11.70	22741583	957.510010
   11.70	22741609	957.515015
   11.70	22741635	957.520020
   11.70	22741661	957.525024
   11.70	22741687	957.530029
   10.80	22741713	957.534973
   12.76	22741739	957.539978
   11.70	22741765	957.544983
   11.70	22741791	957.549988
   10.80	22741816	957.554993
   12.60	22741842	957.559998
   10.80	22741868	957.565002
   12.60	22741895	957.570007
   10.80	22741920	957.575012
   12.60	22741946	957.580017
   10.80	22741972	957.585022
   11.70	22741998	957.590027
   11.70	22742024	957.594971
   12.76	22742050	957.599976
   10.80	22742076	957.604980
   12.60	22742102	957.609985
   10.80	22742128	957.614990
   12.60	22742154	957.619995
   10.80	22742179	957.625000
   11.70	22742205	957.630005
   11.70	22742231	957.635010
   11.70	22742258	957.640015
   11.70	22742283	957.645020
   10.80	22742309	957.650024
   12.60	22742335	957.655029
   10.80	22742360	957.659973
   12.76	22742387	957.664978
   10.80	22742412	957.669983
   12.60	22742438	957.674988
   10.80	22742464	957.679993
   12.60	22742490	957.684998
   10.80	22742516	957.690002
   11.70	22742541	957.695007
   11.70	22742567	957.700012
   11.70	22742593	957.705017
   11.70	22742619	957.710022
   11.70	22742645	957.715027
   11.70	22742670	957.719971
   10.93	22742696	957.724976
   11.70	22742722	957.729980
   11.70	22742748	957.734985
   11.70	22742774	957.739990
   11.70	22742800	957.744995
   11.70	22742826	957.750000
   11.70	22742851	957.755005
   11.70	22742877	957.760010
   11.70	22742902	957.765015
   10.80	22742928	957.770020
   12.60	22742954	957.775024
   10.80	22742980	957.780029
   11.70	22743005	957.784973
   11.84	22743031	957.789978
   10.80	22743057	957.794983
   12.60	22743082	957.799988
   10.80	22743108	957.804993
   12.60	22743134	957.809998
   10.80	22743160	957.815002
   11.70	22743185	957.820007
   11.70	22743211	957.825012
   10.80	22743236	957.830017
   12.60	22743262	957.835022
   10.80	22743287	957.840027
   11.70	22743313	957.844971
   11.84	22743339	957.849976
   10.80	22743364	957.854980
   11.70	22743390	957.859985
   11.70	22743415	957.864990
   10.80	22743441	957.869995
   12.60	22743466	957.875000
   10.80	22743492	957.880005
   11.70	22743518	957.885010
   11.70	22743543	957.890015
   10.80	22743569	957.895020
   12.60	22743594	957.900024
   10.80	22743619	957.905029
   10.80	22743645	957.909973
   12.76	22743670	957.914978
   10.80	22743696	957.919983
   11.70	22743721	957.924988
   11.70	22743746	957.929993
   10.80	22743772	957.934998
   11.70	22743797	957.940002
   11.70	22743823	957.945007
   10.80	22743849	957.950012
   12.60	22743874	957.955017
   10.80	22743900	957.960022
   11.70	22743925	957.965027
   11.70	22743951	957.969971
   10.93	22743976	957.974976
   11.70	22744001	957.979980
   11.70	22744027	957.984985
   10.80	22744053	957.989990
   12.60	22744078	957.994995
   10.80	22744103	958.000000
   11.70	22744129	958.005005
   11.70	22744154	958.010010
   10.80	22744180	958.015015
   11.70	22744205	958.020020
   11.70	22744231	958.025024
   11.70	22744257	958.030029
   11.70	22744282	958.034973
   10.93	22744308	958.039978
   11.70	22744333	958.044983
   11.70	22744359	958.049988
   10.80	22744384	958.054993
   12.60	22744410	958.059998
   10.80	22744436	958.065002
   11.70	22744461	958.070007
   11.70	22744487	958.075012
   10.80	22744512	958.080017
   12.60	22744538	958.085022
   10.80	22744564	958.090027
   11.70	22744589	958.094971
   11.84	22744615	958.099976
   10.80	22744640	958.104980
   12.60	22744666	958.109985
   10.80	22744691	958.114990
   10.80	22744717	958.119995
   12.60	22744742	958.125000
   10.80	22744768	958.130005
   12.60	22744794	958.135010
   10.80	22744819	958.140015
   10.80	22744844	958.145020
   12.60	22744870	958.150024
   10.80	22744896	958.155029
   11.70	22744921	958.159973
   11.84	22744947	958.164978
   11.70	22744973	958.169983
   11.70	22744998	958.174988
   10.80	22745024	958.179993
   11.70	22745049	958.184998
   11.70	22745075	958.190002
   10.80	22745100	958.195007
   12.60	22745126	958.200012
   10.80	22745152	958.205017
   11.70	22745177	958.210022
   11.70	22745203	958.215027
   10.80	22745228	958.219971
   12.76	22745254	958.224976
   10.80	22745280	958.229980
   11.70	22745305	958.234985
   11.70	22745331	958.239990
   10.80	22745356	958.244995
   12.60	22745382	958.250000
   10.80	22745407	958.255005
   10.80	22745433	958.260010
   12.60	22745458	958.265015
   10.80	22745484	958.270020
   12.60	22745510	958.275024
   10.80	22745535	958.280029
   10.80	22745561	958.284973
   12.76	22745586	958.289978
   10.80	22745612	958.294983
   11.70	22745638	958.299988
   11.70	22745663	958.304993
   11.70	22745689	958.309998
   11.70	22745715	958.315002
   10.80	22745740	958.320007
   12.60	22745766	958.325012
   10.80	22745791	958.330017
   11.70	22745817	958.335022
   11.70	22745843	958.340027
   10.80	22745868	958.344971
   12.76	22745894	958.349976
   10.80	22745919	958.354980
   11.70	22745945	958.359985
   11.70	22745971	958.364990
   10.80	22745997	958.369995
   12.60	22746022	958.375000
   10.80	22746048	958.380005
   11.70	22746073	958.385010
   11.70	22746099	958.390015
   10.80	22746124	958.395020
   12.60	22746150	958.400024
   10.80	22746176	958.405029
   11.70	22746201	958.409973
   11.84	22746227	958.414978
   10.80	22746252	958.419983
   12.60	22746278	958.424988
   10.80	22746304	958.429993
   11.70	22746329	958.434998
   11.70	22746355	958.440002
   10.80	22746381	958.445007
   12.60	22746407	958.450012
   10.80	22746432	958.455017
   12.60	22746458	958.460022
   10.80	22746483	958.465027
   10.80	22746509	958.469971
   12.76	22746534	958.474976
   10.80	22746560	958.479980
   12.60	22746586	958.484985
   10.80	22746611	958.489990
   10.80	22746637	958.494995
   12.60	22746662	958.500000
   10.80	22746688	958.505005
   12.60	22746714	958.510010
   10.80	22746739	958.515015
   11.70	22746765	958.520020
   11.70	22746791	958.525024
   10.80	22746817	958.530029
   12.60	22746842	958.534973
   10.93	22746867	958.539978
   11.70	22746893	958.544983
   11.70	22746919	958.549988
   11.70	22746945	958.554993
   11.70	22746970	958.559998
   10.80	22746996	958.565002
   11.70	22747021	958.570007
   11.70	22747047	958.575012
   11.70	22747073	958.580017
   11.70	22747099	958.585022
   10.80	22747125	958.590027
   12.60	22747150	958.594971
   10.93	22747176	958.599976
   11.70	22747201	958.604980
   11.70	22747227	958.609985
   10.80	22747252	958.614990
   12.60	22747278	958.619995
   10.80	22747304	958.625000
   12.60	22747330	958.630005
   10.80	22747355	958.635010
   11.70	22747381	958.640015
   11.70	22747407	958.645020
   10.80	22747433	958.650024
   12.60	22747458	958.655029
   10.80	22747484	958.659973
   11.84	22747510	958.664978
   11.70	22747536	958.669983
   11.70	22747561	958.674988
   11.70	22747586	958.679993
   10.80	22747612	958.684998
   11.70	22747638	958.690002
   11.70	22747664	958.695007
   11.70	22747689	958.700012
   11.70	22747715	958.705017
   10.80	22747740	958.710022
   12.60	22747766	958.715027
   10.80	22747792	958.719971
   11.84	22747818	958.724976
   11.70	22747844	958.729980
   11.70	22747869	958.734985
   11.70	22747895	958.739990
   11.70	22747921	958.744995
   11.70	22747946	958.750000
   10.80	22747972	958.755005
   11.70	22747998	958.760010
   11.70	22748024	958.765015
   11.70	22748049	958.770020
   11.70	22748075	958.775024
   10.80	22748101	958.780029
   12.60	22748127	958.784973
   10.93	22748153	958.789978
   12.60	22748178	958.794983
   10.80	22748204	958.799988
   12.60	22748230	958.804993
   10.80	22748256	958.809998
   11.70	22748281	958.815002
   11.70	22748307	958.820007
   10.80	22748333	958.825012
   12.60	22748359	958.830017
   10.80	22748385	958.835022
   12.60	22748410	958.840027
   10.80	22748436	958.844971
   11.84	22748461	958.849976
   11.70	22748488	958.854980
   11.70	22748513	958.859985
   11.70	22748539	958.864990
   11.70	22748565	958.869995
   11.70	22748591	958.875000
   11.70	22748617	958.880005
   11.70	22748642	958.885010
   10.80	22748668	958.890015
   11.70	22748694	958.895020
   11.70	22748720	958.900024
   11.70	22748746	958.905029
   11.70	22748771	958.909973
   10.93	22748797	958.914978
   12.60	22748822	958.919983
   10.80	22748848	958.924988
   12.60	22748874	958.929993
   10.80	22748900	958.934998
   11.70	22748926	958.940002
   11.70	22748951	958.945007
   11.70	22748977	958.950012
   11.70	22749003	958.955017
   10.80	22749028	958.960022
   12.60	22749054	958.965027
   10.80	22749080	958.969971
   12.76	22749106	958.974976
   10.80	22749131	958.979980
   11.70	22749157	958.984985
   11.70	22749183	958.989990
   10.80	22749209	958.994995
   12.60	22749235	959.000000
   10.80	22749260	959.005005
   12.60	22749287	959.010010
   10.80	22749312	959.015015
   12.60	22749338	959.020020
   10.80	22749364	959.025024
   11.70	22749389	959.030029
   11.70	22749415	959.034973
   11.84	22749441	959.039978
   11.70	22749467	959.044983
   10.80	22749493	959.049988
   12.60	22749519	959.054993
   10.80	22749544	959.059998
   12.60	22749570	959.065002
   10.80	22749596	959.070007
   12.60	22749622	959.075012
   10.80	22749648	959.080017
   12.60	22749674	959.085022
   10.80	22749700	959.090027
   11.70	22749725	959.094971
   11.84	22749751	959.099976
   11.70	22749777	959.104980
   11.70	22749803	959.109985
   11.70	22749829	959.114990
   11.70	22749854	959.119995
   10.80	22749880	959.125000
   12.60	22749906	959.130005
   10.80	22749932	959.135010
   11.70	22749958	959.140015
   11.70	22749983	959.145020
   11.70	22750010	959.150024
   11.70	22750035	959.155029
   11.70	22750061	959.159973
   11.84	22750087	959.164978
   10.80	22750112	959.169983
   12.60	22750138	959.174988
   10.80	22750164	959.179993
   12.60	22750190	959.184998
   10.80	22750215	959.190002
   11.70	22750241	959.195007
   11.70	22750267	959.200012
   11.70	22750293	959.205017
   11.70	22750319	959.210022
   10.80	22750345	959.215027
   12.60	22750371	959.219971
   10.93	22750396	959.224976
   12.60	22750423	959.229980
   10.80	22750448	959.234985
   11.70	22750474	959.239990
   11.70	22750499	959.244995
   11.70	22750526	959.250000
   11.70	22750552	959.255005
   11.70	22750577	959.260010
   11.70	22750603	959.265015
   10.80	22750629	959.270020
   12.60	22750655	959.275024
   10.80	22750681	959.280029
   12.60	22750707	959.284973
   10.93	22750733	959.289978
   12.60	22750758	959.294983
   10.80	22750784	959.299988
   12.60	22750810	959.304993
   10.80	22750836	959.309998
   11.70	22750861	959.315002
   11.70	22750887	959.320007
   11.70	22750913	959.325012
   11.70	22750939	959.330017
   10.80	22750965	959.335022
   12.60	22750990	959.340027
   10.80	22751017	959.344971
   12.76	22751042	959.349976
   10.80	22751068	959.354980
   12.60	22751094	959.359985
   10.80	22751120	959.364990
   12.60	22751146	959.369995
   10.80	22751171	959.375000
   11.70	22751197	959.380005
   11.70	22751223	959.385010
   11.70	22751249	959.390015
   11.70	22751275	959.395020
   10.80	22751301	959.400024
   12.60	22751326	959.405029
   10.80	22751352	959.409973
   12.76	22751378	959.414978
   10.80	22751404	959.419983
   12.60	22751430	959.424988
   10.80	22751456	959.429993
   11.70	22751482	959.434998
   10.80	22751508	959.440002
   11.70	22751533	959.445007
   11.70	22751559	959.450012
   11.70	22751585	959.455017
   11.70	22751611	959.460022
   11.70	22751637	959.465027
   11.70	22751662	959.469971
   10.93	22751688	959.474976
   12.60	22751714	959.479980
   10.80	22751740	959.484985
   12.60	22751766	959.489990
   10.80	22751792	959.494995
   12.60	22751818	959.500000
   10.80	22751844	959.505005
   12.60	22751870	959.510010
   10.80	22751895	959.515015
   11.70	22751921	959.520020
   11.70	22751947	959.525024
   11.70	22751973	959.530029
   11.70	22751999	959.534973
   10.93	22752025	959.539978
   12.60	22752051	959.544983
   10.80	22752077	959.549988
   12.60	22752103	959.554993
   10.80	22752128	959.559998
   12.60	22752155	959.565002
   10.80	22752180	959.570007
   12.60	22752206	959.575012
   10.80	22752232	959.580017
   12.60	22752258	959.585022
   10.80	22752284	959.590027
   11.70	22752310	959.594971
   11.84	22752336	959.599976
   11.70	22752362	959.604980
   11.70	22752387	959.609985
   11.70	22752413	959.614990
   11.70	22752439	959.619995
   11.70	22752465	959.625000
   11.70	22752491	959.630005
   11.70	22752517	959.635010
   11.70	22752543	959.640015
   11.70	22752569	959.645020
   11.70	22752595	959.650024
   10.80	22752620	959.655029
   12.60	22752646	959.659973
   10.93	22752672	959.664978
   12.60	22752698	959.669983
   10.80	22752724	959.674988
   11.70	22752750	959.679993
   11.70	22752775	959.684998
   11.70	22752802	959.690002
   11.70	22752828	959.695007
   11.70	22752853	959.700012
   11.70	22752879	959.705017
   11.70	22752905	959.710022
   11.70	22752931	959.715027
   11.70	22752957	959.719971
   11.84	22752982	959.724976
   10.80	22753009	959.729980
   12.60	22753034	959.734985
   10.80	22753061	959.739990
   12.60	22753086	959.744995
   10.80	22753112	959.750000
   12.60	22753138	959.755005
   10.80	22753164	959.760010
   12.60	22753190	959.765015
   10.80	22753216	959.770020
   12.60	22753242	959.775024
   10.80	22753268	959.780029
   12.60	22753294	959.784973
   10.93	22753320	959.789978
   11.70	22753346	959.794983
   11.70	22753372	959.799988
   11.70	22753398	959.804993
   11.70	22753424	959.809998
   11.70	22753449	959.815002
   11.70	22753475	959.820007
   11.70	22753501	959.825012
   11.70	22753527	959.830017
   11.70	22753553	959.835022
   11.70	22753579	959.840027
   11.70	22753605	959.844971
   11.84	22753631	959.849976
   11.70	22753657	959.854980
   11.70	22753683	959.859985
   10.80	22753708	959.864990
   12.60	22753734	959.869995
   10.80	22753761	959.875000
   12.60	22753787	959.880005
   10.80	22753812	959.885010
   12.60	22753838	959.890015
   10.80	22753864	959.895020
   11.70	22753890	959.900024
   11.70	22753916	959.905029
   11.70	22753942	959.909973
   11.84	22753968	959.914978
   11.70	22753994	959.919983
   11.70	22754020	959.924988
   11.70	22754045	959.929993
   11.70	22754071	959.934998
   10.80	22754097	959.940002
   12.60	22754123	959.945007
   11.70	22754149	959.950012
   11.70	22754174	959.955017
   10.80	22754200	959.960022
   12.60	22754226	959.965027
   10.80	22754252	959.969971
   12.76	22754278	959.974976
   10.80	22754304	959.979980
   12.60	22754330	959.984985
   10.80	22754356	959.989990
   11.70	22754382	959.994995
   11.70	22754407	960.000000
   11.70	22754433	960.005005
   11.70	22754459	960.010010
   10.80	22754485	960.015015
   12.60	22754511	960.020020
   10.80	22754537	960.025024
   12.60	22754563	960.030029
   10.80	22754588	960.034973
   12.76	22754615	960.039978
   10.80	22754640	960.044983
   12.60	22754667	960.049988
   10.80	22754693	960.054993
   12.60	22754718	960.059998
   10.80	22754745	960.065002
   12.60	22754770	960.070007
   10.80	22754796	960.075012
   11.70	22754822	960.080017
   11.70	22754848	960.085022
   12.60	22754874	960.090027
   10.80	22754899	960.094971
   11.84	22754926	960.099976
   11.70	22754951	960.104980
   11.70	22754978	960.109985
   11.70	22755003	960.114990
   11.70	22755030	960.119995
   11.70	22755056	960.125000
   11.70	22755082	960.130005
   11.70	22755108	960.135010
   11.70	22755133	960.140015
   11.70	22755159	960.145020
   10.80	22755185	960.150024
   12.60	22755211	960.155029
   11.70	22755237	960.159973
   11.84	22755263	960.164978
   10.80	22755289	960.169983
   12.60	22755315	960.174988
   10.80	22755341	960.179993
   12.60	22755367	960.184998
   10.80	22755393	960.190002
   12.60	22755419	960.195007
   10.80	22755445	960.200012
   12.60	22755471	960.205017
   10.80	22755496	960.210022
   12.60	22755522	960.215027
   10.80	22755548	960.219971
   12.76	22755575	960.224976
   10.80	22755600	960.229980
   12.60	22755626	960.234985
   10.80	22755652	960.239990
   11.70	22755678	960.244995
   11.70	22755704	960.250000
   12.60	22755730	960.255005
   10.80	22755756	960.260010
   12.60	22755782	960.265015
   10.80	22755808	960.270020
   12.60	22755834	960.275024
   10.80	22755859	960.280029
   11.70	22755885	960.284973
   11.84	22755911	960.289978
   11.70	22755938	960.294983
   11.70	22755963	960.299988
   11.70	22755989	960.304993
   11.70	22756015	960.309998
   11.70	22756041	960.315002
   11.70	22756067	960.320007
   11.70	22756093	960.325012
   11.70	22756119	960.330017
   11.70	22756145	960.335022
   11.70	22756171	960.340027
   11.70	22756197	960.344971
   11.84	22756222	960.349976
   10.80	22756248	960.354980
   12.60	22756274	960.359985
   10.80	22756301	960.364990
   12.60	22756326	960.369995
   10.80	22756352	960.375000
   12.60	22756378	960.380005
   10.80	22756404	960.385010
   12.60	22756430	960.390015
   10.80	22756456	960.395020
   12.60	22756482	960.400024
   10.80	22756508	960.405029
   12.60	22756534	960.409973
   10.93	22756560	960.414978
   11.70	22756586	960.419983
   11.70	22756612	960.424988
   11.70	22756638	960.429993
   11.70	22756664	960.434998
   11.70	22756690	960.440002
   11.70	22756715	960.445007
   11.70	22756741	960.450012
   11.70	22756768	960.455017
   11.70	22756794	960.460022
   11.70	22756819	960.465027
   11.70	22756846	960.469971
   11.84	22756871	960.474976
   11.70	22756898	960.479980
   11.70	22756923	960.484985
   11.70	22756949	960.489990
   11.70	22756975	960.494995
   11.70	22757001	960.500000
   11.70	22757027	960.505005
   11.70	22757053	960.510010
   11.70	22757079	960.515015
   10.80	22757105	960.520020
   12.60	22757131	960.525024
   11.70	22757157	960.530029
   11.70	22757183	960.534973
   11.84	22757209	960.539978
   11.70	22757235	960.544983
   11.70	22757261	960.549988
   11.70	22757287	960.554993
   10.80	22757313	960.559998
   12.60	22757339	960.565002
   10.80	22757365	960.570007
   12.60	22757391	960.575012
   10.80	22757417	960.580017
   12.60	22757443	960.585022
   10.80	22757469	960.590027
   12.60	22757495	960.594971
   11.84	22757521	960.599976
   11.70	22757547	960.604980
   11.70	22757573	960.609985
   11.70	22757599	960.614990
   11.70	22757626	960.619995
   11.70	22757651	960.625000
   11.70	22757677	960.630005
   11.70	22757703	960.635010
   11.70	22757730	960.640015
   11.70	22757756	960.645020
   11.70	22757781	960.650024
   11.70	22757808	960.655029
   11.70	22757834	960.659973
   11.84	22757860	960.664978
   12.60	22757886	960.669983
   10.80	22757912	960.674988
   12.60	22757938	960.679993
   10.80	22757964	960.684998
   12.60	22757991	960.690002
   10.80	22758016	960.695007
   12.60	22758042	960.700012
   10.80	22758068	960.705017
   12.60	22758095	960.710022
   10.80	22758121	960.715027
   12.60	22758146	960.719971
   10.93	22758172	960.724976
   12.60	22758199	960.729980
   11.70	22758225	960.734985
   11.70	22758251	960.739990
   11.70	22758277	960.744995
   11.70	22758303	960.750000
   11.70	22758329	960.755005
   11.70	22758355	960.760010
   10.80	22758381	960.765015
   12.60	22758407	960.770020
   10.80	22758433	960.775024
   12.60	22758459	960.780029
   11.70	22758485	960.784973
   11.84	22758511	960.789978
   10.80	22758537	960.794983
   12.60	22758563	960.799988
   11.70	22758589	960.804993
   11.70	22758615	960.809998
   11.70	22758641	960.815002
   11.70	22758667	960.820007
   11.70	22758694	960.825012
   11.70	22758719	960.830017
   11.70	22758745	960.835022
   11.70	22758771	960.840027
   11.70	22758797	960.844971
   11.84	22758824	960.849976
   11.70	22758849	960.854980
   11.70	22758875	960.859985
   11.70	22758901	960.864990
   11.70	22758928	960.869995
   11.70	22758954	960.875000
   11.70	22758980	960.880005
   12.60	22759006	960.885010
   10.80	22759032	960.890015
   12.60	22759058	960.895020
   10.80	22759084	960.900024
   11.70	22759110	960.905029
   11.70	22759136	960.909973
   11.84	22759162	960.914978
   10.80	22759188	960.919983
   12.60	22759214	960.924988
   10.80	22759240	960.929993
   12.60	22759266	960.934998
   10.80	22759292	960.940002
   12.60	22759318	960.945007
   10.80	22759344	960.950012
   12.60	22759371	960.955017
   10.80	22759397	960.960022
   12.60	22759423	960.965027
   10.80	22759448	960.969971
   12.76	22759474	960.974976
   10.80	22759500	960.979980
   12.60	22759526	960.984985
   10.80	22759553	960.989990
   12.60	22759578	960.994995
   10.80	22759604	961.000000
   12.60	22759630	961.005005
   10.80	22759656	961.010010
   12.60	22759682	961.015015
   10.80	22759708	961.020020
   12.60	22759734	961.025024
   10.80	22759760	961.030029
   12.60	22759786	961.034973
   10.93	22759812	961.039978
   11.70	22759838	961.044983
   11.70	22759864	961.049988
   12.60	22759890	961.054993
   10.80	22759916	961.059998
   11.70	22759942	961.065002
   11.70	22759968	961.070007
   11.70	22759994	961.075012
   11.70	22760020	961.080017
   12.60	22760046	961.085022
   10.80	22760072	961.090027
   12.60	22760098	961.094971
   10.93	22760124	961.099976
   12.60	22760150	961.104980
   10.80	22760176	961.109985
   12.60	22760202	961.114990
   10.80	22760228	961.119995
   12.60	22760254	961.125000
   10.80	22760280	961.130005
   12.60	22760306	961.135010
   10.80	22760332	961.140015
   12.60	22760358	961.145020
   10.80	22760385	961.150024
   12.60	22760410	961.155029
   10.80	22760437	961.159973
   12.76	22760463	961.164978
   10.80	22760489	961.169983
   12.60	22760514	961.174988
   10.80	22760540	961.179993
   12.60	22760566	961.184998
   10.80	22760592	961.190002
   12.60	22760619	961.195007
   10.80	22760644	961.200012
   12.60	22760670	961.205017
   10.80	22760696	961.210022
   12.60	22760722	961.215027
   10.80	22760749	961.219971
   12.76	22760774	961.224976
   10.80	22760801	961.229980
   12.60	22760826	961.234985
   10.80	22760853	961.239990
   12.60	22760878	961.244995
   10.80	22760904	961.250000
   11.70	22760930	961.255005
   11.70	22760956	961.260010
   12.60	22760982	961.265015
   10.80	22761008	961.270020
   11.70	22761034	961.275024
   11.70	22761060	961.280029
   11.70	22761086	961.284973
   11.84	22761112	961.289978
   11.70	22761138	961.294983
   11.70	22761164	961.299988
   12.60	22761190	961.304993
   10.80	22761216	961.309998
   12.60	22761242	961.315002
   10.80	22761268	961.320007
   11.70	22761293	961.325012
   11.70	22761320	961.330017
   12.60	22761346	961.335022
   10.80	22761372	961.340027
   11.70	22761398	961.344971
   11.84	22761424	961.349976
   11.70	22761450	961.354980
   11.70	22761476	961.359985
   11.70	22761502	961.364990
   11.70	22761528	961.369995
   12.60	22761554	961.375000
   10.80	22761580	961.380005
   12.60	22761606	961.385010
   10.80	22761632	961.390015
   11.70	22761658	961.395020
   11.70	22761684	961.400024
   12.60	22761710	961.405029
   10.80	22761736	961.409973
   12.76	22761762	961.414978
   10.80	22761788	961.419983
   12.60	22761814	961.424988
   10.80	22761840	961.429993
   12.60	22761866	961.434998
   10.80	22761893	961.440002
   12.60	22761919	961.445007
   10.80	22761945	961.450012
   12.60	22761970	961.455017
   10.80	22761996	961.460022
   12.60	22762022	961.465027
   10.80	22762049	961.469971
   12.76	22762075	961.474976
   10.80	22762100	961.479980
   12.60	22762127	961.484985
   10.80	22762153	961.489990
   12.60	22762179	961.494995
   11.70	22762205	961.500000
   11.70	22762231	961.505005
   11.70	22762257	961.510010
   11.70	22762283	961.515015
   11.70	22762309	961.520020
   11.70	22762335	961.525024
   10.80	22762361	961.530029
   12.60	22762387	961.534973
   10.93	22762413	961.539978
   12.60	22762439	961.544983
   10.80	22762465	961.549988
   12.60	22762491	961.554993
   10.80	22762517	961.559998
   12.60	22762543	961.565002
   11.70	22762569	961.570007
   11.70	22762595	961.575012
   11.70	22762621	961.580017
   11.70	22762647	961.585022
   11.70	22762673	961.590027
   11.70	22762699	961.594971
   11.84	22762725	961.599976
   11.70	22762751	961.604980
   11.70	22762778	961.609985
   11.70	22762803	961.614990
   11.70	22762829	961.619995
   11.70	22762855	961.625000
   11.70	22762881	961.630005
   11.70	22762908	961.635010
   11.70	22762934	961.640015
   11.70	22762960	961.645020
   11.70	22762986	961.650024
   11.70	22763012	961.655029
   12.60	22763038	961.659973
   10.93	22763064	961.664978
   11.70	22763090	961.669983
   11.70	22763116	961.674988
   12.60	22763142	961.679993
   10.80	22763168	961.684998
   11.70	22763194	961.690002
   11.70	22763220	961.695007
   12.60	22763246	961.700012
   10.80	22763272	961.705017
   12.60	22763298	961.710022
   10.80	22763325	961.715027
   12.60	22763351	961.719971
   10.93	22763377	961.724976
   12.60	22763403	961.729980
   10.80	22763428	961.734985
   12.60	22763454	961.739990
   10.80	22763481	961.744995
   12.60	22763507	961.750000
   10.80	22763532	961.755005
   12.60	22763559	961.760010
   10.80	22763584	961.765015
   12.60	22763611	961.770020
   10.80	22763637	961.775024
   12.60	22763663	961.780029
   11.70	22763689	961.784973
   11.84	22763715	961.789978
   11.70	22763741	961.794983
   11.70	22763767	961.799988
   10.80	22763793	961.804993
   12.60	22763819	961.809998
   10.80	22763845	961.815002
   12.60	22763871	961.820007
   11.70	22763897	961.825012
   11.70	22763923	961.830017
   11.70	22763949	961.835022
   11.70	22763975	961.840027
   11.70	22764001	961.844971
   11.84	22764028	961.849976
   11.70	22764054	961.854980
   11.70	22764080	961.859985
   12.60	22764106	961.864990
   10.80	22764132	961.869995
   11.70	22764158	961.875000
   11.70	22764184	961.880005
   12.60	22764210	961.885010
   10.80	22764236	961.890015
   12.60	22764262	961.895020
   10.80	22764288	961.900024
   12.60	22764314	961.905029
   10.80	22764341	961.909973
   12.76	22764366	961.914978
   10.80	22764393	961.919983
   12.60	22764419	961.924988
   10.80	22764445	961.929993
   12.60	22764471	961.934998
   10.80	22764497	961.940002
   12.60	22764523	961.945007
   10.80	22764549	961.950012
   12.60	22764575	961.955017
   11.70	22764601	961.960022
   11.70	22764627	961.965027
   11.70	22764653	961.969971
   11.84	22764679	961.974976
   11.70	22764706	961.979980
   11.70	22764731	961.984985
   11.70	22764758	961.989990
   11.70	22764784	961.994995
   11.70	22764810	962.000000
   11.70	22764836	962.005005
   11.70	22764861	962.010010
   11.70	22764888	962.015015
   11.70	22764914	962.020020
   11.70	22764940	962.025024
   11.70	22764966	962.030029
   11.70	22764991	962.034973
   11.84	22765017	962.039978
   11.70	22765044	962.044983
   11.70	22765070	962.049988
   11.70	22765096	962.054993
   11.70	22765122	962.059998
   11.70	22765148	962.065002
   12.60	22765174	962.070007
   10.80	22765200	962.075012
   11.70	22765226	962.080017
   11.70	22765252	962.085022
   11.70	22765278	962.090027
   11.70	22765304	962.094971
   12.76	22765330	962.099976
   10.80	22765356	962.104980
   12.60	22765382	962.109985
   10.80	22765408	962.114990
   12.60	22765434	962.119995
   10.80	22765460	962.125000
   12.60	22765487	962.130005
   10.80	22765513	962.135010
   12.60	22765539	962.140015
   10.80	22765564	962.145020
   12.60	22765590	962.150024
   10.80	22765616	962.155029
   12.60	22765643	962.159973
   11.84	22765669	962.164978
   11.70	22765695	962.169983
   10.80	22765721	962.174988
   12.60	22765747	962.179993
   11.70	22765773	962.184998
   11.70	22765799	962.190002
   11.70	22765825	962.195007
   11.70	22765851	962.200012
   11.70	22765877	962.205017
   11.70	22765904	962.210022
   11.70	22765929	962.215027
   11.70	22765955	962.219971
   11.84	22765981	962.224976
   11.70	22766008	962.229980
   11.70	22766033	962.234985
   11.70	22766059	962.239990
   11.70	22766085	962.244995
   11.70	22766111	962.250000
   11.70	22766138	962.255005
   11.70	22766164	962.260010
   11.70	22766190	962.265015
   11.70	22766216	962.270020
   11.70	22766242	962.275024
   11.70	22766268	962.280029
   11.70	22766293	962.284973
   11.84	22766320	962.289978
   11.70	22766345	962.294983
   11.70	22766372	962.299988
   12.60	22766398	962.304993
   10.80	22766423	962.309998
   11.70	22766450	962.315002
   11.70	22766476	962.320007
   12.60	22766502	962.325012
   10.80	22766528	962.330017
   12.60	22766554	962.335022
   10.80	22766580	962.340027
   12.60	22766606	962.344971
   10.93	22766632	962.349976
   12.60	22766658	962.354980
   10.80	22766684	962.359985
   12.60	22766710	962.364990
   10.80	22766737	962.369995
   12.60	22766762	962.375000
   10.80	22766788	962.380005
   12.60	22766814	962.385010
   10.80	22766840	962.390015
   12.60	22766866	962.395020
   10.80	22766892	962.400024
   12.60	22766918	962.405029
   10.80	22766944	962.409973
   12.76	22766971	962.414978
   10.80	22766996	962.419983
   12.60	22767022	962.424988
   10.80	22767048	962.429993
   12.60	22767074	962.434998
   10.80	22767101	962.440002
   12.60	22767126	962.445007
   10.80	22767152	962.450012
   12.60	22767178	962.455017
   10.80	22767204	962.460022
   12.60	22767230	962.465027
   10.80	22767256	962.469971
   12.76	22767282	962.474976
   10.80	22767308	962.479980
   12.60	22767334	962.484985
   10.80	22767360	962.489990
   11.70	22767385	962.494995
   11.70	22767411	962.500000
   11.70	22767437	962.505005
   11.70	22767464	962.510010
   11.70	22767489	962.515015
   11.70	22767515	962.520020
   11.70	22767541	962.525024
   11.70	22767567	962.530029
   11.70	22767593	962.534973
   11.84	22767619	962.539978
   11.70	22767645	962.544983
   11.70	22767671	962.549988
   11.70	22767697	962.554993
   11.70	22767723	962.559998
   10.80	22767748	962.565002
   12.60	22767774	962.570007
   10.80	22767800	962.575012
   12.60	22767827	962.580017
   10.80	22767852	962.585022
   12.60	22767878	962.590027
   10.80	22767904	962.594971
   12.76	22767930	962.599976
   10.80	22767956	962.604980
   12.60	22767982	962.609985
   10.80	22768008	962.614990
   12.60	22768034	962.619995
   10.80	22768060	962.625000
   11.70	22768086	962.630005
   11.70	22768111	962.635010
   11.70	22768137	962.640015
   11.70	22768164	962.645020
   11.70	22768190	962.650024
   11.70	22768215	962.655029
   11.70	22768241	962.659973
   11.84	22768267	962.664978
   11.70	22768293	962.669983
   11.70	22768319	962.674988
   10.80	22768345	962.679993
   12.60	22768371	962.684998
   11.70	22768397	962.690002
   11.70	22768423	962.695007
   10.80	22768448	962.700012
   12.60	22768474	962.705017
   10.80	22768500	962.710022
   12.60	22768526	962.715027
   10.80	22768552	962.719971
   12.76	22768578	962.724976
   10.80	22768604	962.729980
   11.70	22768630	962.734985
   11.70	22768656	962.739990
   11.70	22768682	962.744995
   11.70	22768708	962.750000
   11.70	22768734	962.755005
   11.70	22768760	962.760010
   11.70	22768785	962.765015
   11.70	22768811	962.770020
   10.80	22768837	962.775024
   12.60	22768863	962.780029
   10.80	22768889	962.784973
   12.76	22768915	962.789978
   10.80	22768940	962.794983
   12.60	22768966	962.799988
   10.80	22768992	962.804993
   12.60	22769018	962.809998
   10.80	22769044	962.815002
   11.70	22769070	962.820007
   11.70	22769096	962.825012
   11.70	22769122	962.830017
   11.70	22769148	962.835022
   11.70	22769173	962.840027
   11.70	22769199	962.844971
   11.84	22769225	962.849976
   11.70	22769252	962.854980
   11.70	22769277	962.859985
   11.70	22769303	962.864990
   11.70	22769329	962.869995
   11.70	22769355	962.875000
   11.70	22769381	962.880005
   11.70	22769407	962.885010
   11.70	22769433	962.890015
   11.70	22769459	962.895020
   11.70	22769485	962.900024
   11.70	22769511	962.905029
   10.80	22769537	962.909973
   12.76	22769563	962.914978
   10.80	22769589	962.919983
   12.60	22769615	962.924988
   10.80	22769641	962.929993
   12.60	22769666	962.934998
   10.80	22769692	962.940002
   12.60	22769718	962.945007
   10.80	22769745	962.950012
   12.60	22769770	962.955017
   10.80	22769797	962.960022
   12.60	22769823	962.965027
   10.80	22769849	962.969971
   12.76	22769874	962.974976
   10.80	22769900	962.979980
   12.60	22769926	962.984985
   10.80	22769952	962.989990
   12.60	22769978	962.994995
   10.80	22770004	963.000000
   11.70	22770030	963.005005
   11.70	22770056	963.010010
   11.70	22770082	963.015015
   11.70	22770108	963.020020
   11.70	22770134	963.025024
   11.70	22770160	963.030029
   11.70	22770186	963.034973
   11.84	22770212	963.039978
   11.70	22770237	963.044983
   11.70	22770263	963.049988
   11.70	22770289	963.054993
   11.70	22770315	963.059998
   11.70	22770341	963.065002
   11.70	22770367	963.070007
   10.80	22770392	963.075012
   12.60	22770418	963.080017
   10.80	22770444	963.085022
   12.60	22770471	963.090027
   10.80	22770496	963.094971
   12.76	22770523	963.099976
   10.80	22770548	963.104980
   12.60	22770574	963.109985
   10.80	22770600	963.114990
   11.70	22770625	963.119995
   11.70	22770651	963.125000
   11.70	22770677	963.130005
   11.70	22770703	963.135010
   11.70	22770729	963.140015
   11.70	22770755	963.145020
   10.80	22770780	963.150024
   12.60	22770806	963.155029
   10.80	22770832	963.159973
   12.76	22770858	963.164978
   10.80	22770884	963.169983
   12.60	22770910	963.174988
   10.80	22770936	963.179993
   11.70	22770961	963.184998
   11.70	22770987	963.190002
   10.80	22771013	963.195007
   12.60	22771039	963.200012
   10.80	22771065	963.205017
   12.60	22771090	963.210022
   10.80	22771116	963.215027
   11.70	22771141	963.219971
   11.84	22771167	963.224976
   11.70	22771193	963.229980
   11.70	22771218	963.234985
   10.80	22771244	963.239990
   12.60	22771270	963.244995
   10.80	22771296	963.250000
   11.70	22771321	963.255005
   11.70	22771346	963.260010
   10.80	22771372	963.265015
   11.70	22771398	963.270020
   11.70	22771424	963.275024
   11.70	22771449	963.280029
   11.70	22771474	963.284973
   10.93	22771500	963.289978
   11.70	22771525	963.294983
   11.70	22771551	963.299988
   10.80	22771576	963.304993
   12.60	22771602	963.309998
   10.80	22771628	963.315002
   11.70	22771654	963.320007
   11.70	22771679	963.325012
   10.80	22771704	963.330017
   11.70	22771730	963.335022
   11.70	22771755	963.340027
   11.70	22771781	963.344971
   11.84	22771806	963.349976
   10.80	22771832	963.354980
   11.70	22771857	963.359985
   11.70	22771883	963.364990
   10.80	22771909	963.369995
   12.60	22771934	963.375000
   10.80	22771960	963.380005
   11.70	22771985	963.385010
   11.70	22772011	963.390015
   10.80	22772036	963.395020
   11.70	22772061	963.400024
   11.70	22772087	963.405029
   10.80	22772112	963.409973
   12.76	22772138	963.414978
   10.80	22772164	963.419983
   11.70	22772189	963.424988
   11.70	22772214	963.429993
   10.80	22772240	963.434998
   12.60	22772266	963.440002
   10.80	22772291	963.445007
   11.70	22772317	963.450012
   11.70	22772343	963.455017
   10.80	22772368	963.460022
   12.60	22772394	963.465027
   10.80	22772419	963.469971
   10.93	22772445	963.474976
   12.60	22772470	963.479980
   10.80	22772496	963.484985
   11.70	22772521	963.489990
   11.70	22772547	963.494995
   10.80	22772572	963.500000
   12.60	22772598	963.505005
   10.80	22772624	963.510010
   11.70	22772649	963.515015
   11.70	22772675	963.520020
   10.80	22772701	963.525024
   12.60	22772726	963.530029
   10.80	22772752	963.534973
   11.84	22772777	963.539978
   11.70	22772802	963.544983
   10.80	22772828	963.549988
   12.60	22772854	963.554993
   10.80	22772879	963.559998
   11.70	22772905	963.565002
   11.70	22772930	963.570007
   10.80	22772956	963.575012
   12.60	22772982	963.580017
   10.80	22773007	963.585022
   11.70	22773033	963.590027
   11.70	22773059	963.594971
   10.93	22773085	963.599976
   12.60	22773110	963.604980
   10.80	22773135	963.609985
   11.70	22773161	963.614990
   11.70	22773187	963.619995
   10.80	22773213	963.625000
   12.60	22773238	963.630005
   10.80	22773263	963.635010
   11.70	22773289	963.640015
   11.70	22773315	963.645020
   10.80	22773341	963.650024
   12.60	22773366	963.655029
   10.80	22773392	963.659973
   12.76	22773418	963.664978
   10.80	22773443	963.669983
   11.70	22773469	963.674988
   11.70	22773494	963.679993
   10.80	22773520	963.684998
   11.70	22773545	963.690002
   11.70	22773571	963.695007
   11.70	22773597	963.700012
   11.70	22773622	963.705017
   10.80	22773648	963.710022
   11.70	22773673	963.715027
   11.70	22773700	963.719971
   11.84	22773725	963.724976
   11.70	22773751	963.729980
   10.80	22773776	963.734985
   12.60	22773802	963.739990
   10.80	22773828	963.744995
   11.70	22773853	963.750000
   11.70	22773878	963.755005
   10.80	22773904	963.760010
   12.60	22773930	963.765015
   10.80	22773956	963.770020
   11.70	22773981	963.775024
   11.70	22774006	963.780029
   10.80	22774032	963.784973
   12.76	22774058	963.789978
   10.80	22774083	963.794983
   11.70	22774109	963.799988
   11.70	22774135	963.804993
   10.80	22774161	963.809998
   12.60	22774186	963.815002
   10.80	22774211	963.820007
   11.70	22774237	963.825012
   11.70	22774263	963.830017
   10.80	22774289	963.835022
   12.60	22774315	963.840027
   10.80	22774340	963.844971
   11.84	22774366	963.849976
   11.70	22774391	963.854980
   11.70	22774417	963.859985
   11.70	22774443	963.864990
   10.80	22774469	963.869995
   12.60	22774494	963.875000
   10.80	22774520	963.880005
   12.60	22774546	963.885010
   10.80	22774571	963.890015
   10.80	22774597	963.895020
   12.60	22774622	963.900024
   10.80	22774648	963.905029
   12.60	22774674	963.909973
   10.93	22774699	963.914978
   11.70	22774725	963.919983
   11.70	22774750	963.924988
   10.80	22774777	963.929993
   12.60	22774802	963.934998
   10.80	22774828	963.940002
   12.60	22774854	963.945007
   10.80	22774879	963.950012
   11.70	22774905	963.955017
   11.70	22774930	963.960022
   10.80	22774956	963.965027
   11.70	22774982	963.969971
   11.84	22775008	963.974976
   11.70	22775033	963.979980
   11.70	22775059	963.984985
   10.80	22775084	963.989990
   12.60	22775110	963.994995
   10.80	22775136	964.000000
   12.60	22775162	964.005005
   10.80	22775187	964.010010
   11.70	22775213	964.015015
   11.70	22775239	964.020020
   11.70	22775265	964.025024
   11.70	22775290	964.030029
   10.80	22775316	964.034973
   11.84	22775341	964.039978
   11.70	22775367	964.044983
   11.70	22775393	964.049988
   11.70	22775418	964.054993
   10.80	22775444	964.059998
   11.70	22775470	964.065002
   11.70	22775496	964.070007
   11.70	22775521	964.075012
   11.70	22775547	964.080017
   11.70	22775573	964.085022
   11.70	22775599	964.090027
   10.80	22775625	964.094971
   12.76	22775650	964.099976
   10.80	22775675	964.104980
   11.70	22775701	964.109985
   11.70	22775727	964.114990
   11.70	22775753	964.119995
   11.70	22775778	964.125000
   10.80	22775804	964.130005
   11.70	22775830	964.135010
   11.70	22775856	964.140015
   11.70	22775881	964.145020
   11.70	22775907	964.150024
   11.70	22775933	964.155029
   11.70	22775959	964.159973
   11.84	22775985	964.164978
   11.70	22776010	964.169983
   10.80	22776036	964.174988
   11.70	22776061	964.179993
   11.70	22776087	964.184998
   11.70	22776113	964.190002
   11.70	22776138	964.195007
   10.80	22776164	964.200012
   12.60	22776190	964.205017
   10.80	22776216	964.210022
   12.60	22776242	964.215027
   10.80	22776268	964.219971
   11.84	22776293	964.224976
   11.70	22776319	964.229980
   11.70	22776345	964.234985
   11.70	22776370	964.239990
   10.80	22776396	964.244995
   12.60	22776422	964.250000
   10.80	22776448	964.255005
   12.60	22776474	964.260010
   10.80	22776499	964.265015
   11.70	22776525	964.270020
   11.70	22776550	964.275024
   10.80	22776577	964.280029
   12.60	22776602	964.284973
   10.93	22776628	964.289978
   12.60	22776654	964.294983
   10.80	22776680	964.299988
   12.60	22776706	964.304993
   10.80	22776731	964.309998
   11.70	22776757	964.315002
   11.70	22776783	964.320007
   10.80	22776809	964.325012
   12.60	22776835	964.330017
   10.80	22776860	964.335022
   12.60	22776886	964.340027
   10.80	22776912	964.344971
   11.84	22776938	964.349976
   11.70	22776963	964.354980
   11.70	22776989	964.359985
   11.70	22777015	964.364990
   10.80	22777041	964.369995
   12.60	22777067	964.375000
   10.80	22777092	964.380005
   11.70	22777118	964.385010
   11.70	22777144	964.390015
   11.70	22777170	964.395020
   11.70	22777195	964.400024
   11.70	22777221	964.405029
   11.70	22777247	964.409973
   10.93	22777272	964.414978
   12.60	22777299	964.419983
   10.80	22777324	964.424988
   11.70	22777350	964.429993
   11.70	22777376	964.434998
   11.70	22777402	964.440002
   11.70	22777427	964.445007
   11.70	22777453	964.450012
   11.70	22777479	964.455017
   10.80	22777504	964.460022
   12.60	22777531	964.465027
   10.80	22777556	964.469971
   11.84	22777582	964.474976
   11.70	22777608	964.479980
   11.70	22777633	964.484985
   11.70	22777660	964.489990
   11.70	22777685	964.494995
   11.70	22777711	964.500000
   11.70	22777737	964.505005
   11.70	22777763	964.510010
   11.70	22777789	964.515015
   11.70	22777814	964.520020
   10.80	22777840	964.525024
   12.60	22777866	964.530029
   10.80	22777892	964.534973
   12.76	22777918	964.539978
   10.80	22777943	964.544983
   11.70	22777969	964.549988
   11.70	22777995	964.554993
   11.70	22778021	964.559998
   11.70	22778047	964.565002
   10.80	22778073	964.570007
   12.60	22778098	964.575012
   10.80	22778124	964.580017
   12.60	22778150	964.585022
   10.80	22778175	964.590027
   11.70	22778201	964.594971
   11.84	22778227	964.599976
   11.70	22778253	964.604980
   11.70	22778279	964.609985
   10.80	22778304	964.614990
   12.60	22778330	964.619995
   10.80	22778356	964.625000
   12.60	22778382	964.630005
   10.80	22778408	964.635010
   11.70	22778434	964.640015
   11.70	22778460	964.645020
   11.70	22778486	964.650024
   11.70	22778512	964.655029
   11.70	22778537	964.659973
   11.84	22778563	964.664978
   10.80	22778589	964.669983
   12.60	22778615	964.674988
   10.80	22778641	964.679993
   12.60	22778666	964.684998
   10.80	22778692	964.690002
   11.70	22778718	964.695007
   11.70	22778744	964.700012
   12.60	22778770	964.705017
   10.80	22778796	964.710022
   11.70	22778822	964.715027
   11.70	22778848	964.719971
   11.84	22778873	964.724976
   11.70	22778899	964.729980
   10.80	22778925	964.734985
   12.60	22778951	964.739990
   10.80	22778977	964.744995
   12.60	22779003	964.750000
   10.80	22779028	964.755005
   12.60	22779054	964.760010
   10.80	22779080	964.765015
   12.60	22779106	964.770020
   10.80	22779132	964.775024
   11.70	22779158	964.780029
   11.70	22779184	964.784973
   11.84	22779210	964.789978
   11.70	22779235	964.794983
   10.80	22779261	964.799988
   12.60	22779287	964.804993
   10.80	22779313	964.809998
   12.60	22779339	964.815002
   10.80	22779364	964.820007
   12.60	22779390	964.825012
   10.80	22779416	964.830017
   11.70	22779442	964.835022
   11.70	22779468	964.840027
   11.70	22779493	964.844971
   11.84	22779520	964.849976
   11.70	22779545	964.854980
   11.70	22779572	964.859985
   11.70	22779597	964.864990
   11.70	22779623	964.869995
   10.80	22779649	964.875000
   12.60	22779675	964.880005
   10.80	22779701	964.885010
   12.60	22779726	964.890015
   10.80	22779752	964.895020
   12.60	22779778	964.900024
   10.80	22779804	964.905029
   12.60	22779830	964.909973
   10.93	22779856	964.914978
   11.70	22779882	964.919983
   11.70	22779908	964.924988
   11.70	22779934	964.929993
   11.70	22779959	964.934998
   11.70	22779985	964.940002
   11.70	22780011	964.945007
   11.70	22780037	964.950012
   11.70	22780063	964.955017
   11.70	22780089	964.960022
   11.70	22780115	964.965027
   10.80	22780140	964.969971
   12.76	22780167	964.974976
   10.80	22780193	964.979980
   12.60	22780218	964.984985
   10.80	22780245	964.989990
   12.60	22780270	964.994995
   10.80	22780296	965.000000
   12.60	22780322	965.005005
   10.80	22780348	965.010010
   11.70	22780374	965.015015
   11.70	22780400	965.020020
   12.60	22780426	965.025024
   10.80	22780451	965.030029
   11.70	22780477	965.034973
   11.84	22780503	965.039978
   11.70	22780529	965.044983
   11.70	22780555	965.049988
   11.70	22780581	965.054993
   11.70	22780607	965.059998
   11.70	22780633	965.065002
   11.70	22780659	965.070007
   10.80	22780684	965.075012
   12.60	22780710	965.080017
   10.80	22780736	965.085022
   11.70	22780762	965.090027
   11.70	22780788	965.094971
   11.84	22780814	965.099976
   11.70	22780839	965.104980
   11.70	22780865	965.109985
   11.70	22780891	965.114990
   11.70	22780917	965.119995
   11.70	22780943	965.125000
   11.70	22780969	965.130005
   11.70	22780995	965.135010
   11.70	22781021	965.140015
   11.70	22781047	965.145020
   10.80	22781073	965.150024
   12.60	22781099	965.155029
   10.80	22781125	965.159973
   12.76	22781151	965.164978
   10.80	22781176	965.169983
   12.60	22781202	965.174988
   10.80	22781228	965.179993
   12.60	22781254	965.184998
   10.80	22781280	965.190002
   12.60	22781306	965.195007
   10.80	22781332	965.200012
   12.60	22781358	965.205017
   10.80	22781384	965.210022
   12.60	22781410	965.215027
   10.80	22781436	965.219971
   11.84	22781462	965.224976
   11.70	22781488	965.229980
   12.60	22781514	965.234985
   10.80	22781540	965.239990
   11.70	22781566	965.244995
   11.70	22781591	965.250000
   11.70	22781618	965.255005
   11.70	22781644	965.260010
   11.70	22781670	965.265015
   11.70	22781696	965.270020
   11.70	22781722	965.275024
   11.70	22781748	965.280029
   11.70	22781773	965.284973
   11.84	22781799	965.289978
   10.80	22781825	965.294983
   12.60	22781851	965.299988
   11.70	22781877	965.304993
   11.70	22781902	965.309998
   10.80	22781928	965.315002
   12.60	22781954	965.320007
   10.80	22781980	965.325012
   12.60	22782006	965.330017
   10.80	22782032	965.335022
   12.60	22782058	965.340027
   10.80	22782084	965.344971
   11.84	22782110	965.349976
   11.70	22782135	965.354980
   11.70	22782161	965.359985
   11.70	22782187	965.364990
   11.70	22782213	965.369995
   11.70	22782239	965.375000
   10.80	22782265	965.380005
   12.60	22782290	965.385010
   10.80	22782316	965.390015
   12.60	22782343	965.395020
   10.80	22782368	965.400024
   12.60	22782394	965.405029
   10.80	22782420	965.409973
   12.76	22782446	965.414978
   10.80	22782472	965.419983
   11.70	22782497	965.424988
   11.70	22782524	965.429993
   11.70	22782549	965.434998
   11.70	22782576	965.440002
   11.70	22782601	965.445007
   11.70	22782627	965.450012
   11.70	22782653	965.455017
   11.70	22782679	965.460022
   11.70	22782705	965.465027
   11.70	22782731	965.469971
   11.84	22782757	965.474976
   11.70	22782783	965.479980
   11.70	22782809	965.484985
   11.70	22782835	965.489990
   10.80	22782860	965.494995
   12.60	22782886	965.500000
   10.80	22782912	965.505005
   12.60	22782939	965.510010
   10.80	22782964	965.515015
   12.60	22782990	965.520020
   10.80	22783016	965.525024
   12.60	22783042	965.530029
   10.80	22783068	965.534973
   12.76	22783094	965.539978
   10.80	22783120	965.544983
   12.60	22783146	965.549988
   10.80	22783172	965.554993
   12.60	22783198	965.559998
   10.80	22783224	965.565002
   11.70	22783250	965.570007
   11.70	22783276	965.575012
   12.60	22783302	965.580017
   10.80	22783328	965.585022
   11.70	22783354	965.590027
   11.70	22783379	965.594971
   11.84	22783406	965.599976
   11.70	22783432	965.604980
   11.70	22783458	965.609985
   11.70	22783484	965.614990
   11.70	22783510	965.619995
   11.70	22783536	965.625000
   11.70	22783562	965.630005
   11.70	22783587	965.635010
   11.70	22783613	965.640015
   11.70	22783639	965.645020
   11.70	22783666	965.650024
   11.70	22783691	965.655029
   11.70	22783717	965.659973
   11.84	22783743	965.664978
   11.70	22783769	965.669983
   11.70	22783795	965.674988
   11.70	22783821	965.679993
   11.70	22783848	965.684998
   11.70	22783873	965.690002
   11.70	22783900	965.695007
   11.70	22783925	965.700012
   11.70	22783951	965.705017
   11.70	22783977	965.710022
   11.70	22784003	965.715027
   11.70	22784029	965.719971
   11.84	22784055	965.724976
   10.80	22784081	965.729980
   12.60	22784107	965.734985
   10.80	22784133	965.739990
   12.60	22784159	965.744995
   10.80	22784185	965.750000
   12.60	22784211	965.755005
   10.80	22784237	965.760010
   12.60	22784263	965.765015
   10.80	22784289	965.770020
   12.60	22784314	965.775024
   10.80	22784340	965.780029
   12.60	22784367	965.784973
   10.93	22784393	965.789978
   12.60	22784418	965.794983
   10.80	22784444	965.799988
   12.60	22784470	965.804993
   10.80	22784496	965.809998
   12.60	22784522	965.815002
   10.80	22784548	965.820007
   12.60	22784574	965.825012
   10.80	22784600	965.830017
   12.60	22784626	965.835022
   10.80	22784652	965.840027
   11.70	22784677	965.844971
   11.84	22784703	965.849976
   11.70	22784730	965.854980
   11.70	22784756	965.859985
   11.70	22784781	965.864990
   11.70	22784807	965.869995
   11.70	22784833	965.875000
   11.70	22784860	965.880005
   11.70	22784885	965.885010
   11.70	22784911	965.890015
   11.70	22784937	965.895020
   11.70	22784964	965.900024
   11.70	22784989	965.905029
   11.70	22785015	965.909973
   11.84	22785041	965.914978
   11.70	22785067	965.919983
   11.70	22785093	965.924988
   11.70	22785119	965.929993
   11.70	22785145	965.934998
   11.70	22785171	965.940002
   10.80	22785197	965.945007
   12.60	22785223	965.950012
   11.70	22785249	965.955017
   11.70	22785276	965.960022
   11.70	22785301	965.965027
   11.70	22785328	965.969971
   11.84	22785353	965.974976
   11.70	22785379	965.979980
   11.70	22785405	965.984985
   11.70	22785431	965.989990
   11.70	22785458	965.994995
   11.70	22785484	966.000000
   11.70	22785509	966.005005
   11.70	22785535	966.010010
   11.70	22785562	966.015015
   11.70	22785588	966.020020
   11.70	22785614	966.025024
   11.70	22785640	966.030029
   12.60	22785666	966.034973
   10.93	22785693	966.039978
   12.60	22785718	966.044983
   10.80	22785744	966.049988
   12.60	22785770	966.054993
   10.80	22785796	966.059998
   12.60	22785823	966.065002
   10.80	22785849	966.070007
   12.60	22785875	966.075012
   10.80	22785901	966.080017
   12.60	22785927	966.085022
   11.70	22785953	966.090027
   11.70	22785979	966.094971
   11.84	22786005	966.099976
   11.70	22786031	966.104980
   11.70	22786058	966.109985
   11.70	22786083	966.114990
   11.70	22786109	966.119995
   11.70	22786135	966.125000
   11.70	22786162	966.130005
   11.70	22786188	966.135010
   11.70	22786213	966.140015
   11.70	22786239	966.145020
   11.70	22786265	966.150024
   11.70	22786292	966.155029
   11.70	22786318	966.159973
   11.84	22786344	966.164978
   12.60	22786370	966.169983
   10.80	22786396	966.174988
   12.60	22786422	966.179993
   10.80	22786448	966.184998
   11.70	22786474	966.190002
   11.70	22786500	966.195007
   12.60	22786526	966.200012
   10.80	22786552	966.205017
   12.60	22786578	966.210022
   10.80	22786604	966.215027
   12.60	22786630	966.219971
   10.93	22786657	966.224976
   12.60	22786683	966.229980
   10.80	22786709	966.234985
   12.60	22786735	966.239990
   10.80	22786761	966.244995
   12.60	22786787	966.250000
   10.80	22786813	966.255005
   12.60	22786839	966.260010
   10.80	22786865	966.265015
   12.60	22786891	966.270020
   11.70	22786917	966.275024
   11.70	22786943	966.280029
   11.70	22786969	966.284973
   11.84	22786995	966.289978
   11.70	22787021	966.294983
   11.70	22787047	966.299988
   11.70	22787073	966.304993
   11.70	22787100	966.309998
   11.70	22787126	966.315002
   11.70	22787152	966.320007
   11.70	22787177	966.325012
   11.70	22787203	966.330017
   11.70	22787229	966.335022
   11.70	22787256	966.340027
   11.70	22787281	966.344971
   11.84	22787307	966.349976
   11.70	22787333	966.354980
   11.70	22787359	966.359985
   11.70	22787385	966.364990
   11.70	22787411	966.369995
   11.70	22787437	966.375000
   11.70	22787463	966.380005
   11.70	22787489	966.385010
   11.70	22787515	966.390015
   11.70	22787541	966.395020
   11.70	22787567	966.400024
   11.70	22787593	966.405029
   11.70	22787620	966.409973
   11.84	22787645	966.414978
   11.70	22787671	966.419983
   11.70	22787697	966.424988
   11.70	22787723	966.429993
   11.70	22787749	966.434998
   11.70	22787775	966.440002
   11.70	22787801	966.445007
   11.70	22787827	966.450012
   11.70	22787854	966.455017
   11.70	22787879	966.460022
   11.70	22787905	966.465027
   11.70	22787931	966.469971
   11.84	22787957	966.474976
   11.70	22787983	966.479980
   11.70	22788009	966.484985
   11.70	22788035	966.489990
   11.70	22788061	966.494995
   11.70	22788087	966.500000
   11.70	22788113	966.505005
   11.70	22788139	966.510010
   11.70	22788165	966.515015
   11.70	22788191	966.520020
   11.70	22788217	966.525024
   11.70	22788243	966.530029
   10.80	22788269	966.534973
   12.76	22788295	966.539978
   10.80	22788321	966.544983
   12.60	22788347	966.549988
   11.70	22788373	966.554993
   11.70	22788399	966.559998
   10.80	22788425	966.565002
   12.60	22788451	966.570007
   11.70	22788477	966.575012
   11.70	22788503	966.580017
   11.70	22788529	966.585022
   11.70	22788555	966.590027
   11.70	22788581	966.594971
   11.84	22788607	966.599976
   10.80	22788633	966.604980
   12.60	22788659	966.609985
   10.80	22788685	966.614990
   12.60	22788711	966.619995
   10.80	22788736	966.625000
   12.60	22788762	966.630005
   10.80	22788788	966.635010
   12.60	22788814	966.640015
   10.80	22788840	966.645020
   12.60	22788866	966.650024
   10.80	22788892	966.655029
   12.60	22788918	966.659973
   10.93	22788944	966.664978
   12.60	22788970	966.669983
   10.80	22788996	966.674988
   11.70	22789022	966.679993
   11.70	22789048	966.684998
   12.60	22789074	966.690002
   10.80	22789100	966.695007
   11.70	22789126	966.700012
   11.70	22789152	966.705017
   11.70	22789178	966.710022
   11.70	22789204	966.715027
   11.70	22789230	966.719971
   11.84	22789256	966.724976
   11.70	22789282	966.729980
   11.70	22789308	966.734985
   11.70	22789333	966.739990
   11.70	22789359	966.744995
   11.70	22789385	966.750000
   11.70	22789412	966.755005
   11.70	22789438	966.760010
   11.70	22789463	966.765015
   11.70	22789489	966.770020
   11.70	22789515	966.775024
   11.70	22789542	966.780029
   11.70	22789567	966.784973
   11.84	22789594	966.789978
   11.70	22789620	966.794983
   11.70	22789646	966.799988
   11.70	22789672	966.804993
   11.70	22789697	966.809998
   11.70	22789723	966.815002
   11.70	22789749	966.820007
   11.70	22789776	966.825012
   11.70	22789801	966.830017
   11.70	22789827	966.835022
   11.70	22789853	966.840027
   11.70	22789879	966.844971
   11.84	22789905	966.849976
   11.70	22789931	966.854980
   11.70	22789958	966.859985
   11.70	22789983	966.864990
   11.70	22790010	966.869995
   11.70	22790035	966.875000
   11.70	22790061	966.880005
   11.70	22790087	966.885010
   10.80	22790113	966.890015
   12.60	22790139	966.895020
   11.70	22790165	966.900024
   11.70	22790191	966.905029
   11.70	22790217	966.909973
   11.84	22790243	966.914978
   11.70	22790269	966.919983
   11.70	22790295	966.924988
   11.70	22790321	966.929993
   11.70	22790347	966.934998
   11.70	22790373	966.940002
   11.70	22790399	966.945007
   10.80	22790425	966.950012
   12.60	22790451	966.955017
   10.80	22790477	966.960022
   12.60	22790503	966.965027
   11.70	22790529	966.969971
   11.84	22790555	966.974976
   11.70	22790581	966.979980
   11.70	22790607	966.984985
   11.70	22790633	966.989990
   11.70	22790659	966.994995
   11.70	22790685	967.000000
   11.70	22790711	967.005005
   11.70	22790738	967.010010
   11.70	22790763	967.015015
   10.80	22790789	967.020020
   12.60	22790815	967.025024
   11.70	22790841	967.030029
   11.70	22790867	967.034973
   11.84	22790893	967.039978
   11.70	22790919	967.044983
   11.70	22790945	967.049988
   11.70	22790971	967.054993
   11.70	22790997	967.059998
   11.70	22791023	967.065002
   11.70	22791050	967.070007
   11.70	22791075	967.075012
   11.70	22791102	967.080017
   11.70	22791127	967.085022
   11.70	22791153	967.090027
   11.70	22791179	967.094971
   11.84	22791206	967.099976
   11.70	22791232	967.104980
   11.70	22791257	967.109985
   11.70	22791283	967.114990
   11.70	22791309	967.119995
   11.70	22791335	967.125000
   11.70	22791361	967.130005
   11.70	22791387	967.135010
   11.70	22791413	967.140015
   11.70	22791439	967.145020
   11.70	22791465	967.150024
   11.70	22791491	967.155029
   10.80	22791517	967.159973
   12.76	22791543	967.164978
   11.70	22791569	967.169983
   11.70	22791595	967.174988
   10.80	22791621	967.179993
   12.60	22791647	967.184998
   10.80	22791673	967.190002
   12.60	22791699	967.195007
   11.70	22791725	967.200012
   11.70	22791751	967.205017
   11.70	22791777	967.210022
   11.70	22791803	967.215027
   11.70	22791830	967.219971
   11.84	22791855	967.224976
   11.70	22791881	967.229980
   11.70	22791907	967.234985
   11.70	22791934	967.239990
   11.70	22791959	967.244995
   11.70	22791985	967.250000
   11.70	22792011	967.255005
   11.70	22792037	967.260010
   11.70	22792064	967.265015
   11.70	22792089	967.270020
   11.70	22792116	967.275024
   11.70	22792142	967.280029
   11.70	22792168	967.284973
   12.76	22792194	967.289978
   10.80	22792219	967.294983
   11.70	22792246	967.299988
   11.70	22792272	967.304993
   12.60	22792298	967.309998
   10.80	22792324	967.315002
   11.70	22792350	967.320007
   11.70	22792376	967.325012
   11.70	22792402	967.330017
   11.70	22792428	967.335022
   12.60	22792454	967.340027
   10.80	22792481	967.344971
   12.76	22792506	967.349976
   10.80	22792533	967.354980
   12.60	22792558	967.359985
   10.80	22792584	967.364990
   12.60	22792610	967.369995
   10.80	22792636	967.375000
   12.60	22792663	967.380005
   10.80	22792688	967.385010
   12.60	22792714	967.390015
   10.80	22792740	967.395020
   12.60	22792766	967.400024
   10.80	22792793	967.405029
   12.60	22792818	967.409973
   10.93	22792845	967.414978
   12.60	22792871	967.419983
   11.70	22792897	967.424988
   11.70	22792923	967.429993
   10.80	22792949	967.434998
   12.60	22792975	967.440002
   10.80	22793001	967.445007
   12.60	22793027	967.450012
   11.70	22793053	967.455017
   11.70	22793079	967.460022
   11.70	22793105	967.465027
   11.70	22793131	967.469971
   11.84	22793157	967.474976
   11.70	22793183	967.479980
   11.70	22793210	967.484985