    5.40	22979734	1042.525024
    4.50	22979744	1042.530029
    3.60	22979753	1042.535034
    4.50	22979762	1042.540039
    4.50	22979771	1042.545044
    3.60	22979781	1042.550049
    5.40	22979792	1042.555054
    5.40	22979803	1042.560059
    3.60	22979813	1042.564941
    4.61	22979823	1042.569946
    4.50	22979833	1042.574951
    5.40	22979845	1042.579956
    5.40	22979856	1042.584961
    4.50	22979866	1042.589966
    4.50	22979875	1042.594971
    3.60	22979884	1042.599976
    3.60	22979893	1042.604980
    5.40	22979904	1042.609985
    4.50	22979915	1042.614990
    4.50	22979925	1042.619995
    5.40	22979935	1042.625000
    3.60	22979945	1042.630005
    5.40	22979956	1042.635010
    4.50	22979967	1042.640015
    5.40	22979978	1042.645020
    4.50	22979988	1042.650024
    4.50	22979997	1042.655029
    4.50	22980007	1042.660034
    3.60	22980018	1042.665039
    5.40	22980029	1042.670044
    5.40	22980040	1042.675049
    4.50	22980051	1042.680054
    4.50	22980060	1042.685059
    4.50	22980070	1042.689941
    4.61	22980081	1042.694946
    5.40	22980092	1042.699951
    4.50	22980102	1042.704956
    4.50	22980111	1042.709961
    3.60	22980120	1042.714966
    3.60	22980129	1042.719971
    5.40	22980140	1042.724976
    4.50	22980151	1042.729980
    4.50	22980162	1042.734985
    5.40	22980171	1042.739990
    3.60	22980181	1042.744995
    5.40	22980192	1042.750000
    5.40	22980204	1042.755005
    4.50	22980215	1042.760010
    4.50	22980225	1042.765015
    4.50	22980234	1042.770020
    4.50	22980243	1042.775024
    3.60	22980252	1042.780029
    4.50	22980263	1042.785034
    4.50	22980274	1042.790039
    5.40	22980284	1042.795044
    4.50	22980294	1042.800049
    4.50	22980304	1042.805054
    4.50	22980314	1042.810059
    4.50	22980326	1042.814941
    5.54	22980337	1042.819946
    5.40	22980347	1042.824951
    3.60	22980357	1042.829956
    4.50	22980366	1042.834961
    4.50	22980377	1042.839966
    5.40	22980388	1042.844971
    5.40	22980399	1042.849976
    3.60	22980410	1042.854980
    5.40	22980419	1042.859985
    3.60	22980429	1042.864990
    5.40	22980440	1042.869995
    5.40	22980451	1042.875000
    3.60	22980461	1042.880005
    5.40	22980470	1042.885010
    3.60	22980480	1042.890015
    3.60	22980489	1042.895020
    4.50	22980499	1042.900024
    4.50	22980510	1042.905029
    5.40	22980521	1042.910034
    5.40	22980531	1042.915039
    3.60	22980541	1042.920044
    5.40	22980551	1042.925049
    4.50	22980563	1042.930054
    5.40	22980574	1042.935059
    4.50	22980584	1042.939941
    3.69	22980593	1042.944946
    4.50	22980602	1042.949951
    4.50	22980612	1042.954956
    4.50	22980622	1042.959961
    4.50	22980633	1042.964966
    5.40	22980644	1042.969971
    3.60	22980653	1042.974976
    5.40	22980663	1042.979980
    3.60	22980674	1042.984985
    5.40	22980685	1042.989990
    5.40	22980696	1042.994995
    4.50	22980706	1043.000000
    4.50	22980716	1043.005005
    3.60	22980726	1043.010010
    5.40	22980736	1043.015015
    4.50	22980747	1043.020020
    5.40	22980759	1043.025024
    4.50	22980769	1043.030029
    5.40	22980779	1043.035034
    3.60	22980788	1043.040039
    5.40	22980799	1043.045044
    4.50	22980810	1043.050049
    4.50	22980821	1043.055054
    4.50	22980830	1043.060059
    4.50	22980839	1043.064941
    3.69	22980848	1043.069946
    4.50	22980858	1043.074951
    4.50	22980869	1043.079956
    5.40	22980880	1043.084961
    4.50	22980890	1043.089966
    4.50	22980900	1043.094971
    4.50	22980910	1043.099976
    4.50	22980922	1043.104980
    5.40	22980933	1043.109985
    5.40	22980943	1043.114990
    3.60	22980952	1043.119995
    4.50	22980961	1043.125000
    4.50	22980971	1043.130005
    3.60	22980981	1043.135010
    5.40	22980992	1043.140015
    4.50	22981003	1043.145020
    4.50	22981012	1043.150024
    4.50	22981022	1043.155029
    4.50	22981033	1043.160034
    5.40	22981044	1043.165039
    5.40	22981055	1043.170044
    3.60	22981065	1043.175049
    5.40	22981075	1043.180054
    3.60	22981085	1043.185059
    5.40	22981095	1043.189941
    3.69	22981106	1043.194946
    5.40	22981118	1043.199951
    5.40	22981128	1043.204956
    4.50	22981138	1043.209961
    4.50	22981148	1043.214966
    4.50	22981158	1043.219971
    4.50	22981170	1043.224976
    5.40	22981180	1043.229980
    3.60	22981189	1043.234985
    4.50	22981198	1043.239990
    4.50	22981207	1043.244995
    3.60	22981217	1043.250000
    5.40	22981228	1043.255005
    5.40	22981239	1043.260010
    3.60	22981249	1043.265015
    5.40	22981259	1043.270020
    3.60	22981269	1043.275024
    5.40	22981281	1043.280029
    5.40	22981292	1043.285034
    4.50	22981303	1043.290039
    4.50	22981312	1043.295044
    3.60	22981321	1043.300049
    4.50	22981330	1043.305054
    4.50	22981340	1043.310059
    5.40	22981352	1043.314941
    4.61	22981362	1043.319946
    4.50	22981372	1043.324951
    4.50	22981382	1043.329956
    4.50	22981392	1043.334961
    5.40	22981404	1043.339966
    4.50	22981415	1043.344971
    4.50	22981425	1043.349976
    5.40	22981435	1043.354980
    3.60	22981444	1043.359985
    4.50	22981455	1043.364990
    4.50	22981466	1043.369995
    5.40	22981477	1043.375000
    5.40	22981488	1043.380005
    3.60	22981498	1043.385010
    5.40	22981507	1043.390015
    3.60	22981518	1043.395020
    5.40	22981529	1043.400024
    5.40	22981540	1043.405029
    3.60	22981549	1043.410034
    4.50	22981558	1043.415039
    4.50	22981567	1043.420044
    3.60	22981577	1043.425049
    5.40	22981588	1043.430054
    4.50	22981599	1043.435059
    4.50	22981609	1043.439941
    5.54	22981619	1043.444946
    3.60	22981629	1043.449951
    5.40	22981641	1043.454956
    5.40	22981652	1043.459961
    4.50	22981662	1043.464966
    4.50	22981672	1043.469971
    3.60	22981681	1043.474976
    4.50	22981690	1043.479980
    4.50	22981700	1043.484985
    4.50	22981711	1043.489990
    5.40	22981722	1043.494995
    4.50	22981732	1043.500000
    3.60	22981741	1043.505005
    5.40	22981752	1043.510010
    4.50	22981763	1043.515015
    5.40	22981775	1043.520020
    4.50	22981785	1043.525024
    4.50	22981794	1043.530029
    4.50	22981804	1043.535034
    4.50	22981814	1043.540039
    4.50	22981825	1043.545044
    5.40	22981837	1043.550049
    5.40	22981847	1043.555054
    3.60	22981857	1043.560059
    5.40	22981867	1043.564941
    3.69	22981878	1043.569946
    5.40	22981889	1043.574951
    5.40	22981899	1043.579956
    3.60	22981909	1043.584961
    4.50	22981918	1043.589966
    4.50	22981927	1043.594971
    3.60	22981937	1043.599976
    5.40	22981948	1043.604980
    4.50	22981959	1043.609985
    4.50	22981969	1043.614990
    4.50	22981979	1043.619995
    4.50	22981989	1043.625000
    5.40	22982000	1043.630005
    5.40	22982012	1043.635010
    4.50	22982022	1043.640015
    4.50	22982032	1043.645020
    3.60	22982041	1043.650024
    4.50	22982050	1043.655029
    4.50	22982060	1043.660034
    5.40	22982071	1043.665039
    4.50	22982082	1043.670044
    4.50	22982092	1043.675049
    3.60	22982102	1043.680054
    5.40	22982112	1043.685059
    5.40	22982124	1043.689941
    4.61	22982135	1043.694946
    4.50	22982145	1043.699951
    5.40	22982155	1043.704956
    3.60	22982165	1043.709961
    4.50	22982175	1043.714966
    4.50	22982186	1043.719971
    5.40	22982198	1043.724976
    5.40	22982208	1043.729980
    4.50	22982218	1043.734985
    4.50	22982228	1043.739990
    4.50	22982239	1043.744995
    4.50	22982250	1043.750000
    5.40	22982260	1043.755005
    3.60	22982269	1043.760010
    5.40	22982278	1043.765015
    3.60	22982288	1043.770020
    3.60	22982298	1043.775024
    5.40	22982309	1043.780029
    5.40	22982320	1043.785034
    4.50	22982330	1043.790039
    4.50	22982340	1043.795044
    4.50	22982350	1043.800049
    4.50	22982362	1043.805054
    5.40	22982373	1043.810059
    5.40	22982383	1043.814941
    3.69	22982393	1043.819946
    4.50	22982402	1043.824951
    4.50	22982411	1043.829956
    3.60	22982422	1043.834961
    5.40	22982433	1043.839966
    5.40	22982443	1043.844971
    3.60	22982453	1043.849976
    5.40	22982463	1043.854980
    3.60	22982474	1043.859985
    5.40	22982485	1043.864990
    5.40	22982497	1043.869995
    4.50	22982507	1043.875000
    4.50	22982516	1043.880005
    4.50	22982526	1043.885010
    4.50	22982537	1043.890015
    5.40	22982548	1043.895020
    5.40	22982560	1043.900024
    4.50	22982570	1043.905029
    4.50	22982580	1043.910034
    3.60	22982590	1043.915039
    5.40	22982601	1043.920044
    5.40	22982612	1043.925049
    4.50	22982622	1043.930054
    4.50	22982631	1043.935059
    3.60	22982640	1043.939941
    4.61	22982650	1043.944946
    4.50	22982660	1043.949951
    4.50	22982671	1043.954956
    5.40	22982682	1043.959961
    4.50	22982692	1043.964966
    4.50	22982702	1043.969971
    4.50	22982713	1043.974976
    5.40	22982725	1043.979980
    5.40	22982736	1043.984985
    4.50	22982746	1043.989990
    4.50	22982755	1043.994995
    3.60	22982764	1044.000000
    3.60	22982774	1044.005005
    5.40	22982784	1044.010010
    5.40	22982795	1044.015015
    3.60	22982806	1044.020020
    5.40	22982815	1044.025024
    3.60	22982825	1044.030029
    5.40	22982836	1044.035034
    5.40	22982848	1044.040039
    5.40	22982859	1044.045044
    3.60	22982869	1044.050049
    4.50	22982878	1044.055054
    4.50	22982888	1044.060059
    4.50	22982899	1044.064941
    5.54	22982910	1044.069946
    4.50	22982922	1044.074951
    5.40	22982932	1044.079956
    3.60	22982942	1044.084961
    5.40	22982952	1044.089966
    4.50	22982963	1044.094971
    4.50	22982974	1044.099976
    5.40	22982984	1044.104980
    3.60	22982993	1044.109985
    4.50	22983002	1044.114990
    4.50	22983011	1044.119995
    3.60	22983022	1044.125000
    5.40	22983033	1044.130005
    5.40	22983043	1044.135010
    3.60	22983053	1044.140015
    5.40	22983063	1044.145020
    4.50	22983074	1044.150024
    4.50	22983086	1044.155029
    5.40	22983097	1044.160034
    5.40	22983107	1044.165039
    3.60	22983116	1044.170044
    3.60	22983125	1044.175049
    4.50	22983135	1044.180054
    4.50	22983145	1044.185059
    5.40	22983156	1044.189941
    4.61	22983167	1044.194946
    4.50	22983176	1044.199951
    4.50	22983186	1044.204956
    4.50	22983197	1044.209961
    5.40	22983209	1044.214966
    5.40	22983220	1044.219971
    3.60	22983229	1044.224976
    5.40	22983239	1044.229980
    3.60	22983249	1044.234985
    5.40	22983260	1044.239990
    4.50	22983271	1044.244995
    5.40	22983282	1044.250000
    4.50	22983292	1044.255005
    4.50	22983302	1044.260010
    4.50	22983312	1044.265015
    5.40	22983323	1044.270020
    4.50	22983334	1044.275024
    4.50	22983344	1044.280029
    3.60	22983353	1044.285034
    4.50	22983362	1044.290039
    4.50	22983372	1044.295044
    4.50	22983382	1044.300049
    4.50	22983393	1044.305054
    5.40	22983404	1044.310059
    4.50	22983414	1044.314941
    4.61	22983424	1044.319946
    4.50	22983435	1044.324951
    5.40	22983447	1044.329956
    4.50	22983458	1044.334961
    5.40	22983467	1044.339966
    3.60	22983476	1044.344971
    4.50	22983485	1044.349976
    4.50	22983495	1044.354980
    3.60	22983506	1044.359985
    5.40	22983517	1044.364990
    5.40	22983527	1044.369995
    3.60	22983537	1044.375000
    5.40	22983547	1044.380005
    3.60	22983558	1044.385010
    5.40	22983570	1044.390015
    5.40	22983580	1044.395020
    4.50	22983590	1044.400024
    4.50	22983600	1044.405029
    4.50	22983610	1044.410034
    4.50	22983621	1044.415039
    5.40	22983632	1044.420044
    5.40	22983643	1044.425049
    3.60	22983653	1044.430054
    5.40	22983663	1044.435059
    3.60	22983674	1044.439941
    5.54	22983685	1044.444946
    5.40	22983696	1044.449951
    3.60	22983705	1044.454956
    5.40	22983715	1044.459961
    3.60	22983724	1044.464966
    3.60	22983733	1044.469971
    5.40	22983744	1044.474976
    5.40	22983755	1044.479980
    3.60	22983766	1044.484985
    5.40	22983776	1044.489990
    4.50	22983786	1044.494995
    4.50	22983797	1044.500000
    5.40	22983809	1044.505005
    5.40	22983820	1044.510010
    3.60	22983829	1044.515015
    4.50	22983838	1044.520020
    4.50	22983847	1044.525024
    3.60	22983857	1044.530029
    5.40	22983868	1044.535034
    5.40	22983879	1044.540039
    3.60	22983889	1044.545044
    5.40	22983899	1044.550049
    3.60	22983909	1044.555054
    5.40	22983921	1044.560059
    5.40	22983932	1044.564941
    4.61	22983943	1044.569946
    4.50	22983952	1044.574951
    4.50	22983962	1044.579956
    4.50	22983972	1044.584961
    4.50	22983983	1044.589966
    5.40	22983995	1044.594971
    4.50	22984006	1044.599976
    5.40	22984015	1044.604980
    3.60	22984025	1044.609985
    5.40	22984036	1044.614990
    4.50	22984047	1044.619995
    4.50	22984058	1044.625000
    5.40	22984067	1044.630005
    3.60	22984076	1044.635010
    3.60	22984085	1044.640015
    5.40	22984095	1044.645020
    3.60	22984106	1044.650024
    5.40	22984117	1044.655029
    5.40	22984127	1044.660034
    3.60	22984137	1044.665039
    5.40	22984147	1044.670044
    4.50	22984159	1044.675049
    4.50	22984170	1044.680054
    4.50	22984181	1044.685059
    4.50	22984190	1044.689941
    4.61	22984199	1044.694946
    3.60	22984209	1044.699951
    4.50	22984218	1044.704956
    4.50	22984230	1044.709961
    5.40	22984240	1044.714966
    4.50	22984250	1044.719971
    4.50	22984260	1044.724976
    4.50	22984270	1044.729980
    4.50	22984282	1044.734985
    5.40	22984293	1044.739990
    5.40	22984304	1044.744995
    3.60	22984313	1044.750000
    5.40	22984323	1044.755005
    3.60	22984333	1044.760010
    5.40	22984344	1044.765015
    5.40	22984356	1044.770020
    4.50	22984367	1044.775024
    4.50	22984376	1044.780029
    4.50	22984386	1044.785034
    4.50	22984397	1044.790039
    5.40	22984408	1044.795044
    5.40	22984419	1044.800049
    3.60	22984428	1044.805054
    3.60	22984437	1044.810059
    4.50	22984446	1044.814941
    4.61	22984456	1044.819946
    4.50	22984467	1044.824951
    5.40	22984478	1044.829956
    4.50	22984488	1044.834961
    4.50	22984498	1044.839966
    4.50	22984509	1044.844971
    5.40	22984520	1044.849976
    5.40	22984532	1044.854980
    4.50	22984542	1044.859985
    4.50	22984552	1044.864990
    3.60	22984561	1044.869995
    4.50	22984570	1044.875000
    4.50	22984580	1044.880005
    5.40	22984591	1044.885010
    4.50	22984602	1044.890015
    4.50	22984612	1044.895020
    3.60	22984622	1044.900024
    5.40	22984632	1044.905029
    5.40	22984644	1044.910034
    4.50	22984655	1044.915039
    4.50	22984665	1044.920044
    5.40	22984675	1044.925049
    3.60	22984684	1044.930054
    4.50	22984695	1044.935059
    4.50	22984706	1044.939941
    5.54	22984718	1044.944946
    5.40	22984728	1044.949951
    4.50	22984738	1044.954956
    4.50	22984748	1044.959961
    4.50	22984759	1044.964966
    4.50	22984770	1044.969971
    5.40	22984780	1044.974976
    4.50	22984790	1044.979980
    4.50	22984799	1044.984985
    3.60	22984808	1044.989990
    4.50	22984818	1044.994995
    4.50	22984829	1045.000000
    5.40	22984840	1045.005005
    4.50	22984850	1045.010010
    4.50	22984860	1045.015015
    4.50	22984871	1045.020020
    4.50	22984882	1045.025024
    5.40	22984894	1045.030029
    5.40	22984904	1045.035034
    3.60	22984913	1045.040039
    4.50	22984922	1045.045044
    4.50	22984932	1045.050049
    3.60	22984942	1045.055054
    5.40	22984953	1045.060059
    5.40	22984964	1045.064941
    3.69	22984973	1045.069946
    5.40	22984983	1045.074951
    3.60	22984994	1045.079956
    5.40	22985005	1045.084961
    5.40	22985017	1045.089966
    5.40	22985027	1045.094971
    3.60	22985036	1045.099976
    4.50	22985046	1045.104980
    4.50	22985056	1045.109985
    5.40	22985068	1045.114990
    5.40	22985079	1045.119995
    3.60	22985090	1045.125000
    5.40	22985099	1045.130005
    3.60	22985109	1045.135010
    5.40	22985120	1045.140015
    5.40	22985132	1045.145020
    3.60	22985142	1045.150024
    5.40	22985151	1045.155029
    3.60	22985160	1045.160034
    3.60	22985169	1045.165039
    5.40	22985179	1045.170044
    4.50	22985190	1045.175049
    4.50	22985201	1045.180054
    5.40	22985211	1045.185059
    3.60	22985221	1045.189941
    5.54	22985232	1045.194946
    5.40	22985244	1045.199951
    5.40	22985255	1045.204956
    3.60	22985265	1045.209961
    4.50	22985274	1045.214966
    4.50	22985283	1045.219971
    3.60	22985293	1045.224976
    5.40	22985303	1045.229980
    4.50	22985315	1045.234985
    4.50	22985325	1045.239990
    5.40	22985335	1045.244995
    3.60	22985345	1045.250000
    5.40	22985356	1045.255005
    4.50	22985367	1045.260010
    5.40	22985378	1045.265015
    4.50	22985388	1045.270020
    4.50	22985398	1045.275024
    4.50	22985408	1045.280029
    4.50	22985418	1045.285034
    4.50	22985430	1045.290039
    5.40	22985441	1045.295044
    5.40	22985451	1045.300049
    3.60	22985461	1045.305054
    5.40	22985471	1045.310059
    4.50	22985482	1045.314941
    4.61	22985493	1045.319946
    5.40	22985503	1045.324951
    3.60	22985512	1045.329956
    4.50	22985521	1045.334961
    4.50	22985531	1045.339966
    3.60	22985541	1045.344971
    5.40	22985552	1045.349976
    5.40	22985563	1045.354980
    3.60	22985573	1045.359985
    5.40	22985583	1045.364990
    3.60	22985594	1045.369995
    5.40	22985606	1045.375000
    5.40	22985617	1045.380005
    5.40	22985627	1045.385010
    3.60	22985636	1045.390015
    3.60	22985645	1045.395020
    4.50	22985655	1045.400024
    4.50	22985665	1045.405029
    5.40	22985676	1045.410034
    4.50	22985687	1045.415039
    4.50	22985696	1045.420044
    4.50	22985706	1045.425049
    4.50	22985717	1045.430054
    5.40	22985729	1045.435059
    5.40	22985740	1045.439941
    4.61	22985750	1045.444946
    4.50	22985759	1045.449951
    3.60	22985769	1045.454956
    5.40	22985780	1045.459961
    5.40	22985792	1045.464966
    4.50	22985803	1045.469971
    4.50	22985813	1045.474976
    4.50	22985822	1045.479980
    4.50	22985833	1045.484985
    5.40	22985844	1045.489990
    4.50	22985855	1045.494995
    4.50	22985864	1045.500000
    4.50	22985874	1045.505005
    4.50	22985883	1045.510010
    3.60	22985892	1045.515015
    4.50	22985903	1045.520020
    4.50	22985914	1045.525024
    5.40	22985925	1045.530029
    4.50	22985934	1045.535034
    4.50	22985945	1045.540039
    5.40	22985956	1045.545044
    4.50	22985967	1045.550049
    5.40	22985978	1045.555054
    4.50	22985988	1045.560059
    3.60	22985997	1045.564941
    4.61	22986006	1045.569946
    4.50	22986016	1045.574951
    4.50	22986027	1045.579956
    4.50	22986038	1045.584961
    5.40	22986048	1045.589966
    4.50	22986058	1045.594971
    4.50	22986068	1045.599976
    4.50	22986079	1045.604980
    5.40	22986091	1045.609985
    4.50	22986101	1045.614990
    5.40	22986111	1045.619995
    3.60	22986121	1045.625000
    4.50	22986131	1045.630005
    4.50	22986141	1045.635010
    5.40	22986153	1045.640015
    5.40	22986164	1045.645020
    4.50	22986174	1045.650024
    4.50	22986184	1045.655029
    4.50	22986194	1045.660034
    4.50	22986206	1045.665039
    5.40	22986216	1045.670044
    4.50	22986226	1045.675049
    4.50	22986235	1045.680054
    3.60	22986244	1045.685059
    4.50	22986254	1045.689941
    4.61	22986265	1045.694946
    5.40	22986276	1045.699951
    4.50	22986286	1045.704956
    4.50	22986296	1045.709961
    4.50	22986306	1045.714966
    4.50	22986318	1045.719971
    5.40	22986330	1045.724976
    5.40	22986340	1045.729980
    4.50	22986350	1045.734985
    4.50	22986359	1045.739990
    3.60	22986368	1045.744995
    4.50	22986378	1045.750000
    4.50	22986389	1045.755005
    5.40	22986400	1045.760010
    4.50	22986410	1045.765015
    4.50	22986420	1045.770020
    4.50	22986430	1045.775024
    4.50	22986442	1045.780029
    5.40	22986453	1045.785034
    5.40	22986464	1045.790039
    3.60	22986473	1045.795044
    5.40	22986483	1045.800049
    3.60	22986493	1045.805054
    5.40	22986504	1045.810059
    5.40	22986516	1045.814941
    4.61	22986527	1045.819946
    4.50	22986537	1045.824951
    4.50	22986547	1045.829956
    4.50	22986557	1045.834961
    5.40	22986569	1045.839966
    5.40	22986579	1045.844971
    3.60	22986588	1045.849976
    4.50	22986598	1045.854980
    4.50	22986607	1045.859985
    3.60	22986617	1045.864990
    5.40	22986628	1045.869995
    5.40	22986639	1045.875000
    3.60	22986649	1045.880005
    5.40	22986659	1045.885010
    3.60	22986670	1045.890015
    5.40	22986681	1045.895020
    5.40	22986693	1045.900024
    5.40	22986703	1045.905029
    3.60	22986712	1045.910034
    4.50	22986722	1045.915039
    4.50	22986731	1045.920044
    3.60	22986741	1045.925049
    5.40	22986753	1045.930054
    5.40	22986763	1045.935059
    3.60	22986773	1045.939941
    5.54	22986783	1045.944946
    3.60	22986794	1045.949951
    5.40	22986805	1045.954956
    5.40	22986816	1045.959961
    4.50	22986826	1045.964966
    4.50	22986836	1045.969971
    4.50	22986846	1045.974976
    4.50	22986856	1045.979980
    5.40	22986868	1045.984985
    5.40	22986879	1045.989990
    3.60	22986890	1045.994995
    5.40	22986899	1046.000000
    3.60	22986909	1046.005005
    5.40	22986921	1046.010010
    5.40	22986932	1046.015015
    4.50	22986942	1046.020020
    4.50	22986951	1046.025024
    3.60	22986960	1046.030029
    4.50	22986969	1046.035034
    4.50	22986980	1046.040039
    4.50	22986991	1046.045044
    4.50	22987002	1046.050049
    5.40	22987012	1046.055054
    4.50	22987022	1046.060059
    4.50	22987033	1046.064941
    5.54	22987044	1046.069946
    5.40	22987056	1046.074951
    4.50	22987066	1046.079956
    4.50	22987075	1046.084961
    3.60	22987084	1046.089966
    3.60	22987093	1046.094971
    5.40	22987104	1046.099976
    5.40	22987115	1046.104980
    3.60	22987126	1046.109985
    5.40	22987135	1046.114990
    3.60	22987145	1046.119995
    5.40	22987156	1046.125000
    5.40	22987168	1046.130005
    4.50	22987179	1046.135010
    4.50	22987189	1046.140015
    4.50	22987198	1046.145020
    4.50	22987208	1046.150024
    4.50	22987219	1046.155029
    5.40	22987231	1046.160034
    4.50	22987242	1046.165039
    5.40	22987252	1046.170044
    4.50	22987262	1046.175049
    4.50	22987272	1046.180054
    4.50	22987283	1046.185059
    5.40	22987294	1046.189941
    4.61	22987304	1046.194946
    3.60	22987313	1046.199951
    4.50	22987322	1046.204956
    4.50	22987332	1046.209961
    4.50	22987342	1046.214966
    4.50	22987354	1046.219971
    5.40	22987364	1046.224976
    4.50	22987374	1046.229980
    4.50	22987384	1046.234985
    4.50	22987395	1046.239990
    5.40	22987407	1046.244995
    5.40	22987418	1046.250000
    4.50	22987428	1046.255005
    3.60	22987437	1046.260010
    4.50	22987446	1046.265015
    4.50	22987456	1046.270020
    4.50	22987467	1046.275024
    4.50	22987478	1046.280029
    5.40	22987488	1046.285034
    4.50	22987498	1046.290039
    4.50	22987508	1046.295044
    4.50	22987519	1046.300049
    5.40	22987531	1046.305054
    4.50	22987541	1046.310059
    5.40	22987551	1046.314941
    3.69	22987561	1046.319946
    4.50	22987571	1046.324951
    4.50	22987582	1046.329956
    5.40	22987593	1046.334961
    5.40	22987604	1046.339966
    4.50	22987614	1046.344971
    4.50	22987624	1046.349976
    4.50	22987634	1046.354980
    4.50	22987646	1046.359985
    5.40	22987657	1046.364990
    4.50	22987666	1046.369995
    4.50	22987675	1046.375000
    3.60	22987684	1046.380005
    4.50	22987694	1046.385010
    4.50	22987705	1046.390015
    5.40	22987716	1046.395020
    4.50	22987727	1046.400024
    4.50	22987736	1046.405029
    4.50	22987747	1046.410034
    4.50	22987758	1046.415039
    5.40	22987770	1046.420044
    5.40	22987780	1046.425049
    4.50	22987790	1046.430054
    4.50	22987799	1046.435059
    3.60	22987808	1046.439941
    4.61	22987818	1046.444946
    4.50	22987829	1046.449951
    5.40	22987840	1046.454956
    4.50	22987850	1046.459961
    4.50	22987860	1046.464966
    4.50	22987870	1046.469971
    4.50	22987882	1046.474976
    5.40	22987893	1046.479980
    5.40	22987904	1046.484985
    3.60	22987914	1046.489990
    5.40	22987923	1046.494995
    3.60	22987933	1046.500000
    5.40	22987945	1046.505005
    5.40	22987956	1046.510010
    5.40	22987967	1046.515015
    3.60	22987977	1046.520020
    4.50	22987987	1046.525024
    4.50	22987997	1046.530029
    5.40	22988009	1046.535034
    5.40	22988019	1046.540039
    3.60	22988028	1046.545044
    4.50	22988038	1046.550049
    4.50	22988047	1046.555054
    3.60	22988057	1046.560059
    5.40	22988068	1046.564941
    4.61	22988079	1046.569946
    4.50	22988089	1046.574951
    5.40	22988099	1046.579956
    3.60	22988109	1046.584961
    5.40	22988121	1046.589966
    5.40	22988132	1046.594971
    5.40	22988143	1046.599976
    3.60	22988152	1046.604980
    3.60	22988161	1046.609985
    5.40	22988171	1046.614990
    3.60	22988181	1046.619995
    5.40	22988192	1046.625000
    4.50	22988203	1046.630005
    4.50	22988212	1046.635010
    4.50	22988222	1046.640015
    4.50	22988233	1046.645020
    5.40	22988244	1046.650024
    5.40	22988256	1046.655029
    4.50	22988266	1046.660034
    4.50	22988275	1046.665039
    3.60	22988285	1046.670044
    5.40	22988295	1046.675049
    4.50	22988307	1046.680054
    5.40	22988318	1046.685059
    4.50	22988329	1046.689941
    4.61	22988339	1046.694946
    4.50	22988349	1046.699951
    5.40	22988359	1046.704956
    4.50	22988371	1046.709961
    4.50	22988381	1046.714966
    4.50	22988390	1046.719971
    4.50	22988399	1046.724976
    3.60	22988409	1046.729980
    4.50	22988419	1046.734985
    4.50	22988430	1046.739990
    5.40	22988441	1046.744995
    5.40	22988451	1046.750000
    3.60	22988461	1046.755005
    5.40	22988472	1046.760010
    4.50	22988483	1046.765015
    5.40	22988495	1046.770020
    4.50	22988505	1046.775024
    4.50	22988514	1046.780029
    4.50	22988523	1046.785034
    3.60	22988533	1046.790039
    5.40	22988543	1046.795044
    4.50	22988554	1046.800049
    4.50	22988565	1046.805054
    5.40	22988575	1046.810059
    3.60	22988585	1046.814941
    5.54	22988595	1046.819946
    4.50	22988607	1046.824951
    5.40	22988618	1046.829956
    4.50	22988628	1046.834961
    4.50	22988638	1046.839966
    4.50	22988648	1046.844971
    4.50	22988658	1046.849976
    4.50	22988670	1046.854980
    5.40	22988681	1046.859985
    5.40	22988692	1046.864990
    3.60	22988701	1046.869995
    5.40	22988712	1046.875000
    4.50	22988723	1046.880005
    4.50	22988734	1046.885010
    5.40	22988744	1046.890015
    3.60	22988753	1046.895020
    4.50	22988762	1046.900024
    4.50	22988772	1046.905029
    4.50	22988782	1046.910034
    4.50	22988794	1046.915039
    5.40	22988804	1046.920044
    4.50	22988814	1046.925049
    4.50	22988824	1046.930054
    5.40	22988835	1046.935059
    4.50	22988847	1046.939941
    5.54	22988858	1046.944946
    4.50	22988868	1046.949951
    3.60	22988877	1046.954956
    4.50	22988886	1046.959961
    4.50	22988896	1046.964966
    4.50	22988907	1046.969971
    5.40	22988918	1046.974976
    4.50	22988928	1046.979980
    4.50	22988938	1046.984985
    4.50	22988948	1046.989990
    5.40	22988960	1046.994995
    5.40	22988971	1047.000000
    4.50	22988982	1047.005005
    4.50	22988992	1047.010010
    3.60	22989002	1047.015015
    5.40	22989012	1047.020020
    4.50	22989023	1047.025024
    4.50	22989034	1047.030029
    5.40	22989045	1047.035034
    5.40	22989055	1047.040039
    3.60	22989065	1047.045044
    5.40	22989076	1047.050049
    4.50	22989087	1047.055054
    4.50	22989098	1047.060059
    5.40	22989107	1047.064941
    3.69	22989116	1047.069946
    4.50	22989125	1047.074951
    4.50	22989135	1047.079956
    4.50	22989146	1047.084961
    4.50	22989158	1047.089966
    5.40	22989168	1047.094971
    4.50	22989178	1047.099976
    4.50	22989188	1047.104980
    5.40	22989200	1047.109985
    4.50	22989211	1047.114990
    4.50	22989222	1047.119995
    5.40	22989231	1047.125000
    3.60	22989240	1047.130005
    4.50	22989249	1047.135010
    4.50	22989260	1047.140015
    4.50	22989271	1047.145020
    4.50	22989282	1047.150024
    5.40	22989291	1047.155029
    3.60	22989301	1047.160034
    5.40	22989312	1047.165039
    4.50	22989323	1047.170044
    5.40	22989335	1047.175049
    4.50	22989345	1047.180054
    5.40	22989355	1047.185059
    3.60	22989364	1047.189941
    4.61	22989375	1047.194946
    4.50	22989386	1047.199951
    5.40	22989397	1047.204956
    5.40	22989408	1047.209961
    4.50	22989418	1047.214966
    4.50	22989428	1047.219971
    4.50	22989438	1047.224976
    4.50	22989450	1047.229980
    5.40	22989460	1047.234985
    3.60	22989469	1047.239990
    5.40	22989478	1047.244995
    3.60	22989488	1047.250000
    3.60	22989498	1047.255005
    5.40	22989509	1047.260010
    5.40	22989520	1047.265015
    4.50	22989530	1047.270020
    4.50	22989540	1047.275024
    4.50	22989550	1047.280029
    4.50	22989562	1047.285034
    5.40	22989574	1047.290039
    5.40	22989584	1047.295044
    3.60	22989593	1047.300049
    4.50	22989602	1047.305054
    4.50	22989612	1047.310059
    4.50	22989622	1047.314941
    4.61	22989633	1047.319946
    5.40	22989644	1047.324951
    4.50	22989654	1047.329956
    4.50	22989664	1047.334961
    4.50	22989674	1047.339966
    4.50	22989686	1047.344971
    5.40	22989697	1047.349976
    5.40	22989707	1047.354980
    3.60	22989717	1047.359985
    5.40	22989727	1047.364990
    3.60	22989737	1047.369995
    5.40	22989749	1047.375000
    5.40	22989760	1047.380005
    4.50	22989770	1047.385010
    4.50	22989780	1047.390015
    4.50	22989790	1047.395020
    4.50	22989801	1047.400024
    5.40	22989812	1047.405029
    4.50	22989822	1047.410034
    4.50	22989832	1047.415039
    3.60	22989841	1047.420044
    4.50	22989850	1047.425049
    4.50	22989861	1047.430054
    5.40	22989872	1047.435059
    4.50	22989883	1047.439941
    4.61	22989893	1047.444946
    4.50	22989903	1047.449951
    4.50	22989914	1047.454956
    5.40	22989925	1047.459961
    5.40	22989937	1047.464966
    4.50	22989946	1047.469971
    4.50	22989956	1047.474976
    3.60	22989965	1047.479980
    4.50	22989974	1047.484985
    4.50	22989985	1047.489990
    5.40	22989996	1047.494995
    4.50	22990006	1047.500000
    4.50	22990016	1047.505005
    4.50	22990026	1047.510010
    4.50	22990037	1047.515015
    5.40	22990049	1047.520020
    5.40	22990060	1047.525024
    3.60	22990069	1047.530029
    5.40	22990079	1047.535034
    3.60	22990089	1047.540039
    5.40	22990099	1047.545044
    4.50	22990111	1047.550049
    5.40	22990122	1047.555054
    4.50	22990132	1047.560059
    4.50	22990142	1047.564941
    4.61	22990152	1047.569946
    5.40	22990163	1047.574951
    4.50	22990174	1047.579956
    4.50	22990184	1047.584961
    3.60	22990193	1047.589966
    4.50	22990202	1047.594971
    4.50	22990212	1047.599976
    4.50	22990222	1047.604980
    4.50	22990234	1047.609985
    5.40	22990244	1047.614990
    4.50	22990254	1047.619995
    4.50	22990264	1047.625000
    4.50	22990275	1047.630005
    5.40	22990287	1047.635010
    4.50	22990298	1047.640015
    5.40	22990308	1047.645020
    3.60	22990317	1047.650024
    4.50	22990326	1047.655029
    4.50	22990336	1047.660034
    4.50	22990346	1047.665039
    4.50	22990357	1047.670044
    5.40	22990368	1047.675049
    3.60	22990377	1047.680054
    5.40	22990387	1047.685059
    4.50	22990399	1047.689941
    4.61	22990410	1047.694946
    5.40	22990421	1047.699951
    5.40	22990431	1047.704956
    3.60	22990440	1047.709961
    4.50	22990450	1047.714966
    4.50	22990461	1047.719971
    5.40	22990473	1047.724976
    5.40	22990484	1047.729980
    4.50	22990494	1047.734985
    4.50	22990503	1047.739990
    3.60	22990514	1047.744995
    5.40	22990525	1047.750000
    5.40	22990536	1047.755005
    4.50	22990545	1047.760010
    4.50	22990555	1047.765015
    3.60	22990564	1047.770020
    3.60	22990573	1047.775024
    5.40	22990584	1047.780029
    5.40	22990595	1047.785034
    3.60	22990606	1047.790039
    5.40	22990616	1047.795044
    3.60	22990626	1047.800049
    5.40	22990637	1047.805054
    5.40	22990649	1047.810059
    5.40	22990659	1047.814941
    3.69	22990669	1047.819946
    4.50	22990678	1047.824951
    4.50	22990687	1047.829956
    3.60	22990697	1047.834961
    5.40	22990708	1047.839966
    5.40	22990719	1047.844971
    3.60	22990729	1047.849976
    5.40	22990739	1047.854980
    3.60	22990749	1047.859985
    5.40	22990760	1047.864990
    5.40	22990772	1047.869995
    4.50	22990783	1047.875000
    4.50	22990792	1047.880005
    4.50	22990802	1047.885010
    4.50	22990812	1047.890015
    4.50	22990823	1047.895020
    5.40	22990835	1047.900024
    4.50	22990846	1047.905029
    5.40	22990855	1047.910034
    3.60	22990865	1047.915039
    5.40	22990876	1047.920044
    4.50	22990887	1047.925049
    5.40	22990898	1047.930054
    4.50	22990907	1047.935059
    3.60	22990916	1047.939941
    4.61	22990926	1047.944946
    4.50	22990936	1047.949951
    4.50	22990946	1047.954956
    4.50	22990958	1047.959961
    5.40	22990968	1047.964966
    4.50	22990978	1047.969971
    4.50	22990988	1047.974976
    5.40	22991000	1047.979980
    5.40	22991011	1047.984985
    4.50	22991022	1047.989990
    4.50	22991031	1047.994995
    3.60	22991040	1048.000000
    4.50	22991050	1048.005005
    4.50	22991060	1048.010010
    4.50	22991071	1048.015015
    5.40	22991082	1048.020020
    4.50	22991092	1048.025024
    4.50	22991102	1048.030029
    4.50	22991112	1048.035034
    5.40	22991124	1048.040039
    5.40	22991135	1048.045044
    3.60	22991145	1048.050049
    5.40	22991155	1048.055054
    3.60	22991165	1048.060059
    5.40	22991175	1048.064941
    3.69	22991186	1048.069946
    5.40	22991198	1048.074951
    5.40	22991208	1048.079956
    4.50	22991218	1048.084961
    4.50	22991228	1048.089966
    4.50	22991239	1048.094971
    5.40	22991250	1048.099976
    4.50	22991261	1048.104980
    4.50	22991270	1048.109985
    4.50	22991279	1048.114990
    3.60	22991288	1048.119995
    4.50	22991298	1048.125000
    4.50	22991310	1048.130005
    5.40	22991321	1048.135010
    4.50	22991331	1048.140015
    4.50	22991341	1048.145020
    5.40	22991351	1048.150024
    4.50	22991363	1048.155029
    5.40	22991374	1048.160034
    4.50	22991384	1048.165039
    4.50	22991394	1048.170044
    4.50	22991403	1048.175049
    3.60	22991412	1048.180054
    4.50	22991422	1048.185059
    4.50	22991434	1048.189941
    5.54	22991444	1048.194946
    4.50	22991454	1048.199951
    4.50	22991464	1048.204956
    4.50	22991475	1048.209961
    4.50	22991486	1048.214966
    5.40	22991497	1048.219971
    5.40	22991507	1048.224976
    3.60	22991517	1048.229980
    4.50	22991527	1048.234985
    4.50	22991537	1048.239990
    5.40	22991548	1048.244995
    5.40	22991560	1048.250000
    4.50	22991570	1048.255005
    4.50	22991580	1048.260010
    3.60	22991590	1048.265015
    5.40	22991601	1048.270020
    5.40	22991612	1048.275024
    4.50	22991622	1048.280029
    4.50	22991631	1048.285034
    3.60	22991640	1048.290039
    3.60	22991649	1048.295044
    5.40	22991660	1048.300049
    4.50	22991671	1048.305054
    4.50	22991682	1048.310059
    5.40	22991692	1048.314941
    3.69	22991701	1048.319946
    5.40	22991712	1048.324951
    5.40	22991724	1048.329956
    5.40	22991735	1048.334961
    3.60	22991745	1048.339966
    4.50	22991754	1048.344971
    4.50	22991763	1048.349976
    3.60	22991773	1048.354980
    5.40	22991783	1048.359985
    4.50	22991794	1048.364990
    4.50	22991805	1048.369995
    5.40	22991815	1048.375000
    3.60	22991824	1048.380005
    5.40	22991835	1048.385010
    4.50	22991847	1048.390015
    4.50	22991858	1048.395020
    5.40	22991868	1048.400024
    3.60	22991877	1048.405029
    5.40	22991887	1048.410034
    3.60	22991898	1048.415039
    5.40	22991909	1048.420044
    5.40	22991920	1048.425049
    4.50	22991931	1048.430054
    4.50	22991940	1048.435059
    4.50	22991950	1048.439941
    4.61	22991961	1048.444946
    5.40	22991973	1048.449951
    4.50	22991982	1048.454956
    4.50	22991992	1048.459961
    3.60	22992001	1048.464966
    4.50	22992010	1048.469971
    4.50	22992020	1048.474976
    5.40	22992032	1048.479980
    4.50	22992042	1048.484985
    4.50	22992052	1048.489990
    4.50	22992062	1048.494995
    4.50	22992073	1048.500000
    5.40	22992085	1048.505005
    5.40	22992096	1048.510010
    4.50	22992106	1048.515015
    4.50	22992115	1048.520020
    3.60	22992124	1048.525024
    3.60	22992133	1048.530029
    5.40	22992144	1048.535034
    4.50	22992155	1048.540039
    4.50	22992165	1048.545044
    5.40	22992175	1048.550049
    3.60	22992185	1048.555054
    5.40	22992196	1048.560059
    4.50	22992207	1048.564941
    5.54	22992218	1048.569946
    4.50	22992228	1048.574951
    4.50	22992238	1048.579956
    4.50	22992247	1048.584961
    3.60	22992258	1048.589966
    5.40	22992269	1048.594971
    5.40	22992281	1048.599976
    5.40	22992291	1048.604980
    3.60	22992300	1048.609985
    4.50	22992310	1048.614990
    4.50	22992322	1048.619995
    5.40	22992333	1048.625000
    4.50	22992342	1048.630005
    4.50	22992352	1048.635010
    3.60	22992361	1048.640015
    4.50	22992370	1048.645020
    4.50	22992380	1048.650024
    4.50	22992391	1048.655029
    5.40	22992402	1048.660034
    4.50	22992412	1048.665039
    4.50	22992422	1048.670044
    4.50	22992432	1048.675049
    5.40	22992444	1048.680054
    5.40	22992455	1048.685059
    3.60	22992465	1048.689941
    4.61	22992474	1048.694946
    4.50	22992483	1048.699951
    3.60	22992493	1048.704956
    4.50	22992503	1048.709961
    4.50	22992514	1048.714966
    5.40	22992524	1048.719971
    4.50	22992534	1048.724976
    4.50	22992544	1048.729980
    4.50	22992554	1048.734985
    4.50	22992566	1048.739990
    5.40	22992577	1048.744995
    5.40	22992587	1048.750000
    3.60	22992596	1048.755005
    4.50	22992606	1048.760010
    4.50	22992616	1048.765015
    5.40	22992628	1048.770020
    4.50	22992639	1048.775024
    4.50	22992649	1048.780029
    5.40	22992659	1048.785034
    3.60	22992669	1048.790039
    5.40	22992680	1048.795044
    4.50	22992691	1048.800049
    4.50	22992701	1048.805054
    4.50	22992710	1048.810059
    4.50	22992719	1048.814941
    3.69	22992728	1048.819946
    4.50	22992738	1048.824951
    4.50	22992749	1048.829956
    5.40	22992760	1048.834961
    4.50	22992770	1048.839966
    4.50	22992780	1048.844971
    4.50	22992790	1048.849976
    4.50	22992802	1048.854980
    5.40	22992813	1048.859985
    5.40	22992823	1048.864990
    3.60	22992833	1048.869995
    4.50	22992842	1048.875000
    4.50	22992851	1048.880005
    3.60	22992861	1048.885010
    5.40	22992872	1048.890015
    4.50	22992883	1048.895020
    4.50	22992892	1048.900024
    4.50	22992902	1048.905029
    4.50	22992912	1048.910034
    5.40	22992924	1048.915039
    5.40	22992935	1048.920044
    3.60	22992945	1048.925049
    5.40	22992955	1048.930054
    3.60	22992964	1048.935059
    4.50	22992974	1048.939941
    4.61	22992986	1048.944946
    5.40	22992997	1048.949951
    5.40	22993008	1048.954956
    3.60	22993017	1048.959961
    5.40	22993027	1048.964966
    3.60	22993038	1048.969971
    5.40	22993049	1048.974976
    5.40	22993059	1048.979980
    3.60	22993068	1048.984985
    4.50	22993077	1048.989990
    4.50	22993087	1048.994995
    3.60	22993096	1049.000000
    5.40	22993107	1049.005005
    4.50	22993118	1049.010010
    4.50	22993128	1049.015015
    4.50	22993138	1049.020020
    4.50	22993149	1049.025024
    5.40	22993160	1049.030029
    5.40	22993171	1049.035034
    4.50	22993182	1049.040039
    4.50	22993191	1049.045044
    3.60	22993200	1049.050049
    3.60	22993209	1049.055054
    5.40	22993219	1049.060059
    4.50	22993230	1049.064941
    4.61	22993241	1049.069946
    5.40	22993251	1049.074951
    3.60	22993261	1049.079956
    4.50	22993271	1049.084961
    4.50	22993282	1049.089966
    5.40	22993294	1049.094971
    5.40	22993304	1049.099976
    3.60	22993313	1049.104980
    5.40	22993323	1049.109985
    3.60	22993333	1049.114990
    5.40	22993344	1049.119995
    5.40	22993356	1049.125000
    4.50	22993366	1049.130005
    4.50	22993376	1049.135010
    4.50	22993386	1049.140015
    4.50	22993396	1049.145020
    5.40	22993408	1049.150024
    4.50	22993418	1049.155029
    4.50	22993427	1049.160034
    3.60	22993436	1049.165039
    3.60	22993445	1049.170044
    5.40	22993455	1049.175049
    3.60	22993466	1049.180054
    5.40	22993477	1049.185059
    5.40	22993487	1049.189941
    3.69	22993497	1049.194946
    5.40	22993507	1049.199951
    3.60	22993518	1049.204956
    5.40	22993530	1049.209961
    5.40	22993540	1049.214966
    4.50	22993550	1049.219971
    4.50	22993559	1049.224976
    3.60	22993568	1049.229980
    4.50	22993578	1049.234985
    4.50	22993589	1049.239990
    5.40	22993600	1049.244995
    3.60	22993609	1049.250000
    5.40	22993619	1049.255005
    3.60	22993629	1049.260010
    5.40	22993640	1049.265015
    5.40	22993652	1049.270020
    4.50	22993662	1049.275024
    4.50	22993672	1049.280029
    3.60	22993681	1049.285034
    5.40	22993691	1049.290039
    4.50	22993702	1049.295044
    4.50	22993714	1049.300049
    5.40	22993725	1049.305054
    4.50	22993735	1049.310059
    4.50	22993744	1049.314941
    4.61	22993755	1049.319946
    4.50	22993766	1049.324951
    5.40	22993777	1049.329956
    4.50	22993786	1049.334961
    4.50	22993795	1049.339966
    3.60	22993804	1049.344971
    4.50	22993814	1049.349976
    4.50	22993824	1049.354980
    5.40	22993836	1049.359985
    4.50	22993846	1049.364990
    4.50	22993856	1049.369995
    3.60	22993866	1049.375000
    5.40	22993877	1049.380005
    5.40	22993889	1049.385010
    5.40	22993899	1049.390015
    3.60	22993909	1049.395020
    4.50	22993918	1049.400024
    4.50	22993927	1049.405029
    3.60	22993937	1049.410034
    5.40	22993948	1049.415039
    4.50	22993959	1049.420044
    4.50	22993969	1049.425049
    4.50	22993978	1049.430054
    4.50	22993988	1049.435059
    5.40	22994000	1049.439941
    4.61	22994011	1049.444946
    4.50	22994022	1049.449951
    5.40	22994031	1049.454956
    3.60	22994041	1049.459961
    4.50	22994051	1049.464966
    4.50	22994061	1049.469971
    5.40	22994073	1049.474976
    5.40	22994084	1049.479980
    4.50	22994094	1049.484985
    4.50	22994104	1049.489990
    3.60	22994114	1049.494995
    5.40	22994125	1049.500000
    5.40	22994136	1049.505005
    4.50	22994145	1049.510010
    4.50	22994154	1049.515015
    3.60	22994164	1049.520020
    3.60	22994173	1049.525024
    5.40	22994184	1049.530029
    4.50	22994195	1049.535034
    4.50	22994205	1049.540039
    5.40	22994215	1049.545044
    3.60	22994225	1049.550049
    5.40	22994236	1049.555054
    5.40	22994248	1049.560059
    5.40	22994259	1049.564941
    3.69	22994268	1049.569946
    4.50	22994278	1049.574951
    4.50	22994287	1049.579956
    3.60	22994296	1049.584961
    5.40	22994307	1049.589966
    4.50	22994318	1049.594971
    4.50	22994328	1049.599976
    4.50	22994338	1049.604980
    4.50	22994348	1049.609985
    4.50	22994359	1049.614990
    5.40	22994371	1049.619995
    4.50	22994381	1049.625000
    5.40	22994391	1049.630005
    3.60	22994401	1049.635010
    4.50	22994411	1049.640015
    4.50	22994421	1049.645020
    5.40	22994433	1049.650024
    5.40	22994444	1049.655029
    4.50	22994454	1049.660034
    4.50	22994464	1049.665039
    4.50	22994474	1049.670044
    4.50	22994485	1049.675049
    5.40	22994496	1049.680054
    4.50	22994506	1049.685059
    4.50	22994515	1049.689941
    3.69	22994524	1049.694946
    3.60	22994533	1049.699951
    5.40	22994544	1049.704956
    4.50	22994555	1049.709961
    4.50	22994565	1049.714966
    5.40	22994575	1049.719971
    3.60	22994585	1049.724976
    5.40	22994596	1049.729980
    5.40	22994608	1049.734985
    5.40	22994619	1049.739990
    3.60	22994628	1049.744995
    4.50	22994637	1049.750000
    4.50	22994647	1049.755005
    3.60	22994656	1049.760010
    4.50	22994667	1049.765015
    4.50	22994678	1049.770020
    5.40	22994688	1049.775024
    4.50	22994698	1049.780029
    4.50	22994708	1049.785034
    4.50	22994719	1049.790039
    4.50	22994730	1049.795044
    5.40	22994741	1049.800049
    4.50	22994750	1049.805054
    4.50	22994760	1049.810059
    4.50	22994770	1049.814941
    4.61	22994780	1049.819946
    5.40	22994792	1049.824951
    5.40	22994803	1049.829956
    3.60	22994813	1049.834961
    4.50	22994823	1049.839966
    4.50	22994833	1049.844971
    5.40	22994844	1049.849976
    4.50	22994855	1049.854980
    4.50	22994864	1049.859985
    4.50	22994873	1049.864990
    3.60	22994882	1049.869995
    4.50	22994892	1049.875000
    4.50	22994902	1049.880005
    4.50	22994913	1049.885010
    5.40	22994924	1049.890015
    4.50	22994934	1049.895020
    4.50	22994944	1049.900024
    4.50	22994954	1049.905029
    4.50	22994966	1049.910034
    5.40	22994977	1049.915039
    5.40	22994987	1049.920044
    3.60	22994996	1049.925049
    3.60	22995005	1049.930054
    4.50	22995014	1049.935059
    4.50	22995025	1049.939941
    5.54	22995036	1049.944946
    4.50	22995046	1049.949951
    4.50	22995056	1049.954956
    3.60	22995066	1049.959961
    5.40	22995076	1049.964966
    5.40	22995088	1049.969971
    5.40	22995099	1049.974976
    3.60	22995109	1049.979980
    4.50	22995118	1049.984985
    4.50	22995128	1049.989990
    4.50	22995138	1049.994995
    4.50	22995150	1050.000000
    5.40	22995161	1050.005005
    5.40	22995171	1050.010010
    3.60	22995181	1050.015015
    5.40	22995191	1050.020020
    3.60	22995202	1050.025024
    5.40	22995213	1050.030029
    5.40	22995223	1050.035034
    3.60	22995232	1050.040039
    3.60	22995240	1050.045044
    4.50	22995250	1050.050049
    4.50	22995260	1050.055054
    4.50	22995271	1050.060059
    4.50	22995282	1050.064941
    5.54	22995291	1050.069946
    3.60	22995301	1050.074951
    5.40	22995312	1050.079956
    4.50	22995323	1050.084961
    5.40	22995335	1050.089966
    4.50	22995344	1050.094971
    4.50	22995353	1050.099976
    4.50	22995362	1050.104980
    3.60	22995372	1050.109985
    4.50	22995382	1050.114990
    4.50	22995393	1050.119995
    5.40	22995403	1050.125000
    3.60	22995413	1050.130005
    5.40	22995423	1050.135010
    3.60	22995433	1050.140015
    5.40	22995444	1050.145020
    5.40	22995456	1050.150024
    3.60	22995465	1050.155029
    5.40	22995475	1050.160034
    3.60	22995484	1050.165039
    4.50	22995494	1050.170044
    4.50	22995506	1050.175049
    5.40	22995517	1050.180054
    5.40	22995527	1050.185059
    3.60	22995537	1050.189941
    4.61	22995546	1050.194946
    4.50	22995557	1050.199951
    5.40	22995568	1050.204956
    4.50	22995578	1050.209961
    4.50	22995587	1050.214966
    3.60	22995596	1050.219971
    3.60	22995605	1050.224976
    5.40	22995615	1050.229980
    3.60	22995625	1050.234985
    5.40	22995636	1050.239990
    4.50	22995646	1050.244995
    4.50	22995656	1050.250000
    4.50	22995666	1050.255005
    4.50	22995677	1050.260010
    5.40	22995688	1050.265015
    5.40	22995699	1050.270020
    3.60	22995708	1050.275024
    3.60	22995717	1050.280029
    4.50	22995726	1050.285034
    4.50	22995735	1050.290039
    3.60	22995746	1050.295044
    5.40	22995757	1050.300049
    4.50	22995766	1050.305054
    4.50	22995776	1050.310059
    3.60	22995785	1050.314941
    5.54	22995796	1050.319946
    5.40	22995807	1050.324951
    4.50	22995818	1050.329956
    4.50	22995828	1050.334961
    3.60	22995837	1050.339966
    5.40	22995847	1050.344971
    3.60	22995857	1050.349976
    5.40	22995868	1050.354980
    5.40	22995879	1050.359985
    3.60	22995889	1050.364990
    5.40	22995899	1050.369995
    3.60	22995908	1050.375000
    4.50	22995919	1050.380005
    4.50	22995930	1050.385010
    5.40	22995940	1050.390015
    3.60	22995949	1050.395020
    4.50	22995957	1050.400024
    3.60	22995966	1050.405029
    4.50	22995976	1050.410034
    4.50	22995986	1050.415039
    4.50	22995997	1050.420044
    5.40	22996007	1050.425049
    3.60	22996017	1050.430054
    4.50	22996026	1050.435059
    4.50	22996037	1050.439941
    5.54	22996049	1050.444946
    5.40	22996059	1050.449951
    3.60	22996068	1050.454956
    3.60	22996077	1050.459961
    4.50	22996085	1050.464966
    4.50	22996095	1050.469971
    3.60	22996105	1050.474976
    5.40	22996116	1050.479980
    4.50	22996126	1050.484985
    4.50	22996135	1050.489990
    3.60	22996144	1050.494995
    4.50	22996155	1050.500000
    4.50	22996166	1050.505005
    5.40	22996177	1050.510010
    4.50	22996186	1050.515015
    4.50	22996195	1050.520020
    3.60	22996205	1050.525024
    4.50	22996214	1050.530029
    4.50	22996225	1050.535034
    5.40	22996237	1050.540039
    5.40	22996247	1050.545044
    3.60	22996256	1050.550049
    3.60	22996265	1050.555054
    5.40	22996275	1050.560059
    4.50	22996286	1050.564941
    4.61	22996296	1050.569946
    4.50	22996305	1050.574951
    3.60	22996314	1050.579956
    4.50	22996322	1050.584961
    3.60	22996331	1050.589966
    3.60	22996341	1050.594971
    5.40	22996352	1050.599976
    4.50	22996363	1050.604980
    4.50	22996372	1050.609985
    4.50	22996382	1050.614990
    4.50	22996392	1050.619995
    4.50	22996403	1050.625000
    5.40	22996414	1050.630005
    4.50	22996424	1050.635010
    3.60	22996432	1050.640015
    3.60	22996441	1050.645020
    4.50	22996450	1050.650024
    4.50	22996459	1050.655029
    3.60	22996470	1050.660034
    5.40	22996480	1050.665039
    4.50	22996490	1050.670044
    4.50	22996499	1050.675049
    3.60	22996509	1050.680054
    5.40	22996519	1050.685059
    4.50	22996531	1050.689941
    4.61	22996541	1050.694946
    4.50	22996550	1050.699951
    4.50	22996559	1050.704956
    3.60	22996568	1050.709961
    4.50	22996579	1050.714966
    4.50	22996590	1050.719971
    5.40	22996601	1050.724976
    4.50	22996610	1050.729980
    4.50	22996620	1050.734985
    3.60	22996629	1050.739990
    5.40	22996639	1050.744995
    4.50	22996650	1050.750000
    4.50	22996660	1050.755005
    3.60	22996669	1050.760010
    4.50	22996677	1050.765015
    3.60	22996686	1050.770020
    4.50	22996695	1050.775024
    3.60	22996705	1050.780029
    5.40	22996716	1050.785034
    4.50	22996726	1050.790039
    4.50	22996735	1050.795044
    3.60	22996745	1050.800049
    5.40	22996756	1050.805054
    4.50	22996767	1050.810059
    4.50	22996778	1050.814941
    5.54	22996787	1050.819946
    3.60	22996795	1050.824951
    3.60	22996804	1050.829956
    3.60	22996813	1050.834961
    5.40	22996823	1050.839966
    3.60	22996834	1050.844971
    5.40	22996844	1050.849976
    3.60	22996853	1050.854980
    4.50	22996862	1050.859985
    4.50	22996872	1050.864990
    5.40	22996884	1050.869995
    4.50	22996894	1050.875000
    4.50	22996904	1050.880005
    3.60	22996913	1050.885010
    4.50	22996922	1050.890015
    4.50	22996932	1050.895020
    4.50	22996942	1050.900024
    4.50	22996954	1050.905029
    5.40	22996964	1050.910034
    4.50	22996974	1050.915039
    4.50	22996983	1050.920044
    3.60	22996993	1050.925049
    5.40	22997003	1050.930054
    4.50	22997014	1050.935059
    4.50	22997023	1050.939941
    3.69	22997032	1050.944946
    3.60	22997040	1050.949951
    3.60	22997049	1050.954956
    5.40	22997059	1050.959961
    3.60	22997070	1050.964966
    5.40	22997080	1050.969971
    4.50	22997090	1050.974976
    4.50	22997099	1050.979980
    3.60	22997109	1050.984985
    5.40	22997120	1050.989990
    5.40	22997132	1050.994995
    4.50	22997142	1051.000000
    4.50	22997150	1051.005005
    3.60	22997159	1051.010010
    3.60	22997168	1051.015015
    3.60	22997177	1051.020020
    5.40	22997188	1051.025024
    4.50	22997198	1051.030029
    4.50	22997208	1051.035034
    3.60	22997217	1051.040039
    5.40	22997227	1051.045044
    3.60	22997238	1051.050049
    5.40	22997249	1051.055054
    5.40	22997259	1051.060059
    3.60	22997269	1051.064941
    4.61	22997278	1051.069946
    4.50	22997287	1051.074951
    3.60	22997297	1051.079956
    5.40	22997308	1051.084961
    5.40	22997319	1051.089966
    3.60	22997329	1051.094971
    5.40	22997339	1051.099976
    3.60	22997348	1051.104980
    4.50	22997359	1051.109985
    4.50	22997369	1051.114990
    5.40	22997379	1051.119995
    3.60	22997388	1051.125000
    3.60	22997397	1051.130005
    4.50	22997405	1051.135010
    4.50	22997415	1051.140015
    3.60	22997425	1051.145020
    5.40	22997436	1051.150024
    4.50	22997446	1051.155029
    4.50	22997455	1051.160034
    3.60	22997465	1051.165039
    5.40	22997476	1051.170044
    4.50	22997487	1051.175049
    4.50	22997498	1051.180054
    5.40	22997507	1051.185059
    3.60	22997516	1051.189941
    3.69	22997524	1051.194946
    3.60	22997533	1051.199951
    5.40	22997544	1051.204956
    4.50	22997554	1051.209961
    4.50	22997564	1051.214966
    4.50	22997574	1051.219971
    4.50	22997583	1051.224976
    3.60	22997593	1051.229980
    5.40	22997604	1051.234985
    5.40	22997615	1051.239990
    3.60	22997625	1051.244995
    4.50	22997634	1051.250000
    4.50	22997643	1051.255005
    3.60	22997653	1051.260010
    5.40	22997664	1051.265015
    4.50	22997675	1051.270020
    4.50	22997685	1051.275024
    5.40	22997695	1051.280029
    3.60	22997704	1051.285034
    4.50	22997714	1051.290039
    4.50	22997725	1051.295044
    5.40	22997735	1051.300049
    3.60	22997744	1051.305054
    3.60	22997753	1051.310059
    4.50	22997761	1051.314941
    4.61	22997770	1051.319946
    3.60	22997780	1051.324951
    5.40	22997791	1051.329956
    3.60	22997802	1051.334961
    5.40	22997811	1051.339966
    3.60	22997821	1051.344971
    5.40	22997831	1051.349976
    4.50	22997842	1051.354980
    4.50	22997854	1051.359985
    5.40	22997863	1051.364990
    3.60	22997872	1051.369995
    3.60	22997881	1051.375000
    4.50	22997890	1051.380005
    4.50	22997900	1051.385010
    4.50	22997910	1051.390015
    4.50	22997921	1051.395020
    4.50	22997930	1051.400024
    4.50	22997940	1051.405029
    3.60	22997950	1051.410034
    5.40	22997960	1051.415039
    5.40	22997972	1051.420044
    4.50	22997982	1051.425049
    4.50	22997991	1051.430054
    3.60	22998000	1051.435059
    4.50	22998010	1051.439941
    4.61	22998020	1051.444946
    5.40	22998032	1051.449951
    4.50	22998043	1051.454956
    4.50	22998052	1051.459961
    4.50	22998062	1051.464966
    4.50	22998072	1051.469971
    4.50	22998082	1051.474976
    4.50	22998093	1051.479980
    5.40	22998103	1051.484985
    3.60	22998111	1051.489990
    3.60	22998120	1051.494995
    3.60	22998129	1051.500000
    5.40	22998139	1051.505005
    3.60	22998150	1051.510010
    5.40	22998160	1051.515015
    4.50	22998170	1051.520020
    4.50	22998180	1051.525024
    3.60	22998190	1051.530029
    5.40	22998201	1051.535034
    5.40	22998212	1051.540039
    4.50	22998222	1051.545044
    4.50	22998231	1051.550049
    3.60	22998240	1051.555054
    3.60	22998249	1051.560059
    4.50	22998258	1051.564941
    4.61	22998269	1051.569946
    5.40	22998280	1051.574951
    3.60	22998289	1051.579956
    5.40	22998299	1051.584961
    3.60	22998308	1051.589966
    5.40	22998319	1051.594971
    4.50	22998331	1051.599976
    4.50	22998341	1051.604980
    4.50	22998350	1051.609985
    4.50	22998359	1051.614990
    3.60	22998369	1051.619995
    5.40	22998379	1051.625000
    4.50	22998390	1051.630005
    4.50	22998401	1051.635010
    5.40	22998411	1051.640015
    3.60	22998420	1051.645020
    4.50	22998430	1051.650024
    4.50	22998441	1051.655029
    5.40	22998451	1051.660034
    3.60	22998461	1051.665039
    4.50	22998470	1051.670044
    4.50	22998478	1051.675049
    3.60	22998487	1051.680054
    3.60	22998497	1051.685059
    5.40	22998507	1051.689941
    4.61	22998518	1051.694946
    4.50	22998528	1051.699951
    4.50	22998538	1051.704956
    4.50	22998548	1051.709961
    4.50	22998559	1051.714966
    4.50	22998570	1051.719971
    5.40	22998580	1051.724976
    4.50	22998589	1051.729980
    3.60	22998598	1051.734985
    4.50	22998607	1051.739990
    3.60	22998616	1051.744995
    4.50	22998627	1051.750000
    4.50	22998638	1051.755005
    5.40	22998647	1051.760010
    3.60	22998657	1051.765015
    4.50	22998666	1051.770020
    4.50	22998677	1051.775024
    5.40	22998688	1051.780029
    4.50	22998699	1051.785034
    4.50	22998708	1051.790039
    3.60	22998717	1051.795044
    5.40	22998727	1051.800049
    3.60	22998737	1051.805054
    5.40	22998748	1051.810059
    4.50	22998759	1051.814941
    4.61	22998769	1051.819946
    4.50	22998778	1051.824951
    4.50	22998788	1051.829956
    4.50	22998798	1051.834961
    4.50	22998809	1051.839966
    5.40	22998819	1051.844971
    3.60	22998828	1051.849976
    3.60	22998836	1051.854980
    3.60	22998845	1051.859985
    4.50	22998854	1051.864990
    4.50	22998865	1051.869995
    5.40	22998876	1051.875000
    3.60	22998886	1051.880005
    5.40	22998895	1051.885010
    3.60	22998905	1051.890015
    5.40	22998916	1051.895020
    4.50	22998927	1051.900024
    5.40	22998938	1051.905029
    4.50	22998947	1051.910034
    3.60	22998956	1051.915039
    3.60	22998965	1051.920044
    4.50	22998974	1051.925049
    4.50	22998984	1051.930054
    4.50	22998995	1051.935059
    4.50	22999005	1051.939941
    4.61	22999014	1051.944946
    4.50	22999024	1051.949951
    4.50	22999034	1051.954956
    4.50	22999046	1051.959961
    5.40	22999057	1051.964966
    4.50	22999066	1051.969971
    4.50	22999076	1051.974976
    3.60	22999085	1051.979980
    5.40	22999095	1051.984985
    3.60	22999106	1051.989990
    5.40	22999117	1051.994995
    5.40	22999128	1052.000000
    3.60	22999137	1052.005005
    4.50	22999147	1052.010010
    4.50	22999157	1052.015015
    5.40	22999168	1052.020020
    4.50	22999178	1052.025024
    4.50	22999187	1052.030029
    3.60	22999196	1052.035034
    3.60	22999205	1052.040039
    4.50	22999214	1052.045044
    4.50	22999225	1052.050049
    5.40	22999236	1052.055054
    4.50	22999246	1052.060059
    4.50	22999256	1052.064941
    3.69	22999265	1052.069946
    5.40	22999276	1052.074951
    5.40	22999288	1052.079956
    4.50	22999298	1052.084961
    4.50	22999308	1052.089966
    3.60	22999316	1052.094971
    4.50	22999325	1052.099976
    4.50	22999335	1052.104980
    3.60	22999345	1052.109985
    5.40	22999356	1052.114990
    4.50	22999366	1052.119995
    4.50	22999375	1052.125000
    3.60	22999385	1052.130005
    5.40	22999395	1052.135010
    4.50	22999407	1052.140015
    4.50	22999417	1052.145020
    5.40	22999427	1052.150024
    3.60	22999436	1052.155029
    3.60	22999445	1052.160034
    5.40	22999455	1052.165039
    4.50	22999466	1052.170044
    4.50	22999478	1052.175049
    5.40	22999488	1052.180054
    3.60	22999497	1052.185059
    5.40	22999507	1052.189941
    3.69	22999517	1052.194946
    5.40	22999528	1052.199951
    4.50	22999538	1052.204956
    4.50	22999547	1052.209961
    3.60	22999555	1052.214966
    3.60	22999564	1052.219971
    3.60	22999573	1052.224976
    5.40	22999584	1052.229980
    4.50	22999595	1052.234985
    4.50	22999605	1052.239990
    4.50	22999614	1052.244995
    4.50	22999624	1052.250000
    4.50	22999634	1052.255005
    4.50	22999646	1052.260010
    5.40	22999656	1052.265015
    4.50	22999666	1052.270020
    4.50	22999674	1052.275024
    3.60	22999683	1052.280029
    3.60	22999692	1052.285034
    4.50	22999702	1052.290039
    4.50	22999713	1052.295044
    5.40	22999723	1052.300049
    3.60	22999733	1052.305054
    4.50	22999742	1052.310059
    4.50	22999752	1052.314941
    5.54	22999763	1052.319946
    4.50	22999774	1052.324951
    4.50	22999784	1052.329956
    3.60	22999793	1052.334961
    5.40	22999803	1052.339966
    3.60	22999812	1052.344971
    4.50	22999823	1052.349976
    4.50	22999834	1052.354980
    5.40	22999845	1052.359985
    4.50	22999854	1052.364990
    4.50	22999863	1052.369995
    3.60	22999873	1052.375000
    5.40	22999884	1052.380005
    4.50	22999895	1052.385010
    4.50	22999904	1052.390015
    3.60	22999912	1052.395020
    3.60	22999921	1052.400024
    4.50	22999930	1052.405029
    4.50	22999940	1052.410034
    4.50	22999951	1052.415039
    4.50	22999961	1052.420044
    5.40	22999971	1052.425049
    3.60	22999980	1052.430054
    4.50	22999991	1052.435059
    4.50	23000002	1052.439941
    5.54	23000013	1052.444946
    5.40	23000023	1052.449951
    3.60	23000032	1052.454956
    3.60	23000040	1052.459961
    3.60	23000049	1052.464966
    5.40	23000059	1052.469971
    3.60	23000070	1052.474976
    5.40	23000080	1052.479980
    4.50	23000090	1052.484985
    4.50	23000099	1052.489990
    3.60	23000109	1052.494995
    5.40	23000120	1052.500000
    5.40	23000131	1052.505005
    3.60	23000142	1052.510010
    5.40	23000151	1052.515015
    3.60	23000160	1052.520020
    4.50	23000170	1052.525024
    4.50	23000180	1052.530029
    5.40	23000192	1052.535034
    4.50	23000203	1052.540039
    4.50	23000212	1052.545044
    4.50	23000222	1052.550049
    4.50	23000231	1052.555054
    4.50	23000242	1052.560059
    4.50	23000253	1052.564941
    5.54	23000263	1052.569946
    3.60	23000271	1052.574951
    3.60	23000280	1052.579956
    3.60	23000289	1052.584961
    5.40	23000299	1052.589966
    3.60	23000310	1052.594971
    5.40	23000320	1052.599976
    4.50	23000330	1052.604980
    4.50	23000340	1052.609985
    4.50	23000350	1052.614990
    4.50	23000361	1052.619995
    5.40	23000373	1052.625000
    4.50	23000382	1052.630005
    4.50	23000391	1052.635010
    3.60	23000400	1052.640015
    3.60	23000409	1052.645020
    5.40	23000419	1052.650024
    3.60	23000430	1052.655029
    5.40	23000440	1052.660034
    4.50	23000450	1052.665039
    4.50	23000459	1052.670044
    3.60	23000469	1052.675049
    5.40	23000480	1052.680054
    5.40	23000491	1052.685059
    3.60	23000501	1052.689941
    5.54	23000511	1052.694946
    3.60	23000520	1052.699951
    4.50	23000530	1052.704956
    4.50	23000540	1052.709961
    5.40	23000551	1052.714966
    4.50	23000562	1052.719971
    4.50	23000572	1052.724976
    3.60	23000581	1052.729980
    5.40	23000591	1052.734985
    3.60	23000602	1052.739990
    5.40	23000612	1052.744995
    4.50	23000622	1052.750000
    4.50	23000631	1052.755005
    3.60	23000639	1052.760010
    3.60	23000648	1052.765015
    4.50	23000658	1052.770020
    4.50	23000669	1052.775024
    5.40	23000679	1052.780029
    3.60	23000689	1052.785034
    5.40	23000699	1052.790039
    3.60	23000709	1052.795044
    5.40	23000720	1052.800049
    5.40	23000731	1052.805054
    3.60	23000741	1052.810059
    5.40	23000750	1052.814941
    3.69	23000759	1052.819946
    3.60	23000768	1052.824951
    3.60	23000778	1052.829956
    5.40	23000788	1052.834961
    5.40	23000799	1052.839966
    3.60	23000809	1052.844971
    4.50	23000818	1052.849976
    4.50	23000828	1052.854980
    4.50	23000839	1052.859985
    4.50	23000850	1052.864990
    5.40	23000860	1052.869995
    4.50	23000870	1052.875000
    4.50	23000879	1052.880005
    3.60	23000889	1052.885010
    5.40	23000899	1052.890015
    4.50	23000910	1052.895020
    4.50	23000921	1052.900024
    5.40	23000931	1052.905029
    3.60	23000941	1052.910034
    4.50	23000950	1052.915039
    4.50	23000961	1052.920044
    5.40	23000972	1052.925049
    4.50	23000982	1052.930054
    4.50	23000991	1052.935059
    3.60	23000999	1052.939941
    3.69	23001008	1052.944946
    4.50	23001018	1052.949951
    4.50	23001029	1052.954956
    5.40	23001040	1052.959961
    3.60	23001049	1052.964966
    5.40	23001059	1052.969971
    3.60	23001069	1052.974976
    5.40	23001080	1052.979980
    5.40	23001092	1052.984985
    4.50	23001102	1052.989990
    4.50	23001111	1052.994995
    3.60	23001120	1053.000000
    3.60	23001129	1053.005005
    4.50	23001138	1053.010010
    4.50	23001149	1053.015015
    5.40	23001160	1053.020020
    4.50	23001170	1053.025024
    4.50	23001179	1053.030029
    3.60	23001189	1053.035034
    5.40	23001200	1053.040039
    5.40	23001212	1053.045044
    4.50	23001222	1053.050049
    4.50	23001231	1053.055054
    3.60	23001241	1053.060059
    4.50	23001251	1053.064941
    4.61	23001261	1053.069946
    5.40	23001273	1053.074951
    5.40	23001284	1053.079956
    3.60	23001293	1053.084961
    5.40	23001303	1053.089966
    3.60	23001313	1053.094971
    5.40	23001324	1053.099976
    4.50	23001335	1053.104980
    4.50	23001344	1053.109985
    3.60	23001353	1053.114990
    4.50	23001362	1053.119995
    4.50	23001371	1053.125000
    3.60	23001381	1053.130005
    5.40	23001392	1053.135010
    4.50	23001403	1053.140015
    4.50	23001412	1053.145020
    4.50	23001422	1053.150024
    4.50	23001433	1053.155029
    5.40	23001444	1053.160034
    5.40	23001455	1053.165039
    3.60	23001465	1053.170044
    4.50	23001474	1053.175049
    4.50	23001483	1053.180054
    3.60	23001492	1053.185059
    4.50	23001502	1053.189941
    4.61	23001513	1053.194946
    5.40	23001523	1053.199951
    3.60	23001533	1053.204956
    4.50	23001542	1053.209961
    4.50	23001553	1053.214966
    5.40	23001564	1053.219971
    4.50	23001575	1053.224976
    4.50	23001585	1053.229980
    4.50	23001594	1053.234985
    4.50	23001604	1053.239990
    3.60	23001613	1053.244995
    5.40	23001624	1053.250000
    5.40	23001636	1053.255005
    4.50	23001646	1053.260010
    4.50	23001656	1053.265015
    3.60	23001665	1053.270020
    5.40	23001676	1053.275024
    4.50	23001687	1053.280029
    4.50	23001697	1053.285034
    5.40	23001706	1053.290039
    3.60	23001715	1053.295044
    3.60	23001724	1053.300049
    3.60	23001733	1053.305054
    5.40	23001744	1053.310059
    4.50	23001755	1053.314941
    4.61	23001765	1053.319946
    5.40	23001775	1053.324951
    3.60	23001784	1053.329956
    5.40	23001795	1053.334961
    4.50	23001807	1053.339966
    4.50	23001817	1053.344971
    5.40	23001827	1053.349976
    3.60	23001836	1053.354980
    3.60	23001845	1053.359985
    4.50	23001854	1053.364990
    4.50	23001864	1053.369995
    5.40	23001875	1053.375000
    3.60	23001885	1053.380005
    5.40	23001895	1053.385010
    3.60	23001904	1053.390015
    4.50	23001915	1053.395020
    4.50	23001926	1053.400024
    5.40	23001937	1053.405029
    5.40	23001947	1053.410034
    3.60	23001956	1053.415039
    4.50	23001966	1053.420044
    4.50	23001976	1053.425049
    4.50	23001987	1053.430054
    5.40	23001998	1053.435059
    4.50	23002008	1053.439941
    4.61	23002018	1053.444946
    4.50	23002027	1053.449951
    3.60	23002038	1053.454956
    5.40	23002049	1053.459961
    5.40	23002059	1053.464966
    3.60	23002068	1053.469971
    3.60	23002077	1053.474976
    4.50	23002086	1053.479980
    4.50	23002095	1053.484985
    3.60	23002106	1053.489990
    5.40	23002117	1053.494995
    5.40	23002127	1053.500000
    3.60	23002137	1053.505005
    4.50	23002147	1053.510010
    4.50	23002158	1053.515015
    5.40	23002169	1053.520020
    5.40	23002180	1053.525024
    3.60	23002189	1053.530029
    4.50	23002198	1053.535034
    4.50	23002207	1053.540039
    3.60	23002216	1053.545044
    4.50	23002227	1053.550049
    4.50	23002238	1053.555054
    5.40	23002248	1053.560059
    3.60	23002257	1053.564941
    5.54	23002267	1053.569946
    3.60	23002278	1053.574951
    5.40	23002289	1053.579956
    5.40	23002300	1053.584961
    3.60	23002309	1053.589966
    5.40	23002319	1053.594971
    3.60	23002329	1053.599976
    4.50	23002339	1053.604980
    4.50	23002350	1053.609985
    5.40	23002361	1053.614990
    5.40	23002371	1053.619995
    3.60	23002381	1053.625000
    5.40	23002391	1053.630005
    3.60	23002402	1053.635010
    5.40	23002413	1053.640015
    4.50	23002422	1053.645020
    4.50	23002431	1053.650024
    3.60	23002440	1053.655029
    3.60	23002449	1053.660034
    5.40	23002459	1053.665039
    4.50	23002470	1053.670044
    4.50	23002481	1053.675049
    5.40	23002491	1053.680054
    3.60	23002501	1053.685059
    4.50	23002511	1053.689941
    4.61	23002522	1053.694946
    5.40	23002534	1053.699951
    5.40	23002544	1053.704956
    3.60	23002553	1053.709961
    4.50	23002561	1053.714966
    4.50	23002571	1053.719971
    3.60	23002580	1053.724976
    5.40	23002591	1053.729980
    4.50	23002602	1053.734985
    4.50	23002612	1053.739990
    3.60	23002621	1053.744995
    5.40	23002631	1053.750000
    4.50	23002643	1053.755005
    4.50	23002654	1053.760010
    5.40	23002664	1053.765015
    3.60	23002673	1053.770020
    5.40	23002683	1053.775024
    3.60	23002693	1053.780029
    5.40	23002703	1053.785034
    4.50	23002715	1053.790039
    4.50	23002725	1053.795044
    5.40	23002735	1053.800049
    3.60	23002745	1053.805054
    4.50	23002755	1053.810059
    4.50	23002766	1053.814941
    5.54	23002776	1053.819946
    4.50	23002786	1053.824951
    4.50	23002794	1053.829956
    3.60	23002803	1053.834961
    3.60	23002813	1053.839966
    4.50	23002823	1053.844971
    4.50	23002834	1053.849976
    5.40	23002844	1053.854980
    4.50	23002854	1053.859985
    4.50	23002864	1053.864990
    4.50	23002875	1053.869995
    4.50	23002886	1053.875000
    5.40	23002897	1053.880005
    5.40	23002906	1053.885010
    3.60	23002915	1053.890015
    3.60	23002924	1053.895020
    4.50	23002934	1053.900024
    4.50	23002944	1053.905029
    4.50	23002955	1053.910034
    4.50	23002965	1053.915039
    5.40	23002975	1053.920044
    3.60	23002984	1053.925049
    4.50	23002995	1053.930054
    5.40	23003006	1053.935059
    4.50	23003017	1053.939941
    5.54	23003027	1053.944946
    3.60	23003036	1053.949951
    4.50	23003046	1053.954956
    4.50	23003056	1053.959961
    4.50	23003067	1053.964966
    5.40	23003078	1053.969971
    4.50	23003089	1053.974976
    4.50	23003098	1053.979980
    4.50	23003108	1053.984985
    4.50	23003118	1053.989990
    4.50	23003129	1053.994995
    5.40	23003139	1054.000000
    3.60	23003149	1054.005005
    4.50	23003157	1054.010010
    4.50	23003166	1054.015015
    3.60	23003176	1054.020020
    4.50	23003187	1054.025024
    4.50	23003198	1054.030029
    5.40	23003208	1054.035034
    3.60	23003217	1054.040039
    5.40	23003227	1054.045044
    4.50	23003238	1054.050049
    4.50	23003250	1054.055054
    5.40	23003260	1054.060059
    4.50	23003270	1054.064941
    4.61	23003278	1054.069946
    3.60	23003287	1054.074951
    3.60	23003297	1054.079956
    5.40	23003308	1054.084961
    4.50	23003319	1054.089966
    4.50	23003329	1054.094971
    4.50	23003338	1054.099976
    4.50	23003348	1054.104980
    4.50	23003359	1054.109985
    5.40	23003371	1054.114990
    4.50	23003381	1054.119995
    5.40	23003391	1054.125000
    3.60	23003400	1054.130005
    4.50	23003410	1054.135010
    4.50	23003421	1054.140015
    5.40	23003432	1054.145020
    5.40	23003443	1054.150024
    3.60	23003453	1054.155029
    5.40	23003463	1054.160034
    3.60	23003473	1054.165039
    5.40	23003484	1054.170044
    4.50	23003495	1054.175049
    4.50	23003504	1054.180054
    3.60	23003513	1054.185059
    4.50	23003522	1054.189941
    4.61	23003531	1054.194946
    3.60	23003542	1054.199951
    5.40	23003553	1054.204956
    5.40	23003563	1054.209961
    3.60	23003573	1054.214966
    5.40	23003583	1054.219971
    3.60	23003594	1054.224976
    5.40	23003605	1054.229980
    5.40	23003616	1054.234985
    4.50	23003626	1054.239990
    4.50	23003635	1054.244995
    3.60	23003644	1054.250000
    3.60	23003653	1054.255005
    5.40	23003664	1054.260010
    4.50	23003675	1054.265015
    4.50	23003685	1054.270020
    4.50	23003694	1054.275024
    4.50	23003704	1054.280029
    4.50	23003715	1054.285034
    4.50	23003726	1054.290039
    5.40	23003737	1054.295044
    5.40	23003747	1054.300049
    3.60	23003756	1054.305054
    4.50	23003766	1054.310059
    4.50	23003776	1054.314941
    4.61	23003787	1054.319946
    5.40	23003799	1054.324951
    4.50	23003809	1054.329956
    4.50	23003818	1054.334961
    4.50	23003828	1054.339966
    4.50	23003839	1054.344971
    4.50	23003850	1054.349976
    5.40	23003860	1054.354980
    3.60	23003869	1054.359985
    4.50	23003878	1054.364990
    4.50	23003887	1054.369995
    3.60	23003897	1054.375000
    5.40	23003908	1054.380005
    4.50	23003919	1054.385010
    4.50	23003929	1054.390015
    4.50	23003939	1054.395020
    4.50	23003949	1054.400024
    5.40	23003960	1054.405029
    5.40	23003972	1054.410034
    4.50	23003982	1054.415039
    4.50	23003991	1054.420044
    3.60	23004000	1054.425049
    3.60	23004009	1054.430054
    5.40	23004019	1054.435059
    3.60	23004030	1054.439941
    5.54	23004040	1054.444946
    4.50	23004050	1054.449951
    4.50	23004060	1054.454956
    4.50	23004070	1054.459961
    4.50	23004081	1054.464966
    5.40	23004093	1054.469971
    5.40	23004103	1054.474976
    3.60	23004112	1054.479980
    4.50	23004122	1054.484985
    4.50	23004132	1054.489990
    4.50	23004142	1054.494995
    4.50	23004154	1054.500000
    5.40	23004165	1054.505005
    4.50	23004174	1054.510010
    4.50	23004184	1054.515015
    4.50	23004194	1054.520020
    4.50	23004205	1054.525024
    5.40	23004216	1054.530029
    3.60	23004225	1054.535034
    4.50	23004234	1054.540039
    4.50	23004243	1054.545044
    3.60	23004252	1054.550049
    4.50	23004263	1054.555054
    4.50	23004274	1054.560059
    5.40	23004284	1054.564941
    4.61	23004294	1054.569946
    4.50	23004304	1054.574951
    4.50	23004314	1054.579956
    4.50	23004326	1054.584961
    5.40	23004337	1054.589966
    5.40	23004346	1054.594971
    3.60	23004355	1054.599976
    3.60	23004364	1054.604980
    4.50	23004374	1054.609985
    4.50	23004384	1054.614990
    5.40	23004395	1054.619995
    3.60	23004405	1054.625000
    5.40	23004415	1054.630005
    3.60	23004425	1054.635010
    5.40	23004435	1054.640015
    4.50	23004447	1054.645020
    4.50	23004458	1054.650024
    5.40	23004468	1054.655029
    3.60	23004477	1054.660034
    5.40	23004487	1054.665039
    3.60	23004497	1054.670044
    5.40	23004508	1054.675049
    5.40	23004520	1054.680054
    4.50	23004530	1054.685059
    4.50	23004539	1054.689941
    3.69	23004549	1054.694946
    5.40	23004560	1054.699951
    5.40	23004571	1054.704956
    3.60	23004581	1054.709961
    4.50	23004590	1054.714966
    4.50	23004599	1054.719971
    3.60	23004608	1054.724976
    4.50	23004618	1054.729980
    4.50	23004629	1054.734985
    5.40	23004640	1054.739990
    4.50	23004650	1054.744995
    4.50	23004660	1054.750000
    3.60	23004670	1054.755005
    5.40	23004681	1054.760010
    5.40	23004693	1054.765015
    5.40	23004703	1054.770020
    3.60	23004712	1054.775024
    3.60	23004721	1054.780029
    4.50	23004730	1054.785034
    4.50	23004740	1054.790039
    4.50	23004751	1054.795044
    4.50	23004762	1054.800049
    5.40	23004771	1054.805054
    3.60	23004781	1054.810059
    5.40	23004791	1054.814941
    4.61	23004802	1054.819946
    4.50	23004814	1054.824951
    5.40	23004824	1054.829956
    3.60	23004833	1054.834961
    5.40	23004843	1054.839966
    3.60	23004853	1054.844971
    5.40	23004864	1054.849976
    5.40	23004875	1054.854980
    4.50	23004886	1054.859985
    4.50	23004896	1054.864990
    3.60	23004905	1054.869995
    5.40	23004916	1054.875000
    4.50	23004927	1054.880005
    4.50	23004937	1054.885010
    5.40	23004947	1054.890015
    3.60	23004956	1054.895020
    3.60	23004965	1054.900024
    4.50	23004974	1054.905029
    4.50	23004985	1054.910034
    5.40	23004996	1054.915039
    4.50	23005006	1054.920044
    4.50	23005016	1054.925049
    3.60	23005026	1054.930054
    5.40	23005037	1054.935059
    5.40	23005048	1054.939941
    5.54	23005059	1054.944946
    3.60	23005068	1054.949951
    4.50	23005077	1054.954956
    4.50	23005086	1054.959961
    3.60	23005096	1054.964966
    4.50	23005107	1054.969971
    4.50	23005118	1054.974976
    5.40	23005128	1054.979980
    3.60	23005137	1054.984985
    5.40	23005147	1054.989990
    3.60	23005158	1054.994995
    5.40	23005169	1055.000000
    5.40	23005180	1055.005005
    4.50	23005190	1055.010010
    4.50	23005199	1055.015015
    3.60	23005209	1055.020020
    5.40	23005219	1055.025024
    4.50	23005231	1055.030029
    4.50	23005242	1055.035034
    5.40	23005252	1055.040039
    3.60	23005261	1055.045044
    5.40	23005271	1055.050049
    3.60	23005282	1055.055054
    5.40	23005293	1055.060059
    5.40	23005302	1055.064941
    3.69	23005311	1055.069946