   55.80	18877780	759.625000
   54.90	18877904	759.630005
   54.90	18878026	759.635010
   55.80	18878150	759.640015
   55.80	18878273	759.645020
   54.90	18878396	759.650024
   54.90	18878519	759.655029
   54.90	18878642	759.659973
   56.49	18878765	759.664978
   54.90	18878889	759.669983
   55.80	18879011	759.674988
   54.90	18879135	759.679993
   55.80	18879258	759.684998
   55.80	18879381	759.690002
   54.90	18879504	759.695007
   54.90	18879628	759.700012
   55.80	18879750	759.705017
   55.80	18879874	759.710022
   55.80	18879997	759.715027
   54.90	18880120	759.719971
   56.49	18880243	759.724976
   54.90	18880367	759.729980
   55.80	18880489	759.734985
   55.80	18880613	759.739990
   54.90	18880736	759.744995
   54.90	18880859	759.750000
   55.80	18880982	759.755005
   55.80	18881106	759.760010
   55.80	18881228	759.765015
   54.90	18881352	759.770020
   54.90	18881475	759.775024
   55.80	18881598	759.780029
   55.80	18881721	759.784973
   55.58	18881845	759.789978
   54.90	18881967	759.794983
   55.80	18882091	759.799988
   55.80	18882214	759.804993
   54.90	18882337	759.809998
   55.80	18882460	759.815002
   54.90	18882583	759.820007
   55.80	18882706	759.825012
   55.80	18882829	759.830017
   55.80	18882952	759.835022
   54.00	18883075	759.840027
   55.80	18883198	759.844971
   56.49	18883322	759.849976
   55.80	18883444	759.854980
   54.90	18883568	759.859985
   54.90	18883690	759.864990
   55.80	18883814	759.869995
   55.80	18883937	759.875000
   54.90	18884060	759.880005
   54.90	18884183	759.885010
   55.80	18884306	759.890015
   55.80	18884429	759.895020
   54.90	18884552	759.900024
   54.90	18884675	759.905029
   55.80	18884798	759.909973
   56.49	18884921	759.914978
   54.90	18885044	759.919983
   54.90	18885167	759.924988
   55.80	18885290	759.929993
   55.80	18885413	759.934998
   54.90	18885536	759.940002
   55.80	18885659	759.945007
   54.90	18885783	759.950012
   55.80	18885905	759.955017
   54.90	18886029	759.960022
   55.80	18886151	759.965027
   54.90	18886275	759.969971
   56.49	18886397	759.974976
   55.80	18886521	759.979980
   54.90	18886643	759.984985
   54.90	18886767	759.989990
   55.80	18886890	759.994995
   55.80	18887013	760.000000
   54.90	18887136	760.005005
   54.90	18887259	760.010010
   55.80	18887382	760.015015
   55.80	18887505	760.020020
   55.80	18887628	760.025024
   54.00	18887751	760.030029
   55.80	18887874	760.034973
   56.49	18887997	760.039978
   54.90	18888120	760.044983
   54.90	18888244	760.049988
   55.80	18888366	760.054993
   55.80	18888490	760.059998
   55.80	18888613	760.065002
   54.90	18888736	760.070007
   54.90	18888859	760.075012
   55.80	18888982	760.080017
   55.80	18889105	760.085022
   54.90	18889228	760.090027
   55.80	18889351	760.094971
   55.58	18889474	760.099976
   55.80	18889597	760.104980
   54.90	18889721	760.109985
   54.90	18889843	760.114990
   55.80	18889966	760.119995
   55.80	18890089	760.125000
   54.90	18890212	760.130005
   54.90	18890335	760.135010
   55.80	18890458	760.140015
   55.80	18890581	760.145020
   54.90	18890704	760.150024
   55.80	18890827	760.155029
   54.90	18890950	760.159973
   56.49	18891073	760.164978
   54.90	18891196	760.169983
   54.90	18891318	760.174988
   55.80	18891442	760.179993
   55.80	18891564	760.184998
   54.00	18891687	760.190002
   55.80	18891810	760.195007
   55.80	18891933	760.200012
   54.90	18892056	760.205017
   54.90	18892179	760.210022
   55.80	18892302	760.215027
   54.90	18892425	760.219971
   56.49	18892547	760.224976
   54.90	18892670	760.229980
   55.80	18892792	760.234985
   54.00	18892916	760.239990
   55.80	18893038	760.244995
   55.80	18893161	760.250000
   54.90	18893283	760.255005
   54.90	18893406	760.260010
   55.80	18893528	760.265015
   54.90	18893652	760.270020
   54.90	18893774	760.275024
   55.80	18893897	760.280029
   54.90	18894019	760.284973
   55.58	18894142	760.289978
   55.80	18894265	760.294983
   54.90	18894388	760.299988
   54.90	18894510	760.304993
   55.80	18894633	760.309998
   54.90	18894756	760.315002
   54.90	18894878	760.320007
   55.80	18895001	760.325012
   54.90	18895124	760.330017
   54.90	18895246	760.335022
   55.80	18895369	760.340027
   54.90	18895492	760.344971
   55.58	18895614	760.349976
   55.80	18895737	760.354980
   54.90	18895860	760.359985
   54.90	18895982	760.364990
   55.80	18896105	760.369995
   55.80	18896228	760.375000
   54.00	18896351	760.380005
   55.80	18896473	760.385010
   54.90	18896596	760.390015
   54.90	18896718	760.395020
   55.80	18896842	760.400024
   55.80	18896964	760.405029
   54.00	18897087	760.409973
   56.49	18897210	760.414978
   55.80	18897333	760.419983
   54.00	18897455	760.424988
   55.80	18897578	760.429993
   55.80	18897701	760.434998
   54.00	18897824	760.440002
   55.80	18897946	760.445007
   55.80	18898069	760.450012
   54.90	18898191	760.455017
   54.90	18898315	760.460022
   55.80	18898437	760.465027
   54.90	18898560	760.469971
   55.58	18898683	760.474976
   55.80	18898806	760.479980
   54.90	18898928	760.484985
   54.90	18899051	760.489990
   55.80	18899174	760.494995
   55.80	18899297	760.500000
   54.90	18899420	760.505005
   54.90	18899542	760.510010
   55.80	18899665	760.515015
   54.90	18899788	760.520020
   54.90	18899910	760.525024
   55.80	18900034	760.530029
   55.80	18900156	760.534973
   54.67	18900279	760.539978
   55.80	18900402	760.544983
   55.80	18900525	760.549988
   54.90	18900647	760.554993
   54.90	18900771	760.559998
   55.80	18900893	760.565002
   54.90	18901016	760.570007
   54.90	18901139	760.575012
   55.80	18901262	760.580017
   55.80	18901384	760.585022
   54.00	18901508	760.590027
   55.80	18901630	760.594971
   56.49	18901753	760.599976
   54.90	18901876	760.604980
   54.90	18901999	760.609985
   55.80	18902121	760.614990
   55.80	18902245	760.619995
   54.90	18902367	760.625000
   54.90	18902490	760.630005
   55.80	18902613	760.635010
   54.90	18902736	760.640015
   54.90	18902859	760.645020
   55.80	18902982	760.650024
   55.80	18903105	760.655029
   54.00	18903228	760.659973
   56.49	18903351	760.664978
   55.80	18903474	760.669983
   55.80	18903596	760.674988
   54.00	18903720	760.679993
   55.80	18903842	760.684998
   55.80	18903965	760.690002
   55.80	18904088	760.695007
   54.00	18904211	760.700012
   55.80	18904334	760.705017
   55.80	18904458	760.710022
   55.80	18904580	760.715027
   54.00	18904704	760.719971
   56.49	18904827	760.724976
   55.80	18904950	760.729980
   55.80	18905073	760.734985
   54.90	18905196	760.739990
   54.90	18905319	760.744995
   55.80	18905442	760.750000
   55.80	18905565	760.755005
   54.90	18905688	760.760010
   54.90	18905811	760.765015
   55.80	18905934	760.770020
   55.80	18906057	760.775024
   54.90	18906180	760.780029
   55.80	18906303	760.784973
   55.58	18906426	760.789978
   55.80	18906549	760.794983
   54.90	18906673	760.799988
   54.90	18906795	760.804993
   55.80	18906919	760.809998
   55.80	18907042	760.815002
   54.90	18907165	760.820007
   55.80	18907288	760.825012
   54.90	18907411	760.830017
   55.80	18907534	760.835022
   55.80	18907657	760.840027
   54.90	18907780	760.844971
   55.58	18907903	760.849976
   55.80	18908026	760.854980
   55.80	18908150	760.859985
   55.80	18908272	760.864990
   54.90	18908396	760.869995
   54.90	18908519	760.875000
   55.80	18908642	760.880005
   55.80	18908765	760.885010
   54.90	18908888	760.890015
   55.80	18909011	760.895020
   54.90	18909135	760.900024
   55.80	18909258	760.905029
   55.80	18909381	760.909973
   55.58	18909504	760.914978
   54.90	18909627	760.919983
   55.80	18909750	760.924988
   55.80	18909874	760.929993
   55.80	18909996	760.934998
   54.90	18910120	760.940002
   54.90	18910243	760.945007
   55.80	18910366	760.950012
   55.80	18910489	760.955017
   54.90	18910612	760.960022
   54.90	18910735	760.965027
   55.80	18910858	760.969971
   56.49	18910981	760.974976
   54.90	18911104	760.979980
   54.90	18911227	760.984985
   55.80	18911350	760.989990
   55.80	18911473	760.994995
   54.90	18911596	761.000000
   55.80	18911719	761.005005
   54.90	18911842	761.010010
   55.80	18911965	761.015015
   54.90	18912088	761.020020
   54.90	18912211	761.025024
   55.80	18912335	761.030029
   55.80	18912457	761.034973
   55.58	18912580	761.039978
   54.90	18912703	761.044983
   55.80	18912826	761.049988
   55.80	18912949	761.054993
   54.90	18913072	761.059998
   54.90	18913195	761.065002
   55.80	18913318	761.070007
   55.80	18913441	761.075012
   54.90	18913564	761.080017
   54.90	18913687	761.085022
   55.80	18913810	761.090027
   55.80	18913932	761.094971
   55.58	18914056	761.099976
   54.90	18914179	761.104980
   55.80	18914302	761.109985
   55.80	18914424	761.114990
   54.90	18914548	761.119995
   54.90	18914670	761.125000
   55.80	18914794	761.130005
   55.80	18914917	761.135010
   54.90	18915040	761.140015
   54.90	18915163	761.145020
   55.80	18915286	761.150024
   55.80	18915408	761.155029
   54.90	18915532	761.159973
   55.58	18915655	761.164978
   55.80	18915778	761.169983
   55.80	18915901	761.174988
   54.90	18916024	761.179993
   54.90	18916147	761.184998
   55.80	18916270	761.190002
   55.80	18916393	761.195007
   54.90	18916516	761.200012
   54.90	18916639	761.205017
   55.80	18916762	761.210022
   55.80	18916885	761.215027
   54.90	18917008	761.219971
   55.58	18917131	761.224976
   55.80	18917254	761.229980
   55.80	18917377	761.234985
   54.90	18917500	761.239990
   54.90	18917623	761.244995
   55.80	18917746	761.250000
   55.80	18917868	761.255005
   54.00	18917992	761.260010
   55.80	18918114	761.265015
   55.80	18918237	761.270020
   54.90	18918360	761.275024
   54.90	18918484	761.280029
   55.80	18918606	761.284973
   56.49	18918729	761.289978
   54.90	18918852	761.294983
   54.90	18918975	761.299988
   55.80	18919098	761.304993
   55.80	18919221	761.309998
   54.90	18919343	761.315002
   54.90	18919466	761.320007
   55.80	18919589	761.325012
   54.90	18919712	761.330017
   54.90	18919835	761.335022
   55.80	18919958	761.340027
   55.80	18920080	761.344971
   54.67	18920203	761.349976
   55.80	18920326	761.354980
   55.80	18920449	761.359985
   54.90	18920571	761.364990
   54.90	18920694	761.369995
   55.80	18920816	761.375000
   54.00	18920939	761.380005
   55.80	18921062	761.385010
   54.90	18921184	761.390015
   54.90	18921307	761.395020
   55.80	18921430	761.400024
   54.90	18921552	761.405029
   54.90	18921675	761.409973
   56.49	18921797	761.414978
   54.90	18921920	761.419983
   54.90	18922042	761.424988
   55.80	18922165	761.429993
   54.00	18922287	761.434998
   55.80	18922410	761.440002
   55.80	18922532	761.445007
   54.00	18922655	761.450012
   55.80	18922777	761.455017
   54.90	18922900	761.460022
   54.90	18923022	761.465027
   55.80	18923145	761.469971
   55.58	18923267	761.474976
   54.90	18923390	761.479980
   55.80	18923512	761.484985
   54.00	18923635	761.489990
   55.80	18923757	761.494995
   54.90	18923880	761.500000
   54.90	18924002	761.505005
   55.80	18924125	761.510010
   54.90	18924248	761.515015
   54.90	18924370	761.520020
   55.80	18924493	761.525024
   54.90	18924616	761.530029
   54.90	18924738	761.534973
   56.49	18924861	761.539978
   54.90	18924983	761.544983
   54.90	18925106	761.549988
   55.80	18925228	761.554993
   54.00	18925351	761.559998
   55.80	18925474	761.565002
   55.80	18925597	761.570007
   54.90	18925719	761.575012
   54.90	18925842	761.580017
   55.80	18925964	761.585022
   54.00	18926087	761.590027
   55.80	18926210	761.594971
   56.49	18926333	761.599976
   54.90	18926455	761.604980
   54.90	18926578	761.609985
   55.80	18926701	761.614990
   54.90	18926824	761.619995
   54.90	18926946	761.625000
   55.80	18927069	761.630005
   54.90	18927191	761.635010
   54.90	18927314	761.640015
   55.80	18927437	761.645020
   54.90	18927560	761.650024
   54.90	18927682	761.655029
   55.80	18927805	761.659973
   55.58	18927928	761.664978
   54.90	18928051	761.669983
   55.80	18928173	761.674988
   54.90	18928296	761.679993
   54.90	18928418	761.684998
   55.80	18928542	761.690002
   55.80	18928664	761.695007
   54.00	18928787	761.700012
   55.80	18928910	761.705017
   55.80	18929033	761.710022
   54.90	18929155	761.715027
   54.90	18929278	761.719971
   56.49	18929401	761.724976
   54.90	18929524	761.729980
   54.90	18929647	761.734985
   55.80	18929769	761.739990
   54.90	18929892	761.744995
   54.90	18930015	761.750000
   55.80	18930138	761.755005
   55.80	18930261	761.760010
   54.90	18930384	761.765015
   54.90	18930507	761.770020
   55.80	18930629	761.775024
   54.90	18930753	761.780029
   54.90	18930875	761.784973
   56.49	18930998	761.789978
   55.80	18931121	761.794983
   54.90	18931244	761.799988
   54.90	18931367	761.804993
   55.80	18931490	761.809998
   55.80	18931613	761.815002
   54.90	18931736	761.820007
   54.90	18931859	761.825012
   55.80	18931982	761.830017
   55.80	18932105	761.835022
   54.90	18932228	761.840027
   54.90	18932351	761.844971
   56.49	18932474	761.849976
   55.80	18932597	761.854980
   54.90	18932720	761.859985
   54.90	18932843	761.864990
   55.80	18932966	761.869995
   55.80	18933089	761.875000
   54.90	18933212	761.880005
   54.90	18933335	761.885010
   55.80	18933458	761.890015
   55.80	18933581	761.895020
   54.90	18933704	761.900024
   54.90	18933827	761.905029
   55.80	18933951	761.909973
   56.49	18934073	761.914978
   54.90	18934196	761.919983
   55.80	18934319	761.924988
   54.90	18934442	761.929993
   55.80	18934565	761.934998
   54.90	18934689	761.940002
   55.80	18934811	761.945007
   54.90	18934935	761.950012
   55.80	18935058	761.955017
   55.80	18935181	761.960022
   54.90	18935304	761.965027
   54.90	18935427	761.969971
   56.49	18935550	761.974976
   55.80	18935673	761.979980
   55.80	18935796	761.984985
   54.00	18935919	761.989990
   55.80	18936042	761.994995
   55.80	18936166	762.000000
   55.80	18936288	762.005005
   54.90	18936412	762.010010
   54.90	18936535	762.015015
   55.80	18936658	762.020020
   55.80	18936781	762.025024
   54.90	18936905	762.030029
   55.80	18937027	762.034973
   55.58	18937151	762.039978
   55.80	18937274	762.044983
   55.80	18937397	762.049988
   54.90	18937520	762.054993
   54.90	18937643	762.059998
   55.80	18937766	762.065002
   55.80	18937890	762.070007
   55.80	18938012	762.075012
   54.00	18938136	762.080017
   55.80	18938258	762.085022
   55.80	18938382	762.090027
   54.90	18938504	762.094971
   55.58	18938628	762.099976
   55.80	18938750	762.104980
   55.80	18938874	762.109985
   55.80	18938997	762.114990
   54.90	18939120	762.119995
   54.90	18939242	762.125000
   55.80	18939366	762.130005
   55.80	18939488	762.135010
   54.00	18939611	762.140015
   55.80	18939734	762.145020
   55.80	18939857	762.150024
   54.90	18939980	762.155029
   54.90	18940104	762.159973
   56.49	18940226	762.164978
   55.80	18940349	762.169983
   55.80	18940472	762.174988
   54.00	18940595	762.179993
   55.80	18940718	762.184998
   55.80	18940842	762.190002
   54.90	18940964	762.195007
   54.90	18941088	762.200012
   55.80	18941210	762.205017
   55.80	18941333	762.210022
   55.80	18941456	762.215027
   54.90	18941580	762.219971
   55.58	18941702	762.224976
   55.80	18941826	762.229980
   55.80	18941949	762.234985
   54.90	18942072	762.239990
   54.90	18942195	762.244995
   55.80	18942318	762.250000
   55.80	18942441	762.255005
   54.90	18942564	762.260010
   54.90	18942687	762.265015
   55.80	18942810	762.270020
   55.80	18942933	762.275024
   54.90	18943056	762.280029
   54.90	18943179	762.284973
   56.49	18943303	762.289978
   55.80	18943425	762.294983
   54.90	18943548	762.299988
   55.80	18943671	762.304993
   54.90	18943794	762.309998
   55.80	18943917	762.315002
   54.90	18944041	762.320007
   55.80	18944163	762.325012
   54.90	18944286	762.330017
   55.80	18944409	762.335022
   54.90	18944532	762.340027
   55.80	18944655	762.344971
   55.58	18944779	762.349976
   55.80	18944901	762.354980
   54.90	18945024	762.359985
   55.80	18945147	762.364990
   54.90	18945270	762.369995
   55.80	18945393	762.375000
   54.90	18945517	762.380005
   54.90	18945639	762.385010
   55.80	18945762	762.390015
   55.80	18945885	762.395020
   54.90	18946008	762.400024
   54.90	18946131	762.405029
   55.80	18946254	762.409973
   56.49	18946377	762.414978
   54.90	18946500	762.419983
   54.90	18946623	762.424988
   55.80	18946746	762.429993
   55.80	18946869	762.434998
   54.90	18946992	762.440002
   54.90	18947114	762.445007
   55.80	18947238	762.450012
   55.80	18947360	762.455017
   54.00	18947483	762.460022
   55.80	18947606	762.465027
   55.80	18947729	762.469971
   55.58	18947851	762.474976
   54.90	18947975	762.479980
   55.80	18948097	762.484985
   54.90	18948220	762.489990
   54.90	18948343	762.494995
   55.80	18948466	762.500000
   55.80	18948588	762.505005
   54.00	18948711	762.510010
   55.80	18948833	762.515015
   54.90	18948956	762.520020
   54.90	18949079	762.525024
   55.80	18949201	762.530029
   54.90	18949324	762.534973
   55.58	18949447	762.539978
   55.80	18949569	762.544983
   54.90	18949692	762.549988
   54.90	18949814	762.554993
   55.80	18949937	762.559998
   54.90	18950059	762.565002
   54.90	18950182	762.570007
   55.80	18950304	762.575012
   54.00	18950427	762.580017
   55.80	18950550	762.585022
   54.90	18950672	762.590027
   54.90	18950795	762.594971
   56.49	18950918	762.599976
   55.80	18951040	762.604980
   54.00	18951163	762.609985
   55.80	18951285	762.614990
   54.90	18951408	762.619995
   54.90	18951531	762.625000
   55.80	18951654	762.630005
   54.90	18951776	762.635010
   54.90	18951899	762.640015
   55.80	18952021	762.645020
   54.90	18952144	762.650024
   54.90	18952267	762.655029
   55.80	18952390	762.659973
   55.58	18952512	762.664978
   54.90	18952635	762.669983
   55.80	18952757	762.674988
   54.90	18952880	762.679993
   54.90	18953003	762.684998
   55.80	18953126	762.690002
   55.80	18953248	762.695007
   54.00	18953371	762.700012
   55.80	18953494	762.705017
   54.90	18953617	762.710022
   55.80	18953739	762.715027
   54.90	18953862	762.719971
   56.49	18953984	762.724976
   54.90	18954108	762.729980
   54.90	18954230	762.734985
   55.80	18954353	762.739990
   54.90	18954476	762.744995
   54.90	18954598	762.750000
   55.80	18954721	762.755005
   54.90	18954844	762.760010
   54.90	18954966	762.765015
   55.80	18955089	762.770020
   55.80	18955212	762.775024
   54.00	18955335	762.780029
   55.80	18955457	762.784973
   55.58	18955581	762.789978
   55.80	18955703	762.794983
   54.90	18955826	762.799988
   55.80	18955949	762.804993
   54.90	18956071	762.809998
   54.90	18956194	762.815002
   55.80	18956317	762.820007
   54.90	18956440	762.825012
   54.90	18956563	762.830017
   55.80	18956685	762.835022
   54.90	18956808	762.840027
   54.90	18956931	762.844971
   56.49	18957054	762.849976
   55.80	18957176	762.854980
   54.00	18957300	762.859985
   55.80	18957422	762.864990
   55.80	18957545	762.869995
   54.90	18957668	762.875000
   54.90	18957791	762.880005
   55.80	18957914	762.885010
   55.80	18958037	762.890015
   54.90	18958159	762.895020
   54.90	18958283	762.900024
   55.80	18958405	762.905029
   54.90	18958528	762.909973
   55.58	18958651	762.914978
   55.80	18958774	762.919983
   55.80	18958897	762.924988
   54.90	18959020	762.929993
   54.90	18959143	762.934998
   55.80	18959266	762.940002
   55.80	18959389	762.945007
   54.90	18959512	762.950012
   54.90	18959634	762.955017
   55.80	18959758	762.960022
   55.80	18959881	762.965027
   54.90	18960004	762.969971
   55.58	18960126	762.974976
   55.80	18960250	762.979980
   55.80	18960372	762.984985
   54.00	18960495	762.989990
   55.80	18960618	762.994995
   55.80	18960741	763.000000
   55.80	18960864	763.005005
   54.00	18960988	763.010010
   55.80	18961110	763.015015
   55.80	18961233	763.020020
   55.80	18961356	763.025024
   54.00	18961479	763.030029
   55.80	18961602	763.034973
   56.49	18961726	763.039978
   55.80	18961848	763.044983
   54.00	18961972	763.049988
   55.80	18962094	763.054993
   55.80	18962217	763.059998
   55.80	18962340	763.065002
   54.90	18962464	763.070007
   54.90	18962586	763.075012
   55.80	18962710	763.080017
   55.80	18962833	763.085022
   54.90	18962956	763.090027
   54.90	18963079	763.094971
   56.49	18963202	763.099976
   55.80	18963325	763.104980
   54.90	18963449	763.109985
   55.80	18963571	763.114990
   54.90	18963695	763.119995
   55.80	18963818	763.125000
   55.80	18963941	763.130005
   54.90	18964064	763.135010
   54.90	18964187	763.140015
   55.80	18964310	763.145020
   55.80	18964433	763.150024
   55.80	18964556	763.155029
   54.00	18964680	763.159973
   56.49	18964802	763.164978
   55.80	18964926	763.169983
   55.80	18965049	763.174988
   54.90	18965172	763.179993
   54.90	18965295	763.184998
   55.80	18965418	763.190002
   55.80	18965541	763.195007
   54.90	18965665	763.200012
   55.80	18965787	763.205017
   54.90	18965910	763.210022
   55.80	18966033	763.215027
   54.90	18966156	763.219971
   56.49	18966279	763.224976
   54.90	18966403	763.229980
   55.80	18966525	763.234985
   54.90	18966649	763.239990
   55.80	18966771	763.244995
   54.90	18966894	763.250000
   55.80	18967017	763.255005
   54.90	18967141	763.260010
   55.80	18967263	763.265015
   54.90	18967387	763.270020
   55.80	18967509	763.275024
   54.90	18967632	763.280029
   55.80	18967755	763.284973
   55.58	18967879	763.289978
   55.80	18968001	763.294983
   54.90	18968125	763.299988
   55.80	18968247	763.304993
   54.90	18968370	763.309998
   55.80	18968493	763.315002
   54.90	18968616	763.320007
   54.90	18968739	763.325012
   55.80	18968863	763.330017
   55.80	18968985	763.335022
   54.90	18969108	763.340027
   55.80	18969231	763.344971
   55.58	18969355	763.349976
   55.80	18969477	763.354980
   54.90	18969601	763.359985
   54.90	18969723	763.364990
   54.90	18969847	763.369995
   55.80	18969970	763.375000
   55.80	18970093	763.380005
   54.90	18970216	763.385010
   54.90	18970339	763.390015
   55.80	18970461	763.395020
   55.80	18970585	763.400024
   54.90	18970708	763.405029
   54.90	18970831	763.409973
   56.49	18970954	763.414978
   55.80	18971077	763.419983
   54.90	18971199	763.424988
   54.90	18971323	763.429993
   55.80	18971446	763.434998
   55.80	18971569	763.440002
   54.90	18971692	763.445007
   54.90	18971815	763.450012
   55.80	18971937	763.455017
   55.80	18972061	763.460022
   54.90	18972184	763.465027
   54.90	18972307	763.469971
   56.49	18972430	763.474976
   55.80	18972553	763.479980
   54.90	18972676	763.484985
   54.90	18972799	763.489990
   55.80	18972922	763.494995
   55.80	18973045	763.500000
   54.90	18973168	763.505005
   54.90	18973291	763.510010
   55.80	18973414	763.515015
   55.80	18973537	763.520020
   54.90	18973660	763.525024
   54.90	18973783	763.530029
   55.80	18973906	763.534973
   56.49	18974029	763.539978
   54.90	18974152	763.544983
   54.90	18974275	763.549988
   55.80	18974398	763.554993
   55.80	18974521	763.559998
   54.90	18974644	763.565002
   54.90	18974767	763.570007
   55.80	18974889	763.575012
   55.80	18975013	763.580017
   54.90	18975135	763.585022
   54.90	18975259	763.590027
   55.80	18975381	763.594971
   55.58	18975504	763.599976
   54.90	18975627	763.604980
   55.80	18975750	763.609985
   55.80	18975873	763.614990
   54.90	18975996	763.619995
   54.90	18976119	763.625000
   55.80	18976242	763.630005
   55.80	18976364	763.635010
   54.00	18976487	763.640015
   55.80	18976610	763.645020
   55.80	18976733	763.650024
   54.90	18976855	763.655029
   54.90	18976978	763.659973
   56.49	18977101	763.664978
   54.00	18977223	763.669983
   55.80	18977346	763.674988
   55.80	18977469	763.679993
   54.90	18977591	763.684998
   54.90	18977714	763.690002
   55.80	18977836	763.695007
   54.00	18977959	763.700012
   55.80	18978081	763.705017
   54.90	18978204	763.710022
   54.90	18978326	763.715027
   55.80	18978449	763.719971
   55.58	18978571	763.724976
   54.90	18978694	763.729980
   55.80	18978816	763.734985
   54.00	18978939	763.739990
   55.80	18979061	763.744995
   54.90	18979184	763.750000
   54.90	18979307	763.755005
   55.80	18979429	763.760010
   54.90	18979552	763.765015
   54.90	18979675	763.770020
   55.80	18979797	763.775024
   54.90	18979920	763.780029
   54.90	18980042	763.784973
   56.49	18980165	763.789978
   54.90	18980287	763.794983
   54.90	18980411	763.799988
   55.80	18980533	763.804993
   54.00	18980656	763.809998
   55.80	18980778	763.815002
   55.80	18980901	763.820007
   54.90	18981023	763.825012
   54.90	18981146	763.830017
   55.80	18981269	763.835022
   54.90	18981392	763.840027
   54.90	18981514	763.844971
   56.49	18981637	763.849976
   54.90	18981759	763.854980
   54.90	18981882	763.859985
   55.80	18982005	763.864990
   54.90	18982128	763.869995
   54.90	18982250	763.875000
   55.80	18982373	763.880005
   54.90	18982495	763.885010
   54.90	18982618	763.890015
   55.80	18982741	763.895020
   54.90	18982864	763.900024
   54.90	18982986	763.905029
   55.80	18983109	763.909973
   55.58	18983232	763.914978
   54.90	18983355	763.919983
   55.80	18983477	763.924988
   54.90	18983600	763.929993
   54.90	18983723	763.934998
   55.80	18983845	763.940002
   55.80	18983968	763.945007
   54.00	18984091	763.950012
   55.80	18984214	763.955017
   55.80	18984337	763.960022
   54.90	18984459	763.965027
   54.90	18984582	763.969971
   56.49	18984705	763.974976
   54.90	18984828	763.979980
   54.90	18984950	763.984985
   55.80	18985074	763.989990
   55.80	18985196	763.994995
   54.00	18985319	764.000000
   55.80	18985442	764.005005
   55.80	18985565	764.010010
   54.90	18985687	764.015015
   54.90	18985811	764.020020
   55.80	18985933	764.025024
   54.90	18986056	764.030029
   54.90	18986179	764.034973
   56.49	18986302	764.039978
   55.80	18986425	764.044983
   54.90	18986548	764.049988
   54.90	18986670	764.054993
   55.80	18986793	764.059998
   55.80	18986916	764.065002
   54.00	18987039	764.070007
   55.80	18987162	764.075012
   55.80	18987285	764.080017
   54.90	18987407	764.085022
   54.90	18987531	764.090027
   55.80	18987654	764.094971
   56.49	18987777	764.099976
   54.90	18987900	764.104980
   54.90	18988023	764.109985
   55.80	18988145	764.114990
   55.80	18988269	764.119995
   54.90	18988391	764.125000
   54.90	18988515	764.130005
   55.80	18988637	764.135010
   55.80	18988761	764.140015
   54.90	18988883	764.145020
   54.90	18989007	764.150024
   55.80	18989130	764.155029
   55.80	18989253	764.159973
   55.58	18989376	764.164978
   54.90	18989499	764.169983
   55.80	18989622	764.174988
   55.80	18989745	764.179993
   54.90	18989868	764.184998
   54.90	18989991	764.190002
   55.80	18990114	764.195007
   55.80	18990237	764.200012
   55.80	18990360	764.205017
   54.00	18990484	764.210022
   55.80	18990606	764.215027
   55.80	18990730	764.219971
   56.49	18990853	764.224976
   54.90	18990976	764.229980
   54.90	18991098	764.234985
   55.80	18991222	764.239990
   55.80	18991345	764.244995
   54.90	18991468	764.250000
   54.90	18991591	764.255005
   55.80	18991714	764.260010
   55.80	18991837	764.265015
   54.90	18991961	764.270020
   54.90	18992083	764.275024
   55.80	18992207	764.280029
   55.80	18992329	764.284973
   55.58	18992453	764.289978
   55.80	18992576	764.294983
   54.90	18992699	764.299988
   55.80	18992821	764.304993
   55.80	18992945	764.309998
   54.90	18993068	764.315002
   54.90	18993191	764.320007
   55.80	18993314	764.325012
   55.80	18993437	764.330017
   54.90	18993560	764.335022
   54.90	18993683	764.340027
   55.80	18993806	764.344971
   56.49	18993929	764.349976
   55.80	18994052	764.354980
   54.00	18994175	764.359985
   55.80	18994298	764.364990
   55.80	18994422	764.369995
   55.80	18994544	764.375000
   54.00	18994667	764.380005
   55.80	18994790	764.385010
   55.80	18994913	764.390015
   55.80	18995036	764.395020
   54.00	18995160	764.400024
   55.80	18995282	764.405029
   55.80	18995405	764.409973
   56.49	18995528	764.414978
   54.00	18995651	764.419983
   55.80	18995774	764.424988
   55.80	18995898	764.429993
   55.80	18996020	764.434998
   54.00	18996143	764.440002
   55.80	18996266	764.445007
   55.80	18996389	764.450012
   54.90	18996512	764.455017
   54.90	18996635	764.460022
   55.80	18996758	764.465027
   55.80	18996881	764.469971
   55.58	18997004	764.474976
   54.90	18997127	764.479980
   55.80	18997250	764.484985
   55.80	18997373	764.489990
   54.90	18997496	764.494995
   54.90	18997619	764.500000
   55.80	18997742	764.505005
   54.90	18997865	764.510010
   55.80	18997988	764.515015
   54.90	18998111	764.520020
   55.80	18998233	764.525024
   54.90	18998357	764.530029
   55.80	18998479	764.534973
   55.58	18998603	764.539978
   55.80	18998725	764.544983
   55.80	18998849	764.549988
   54.90	18998971	764.554993
   54.90	18999095	764.559998
   55.80	18999217	764.565002
   54.90	18999341	764.570007
   55.80	18999464	764.575012
   54.90	18999587	764.580017
   55.80	18999709	764.585022
   55.80	18999833	764.590027
   54.90	18999956	764.594971
   55.58	19000079	764.599976
   55.80	19000202	764.604980
   55.80	19000325	764.609985
   54.90	19000448	764.614990
   54.90	19000571	764.619995
   55.80	19000694	764.625000
   55.80	19000817	764.630005
   54.90	19000940	764.635010
   54.00	19001063	764.640015
   55.80	19001186	764.645020
   55.80	19001310	764.650024
   55.80	19001432	764.655029
   54.00	19001556	764.659973
   56.49	19001679	764.664978
   55.80	19001802	764.669983
   55.80	19001925	764.674988
   54.90	19002048	764.679993
   54.90	19002170	764.684998
   55.80	19002294	764.690002
   55.80	19002417	764.695007
   54.90	19002540	764.700012
   54.90	19002662	764.705017
   55.80	19002786	764.710022
   55.80	19002908	764.715027
   54.00	19003032	764.719971
   56.49	19003154	764.724976
   55.80	19003277	764.729980
   55.80	19003400	764.734985
   54.00	19003523	764.739990
   55.80	19003646	764.744995
   55.80	19003769	764.750000
   54.90	19003892	764.755005
   54.90	19004015	764.760010
   55.80	19004138	764.765015
   55.80	19004261	764.770020
   54.90	19004383	764.775024
   54.90	19004507	764.780029
   55.80	19004629	764.784973
   55.58	19004752	764.789978
   54.90	19004875	764.794983
   55.80	19004997	764.799988
   54.90	19005120	764.804993
   54.90	19005243	764.809998
   55.80	19005365	764.815002
   54.90	19005488	764.820007
   54.90	19005610	764.825012
   55.80	19005733	764.830017
   54.90	19005855	764.835022
   54.90	19005978	764.840027
   55.80	19006100	764.844971
   54.67	19006223	764.849976
   55.80	19006346	764.854980
   54.90	19006468	764.859985
   54.00	19006591	764.864990
   55.80	19006714	764.869995
   55.80	19006836	764.875000
   54.00	19006959	764.880005
   55.80	19007081	764.885010
   54.90	19007204	764.890015
   54.90	19007326	764.895020
   55.80	19007449	764.900024
   54.90	19007572	764.905029
   54.90	19007695	764.909973
   56.49	19007817	764.914978
   54.90	19007940	764.919983
   54.90	19008062	764.924988
   55.80	19008185	764.929993
   54.90	19008307	764.934998
   54.90	19008431	764.940002
   55.80	19008553	764.945007
   54.90	19008676	764.950012
   54.90	19008798	764.955017
   55.80	19008921	764.960022
   54.90	19009043	764.965027
   54.90	19009167	764.969971
   56.49	19009289	764.974976
   54.90	19009412	764.979980
   54.90	19009534	764.984985
   55.80	19009657	764.989990
   54.90	19009780	764.994995
   54.90	19009903	765.000000
   55.80	19010025	765.005005
   54.90	19010148	765.010010
   54.90	19010271	765.015015
   55.80	19010394	765.020020
   55.80	19010516	765.025024
   54.00	19010639	765.030029
   55.80	19010762	765.034973
   56.49	19010885	765.039978
   54.90	19011008	765.044983
   54.90	19011130	765.049988
   55.80	19011253	765.054993
   54.90	19011376	765.059998
   54.90	19011499	765.065002
   55.80	19011622	765.070007
   55.80	19011744	765.075012
   54.00	19011867	765.080017
   55.80	19011990	765.085022
   55.80	19012113	765.090027
   54.90	19012235	765.094971
   55.58	19012359	765.099976
   55.80	19012481	765.104980
   54.90	19012604	765.109985
   55.80	19012727	765.114990
   54.90	19012850	765.119995
   55.80	19012973	765.125000
   54.90	19013096	765.130005
   54.90	19013219	765.135010
   55.80	19013342	765.140015
   55.80	19013464	765.145020
   54.00	19013588	765.150024
   55.80	19013710	765.155029
   55.80	19013833	765.159973
   55.58	19013956	765.164978
   54.90	19014079	765.169983
   55.80	19014202	765.174988
   55.80	19014325	765.179993
   54.00	19014447	765.184998
   55.80	19014571	765.190002
   55.80	19014693	765.195007
   54.90	19014816	765.200012
   54.90	19014939	765.205017
   55.80	19015062	765.210022
   55.80	19015185	765.215027
   54.90	19015308	765.219971
   55.58	19015431	765.224976
   55.80	19015554	765.229980
   55.80	19015677	765.234985
   54.90	19015800	765.239990
   54.90	19015923	765.244995
   55.80	19016046	765.250000
   55.80	19016169	765.255005
   54.90	19016292	765.260010
   54.90	19016415	765.265015
   55.80	19016538	765.270020
   55.80	19016661	765.275024
   54.90	19016784	765.280029
   54.90	19016907	765.284973
   56.49	19017030	765.289978
   55.80	19017153	765.294983
   54.90	19017276	765.299988
   55.80	19017399	765.304993
   54.90	19017523	765.309998
   55.80	19017645	765.315002
   54.90	19017769	765.320007
   55.80	19017892	765.325012
   54.90	19018015	765.330017
   55.80	19018138	765.335022
   55.80	19018261	765.340027
   54.90	19018383	765.344971
   55.58	19018507	765.349976
   55.80	19018630	765.354980
   55.80	19018753	765.359985
   54.90	19018876	765.364990
   54.90	19018999	765.369995
   55.80	19019122	765.375000
   55.80	19019245	765.380005
   54.90	19019368	765.385010
   54.90	19019491	765.390015
   55.80	19019614	765.395020
   55.80	19019738	765.400024
   55.80	19019860	765.405029
   54.00	19019984	765.409973
   56.49	19020107	765.414978
   55.80	19020230	765.419983
   55.80	19020353	765.424988
   54.90	19020476	765.429993
   55.80	19020599	765.434998
   54.90	19020723	765.440002
   55.80	19020845	765.445007
   55.80	19020969	765.450012
   54.90	19021092	765.455017
   54.90	19021215	765.460022
   55.80	19021338	765.465027
   55.80	19021462	765.469971
   56.49	19021584	765.474976
   54.90	19021708	765.479980
   54.90	19021831	765.484985
   55.80	19021954	765.489990
   55.80	19022077	765.494995
   55.80	19022201	765.500000
   54.90	19022323	765.505005
   54.90	19022447	765.510010
   55.80	19022570	765.515015
   55.80	19022693	765.520020
   54.90	19022816	765.525024
   54.90	19022939	765.530029
   55.80	19023062	765.534973
   56.49	19023185	765.539978
   55.80	19023308	765.544983
   54.00	19023431	765.549988
   55.80	19023554	765.554993
   55.80	19023678	765.559998
   55.80	19023800	765.565002
   54.90	19023924	765.570007
   54.90	19024047	765.575012
   55.80	19024170	765.580017
   55.80	19024293	765.585022
   54.90	19024416	765.590027
   54.90	19024539	765.594971
   56.49	19024662	765.599976
   55.80	19024785	765.604980
   54.90	19024908	765.609985
   54.90	19025031	765.614990
   55.80	19025154	765.619995
   55.80	19025277	765.625000
   54.90	19025401	765.630005
   55.80	19025523	765.635010
   54.90	19025647	765.640015
   55.80	19025770	765.645020
   55.80	19025893	765.650024
   54.90	19026016	765.655029
   54.90	19026139	765.659973
   56.49	19026262	765.664978
   55.80	19026385	765.669983
   54.90	19026508	765.674988
   54.90	19026631	765.679993
   55.80	19026754	765.684998
   55.80	19026878	765.690002
   54.90	19027000	765.695007
   54.90	19027124	765.700012
   55.80	19027246	765.705017
   55.80	19027370	765.710022
   55.80	19027493	765.715027
   54.90	19027616	765.719971
   55.58	19027739	765.724976
   55.80	19027862	765.729980
   55.80	19027985	765.734985
   54.90	19028108	765.739990
   54.90	19028231	765.744995
   55.80	19028354	765.750000
   55.80	19028477	765.755005
   54.90	19028601	765.760010
   55.80	19028723	765.765015
   54.90	19028847	765.770020
   55.80	19028970	765.775024
   55.80	19029093	765.780029
   54.90	19029216	765.784973
   55.58	19029339	765.789978
   55.80	19029462	765.794983
   55.80	19029585	765.799988
   54.90	19029708	765.804993
   54.90	19029831	765.809998
   55.80	19029954	765.815002
   55.80	19030078	765.820007
   55.80	19030200	765.825012
   54.00	19030323	765.830017
   55.80	19030446	765.835022
   55.80	19030569	765.840027
   54.90	19030692	765.844971
   54.67	19030816	765.849976
   55.80	19030938	765.854980
   55.80	19031061	765.859985
   55.80	19031184	765.864990
   54.00	19031307	765.869995
   55.80	19031430	765.875000
   55.80	19031553	765.880005
   55.80	19031676	765.885010
   54.00	19031799	765.890015
   55.80	19031922	765.895020
   55.80	19032045	765.900024
   54.90	19032168	765.905029
   54.90	19032291	765.909973
   56.49	19032413	765.914978
   54.90	19032537	765.919983
   55.80	19032659	765.924988
   54.90	19032782	765.929993
   55.80	19032905	765.934998
   54.90	19033028	765.940002
   54.90	19033150	765.945007
   55.80	19033273	765.950012
   54.90	19033396	765.955017
   54.90	19033519	765.960022
   55.80	19033641	765.965027
   54.90	19033764	765.969971
   55.58	19033886	765.974976
   55.80	19034009	765.979980
   54.90	19034132	765.984985
   54.90	19034255	765.989990
   55.80	19034377	765.994995
   54.90	19034500	766.000000
   54.90	19034622	766.005005
   55.80	19034745	766.010010
   54.90	19034867	766.015015
   54.90	19034990	766.020020
   55.80	19035113	766.025024
   54.90	19035236	766.030029
   54.90	19035358	766.034973
   56.49	19035481	766.039978
   54.90	19035603	766.044983
   54.90	19035726	766.049988
   55.80	19035849	766.054993
   54.90	19035971	766.059998
   54.90	19036094	766.065002
   55.80	19036217	766.070007
   54.90	19036339	766.075012
   54.90	19036462	766.080017
   55.80	19036585	766.085022
   54.00	19036707	766.090027
   55.80	19036830	766.094971
   56.49	19036953	766.099976
   54.90	19037075	766.104980
   54.90	19037198	766.109985
   55.80	19037321	766.114990
   54.90	19037443	766.119995
   54.90	19037566	766.125000
   55.80	19037689	766.130005
   54.90	19037811	766.135010
   54.90	19037935	766.140015
   55.80	19038057	766.145020
   54.90	19038180	766.150024
   54.90	19038303	766.155029
   55.80	19038426	766.159973
   56.49	19038548	766.164978
   54.00	19038671	766.169983
   55.80	19038794	766.174988
   55.80	19038917	766.179993
   54.90	19039039	766.184998
   54.90	19039162	766.190002
   55.80	19039285	766.195007
   54.90	19039408	766.200012
   54.90	19039531	766.205017
   55.80	19039653	766.210022
   55.80	19039776	766.215027
   54.00	19039899	766.219971
   56.49	19040022	766.224976
   55.80	19040145	766.229980
   54.90	19040267	766.234985
   54.90	19040390	766.239990
   55.80	19040513	766.244995
   54.90	19040636	766.250000
   54.90	19040758	766.255005
   55.80	19040882	766.260010
   55.80	19041004	766.265015
   54.00	19041127	766.270020
   55.80	19041250	766.275024
   55.80	19041373	766.280029
   54.90	19041495	766.284973
   55.58	19041619	766.289978
   55.80	19041741	766.294983
   54.90	19041864	766.299988
   54.90	19041987	766.304993
   55.80	19042110	766.309998
   55.80	19042232	766.315002
   54.90	19042356	766.320007
   54.90	19042478	766.325012
   55.80	19042602	766.330017
   55.80	19042724	766.335022
   54.00	19042847	766.340027
   55.80	19042970	766.344971
   56.49	19043093	766.349976
   54.90	19043216	766.354980
   54.90	19043339	766.359985
   55.80	19043462	766.364990
   55.80	19043585	766.369995
   54.90	19043708	766.375000
   54.90	19043831	766.380005
   55.80	19043953	766.385010
   55.80	19044077	766.390015
   54.90	19044200	766.395020
   54.90	19044323	766.400024
   55.80	19044446	766.405029
   55.80	19044569	766.409973
   55.58	19044692	766.414978
   54.90	19044815	766.419983
   55.80	19044938	766.424988
   55.80	19045061	766.429993
   54.90	19045184	766.434998
   54.90	19045307	766.440002
   55.80	19045430	766.445007
   55.80	19045553	766.450012
   54.90	19045676	766.455017
   54.90	19045799	766.460022
   55.80	19045922	766.465027
   55.80	19046045	766.469971
   56.49	19046168	766.474976
   54.00	19046292	766.479980
   54.90	19046414	766.484985
   55.80	19046538	766.489990
   55.80	19046661	766.494995
   54.90	19046784	766.500000
   54.90	19046907	766.505005
   55.80	19047031	766.510010
   55.80	19047153	766.515015
   54.90	19047277	766.520020
   55.80	19047400	766.525024
   54.90	19047523	766.530029
   55.80	19047646	766.534973
   56.49	19047770	766.539978
   55.80	19047892	766.544983
   54.00	19048016	766.549988
   55.80	19048139	766.554993
   55.80	19048262	766.559998
   55.80	19048385	766.565002
   54.90	19048508	766.570007
   54.90	19048631	766.575012
   55.80	19048755	766.580017
   55.80	19048878	766.585022
   54.90	19049001	766.590027
   55.80	19049124	766.594971
   55.58	19049247	766.599976
   55.80	19049370	766.604980
   55.80	19049494	766.609985
   55.80	19049616	766.614990
   54.00	19049740	766.619995
   55.80	19049863	766.625000
   55.80	19049986	766.630005
   55.80	19050109	766.635010
   54.90	19050232	766.640015
   54.90	19050355	766.645020
   55.80	19050478	766.650024
   55.80	19050601	766.655029
   54.90	19050724	766.659973
   55.58	19050847	766.664978
   55.80	19050970	766.669983
   55.80	19051092	766.674988
   54.00	19051216	766.679993
   55.80	19051339	766.684998
   55.80	19051461	766.690002
   55.80	19051584	766.695007
   54.00	19051708	766.700012
   55.80	19051830	766.705017
   55.80	19051953	766.710022
   54.90	19052076	766.715027
   54.00	19052199	766.719971
   56.49	19052322	766.724976
   55.80	19052445	766.729980
   54.90	19052568	766.734985
   54.90	19052691	766.739990
   55.80	19052814	766.744995
   55.80	19052937	766.750000
   54.90	19053059	766.755005
   54.90	19053183	766.760010
   55.80	19053305	766.765015
   54.90	19053429	766.770020
   55.80	19053551	766.775024
   54.90	19053674	766.780029
   55.80	19053797	766.784973
   55.58	19053920	766.789978
   54.90	19054043	766.794983
   55.80	19054166	766.799988
   55.80	19054289	766.804993
   54.90	19054412	766.809998
   54.90	19054535	766.815002
   55.80	19054658	766.820007
   55.80	19054781	766.825012
   54.90	19054904	766.830017
   55.80	19055027	766.835022
   54.90	19055150	766.840027
   55.80	19055273	766.844971
   55.58	19055396	766.849976
   54.90	19055519	766.854980
   55.80	19055642	766.859985
   55.80	19055765	766.864990
   54.90	19055888	766.869995
   54.90	19056011	766.875000
   55.80	19056134	766.880005
   55.80	19056257	766.885010
   54.90	19056380	766.890015
   54.90	19056503	766.895020
   55.80	19056626	766.900024
   55.80	19056749	766.905029
   54.90	19056872	766.909973
   55.58	19056995	766.914978
   55.80	19057118	766.919983
   55.80	19057241	766.924988
   54.90	19057364	766.929993
   54.90	19057487	766.934998
   55.80	19057610	766.940002
   55.80	19057733	766.945007
   54.90	19057856	766.950012
   54.90	19057979	766.955017
   55.80	19058102	766.960022
   55.80	19058225	766.965027
   54.00	19058348	766.969971
   56.49	19058470	766.974976
   55.80	19058594	766.979980
   54.90	19058716	766.984985
   54.90	19058839	766.989990
   55.80	19058962	766.994995
   55.80	19059085	767.000000
   54.90	19059208	767.005005
   54.90	19059331	767.010010
   55.80	19059453	767.015015
   55.80	19059577	767.020020
   54.90	19059699	767.025024
   54.90	19059822	767.030029
   55.80	19059945	767.034973
   55.58	19060068	767.039978
   54.90	19060191	767.044983
   55.80	19060314	767.049988
   55.80	19060436	767.054993
   54.00	19060559	767.059998
   55.80	19060682	767.065002
   55.80	19060805	767.070007
   54.00	19060927	767.075012
   55.80	19061050	767.080017
   55.80	19061172	767.085022
   54.00	19061295	767.090027
   55.80	19061417	767.094971
   55.58	19061540	767.099976
   54.90	19061662	767.104980
   55.80	19061785	767.109985
   54.90	19061907	767.114990
   54.90	19062030	767.119995
   55.80	19062152	767.125000
   54.00	19062275	767.130005
   55.80	19062397	767.135010
   54.90	19062520	767.140015
   54.90	19062642	767.145020
   54.90	19062765	767.150024
   55.80	19062887	767.155029
   54.90	19063009	767.159973
   55.58	19063132	767.164978
   54.90	19063255	767.169983
   55.80	19063376	767.174988
   54.00	19063499	767.179993
   55.80	19063622	767.184998
   54.90	19063744	767.190002
   54.90	19063867	767.195007
   55.80	19063990	767.200012
   54.90	19064111	767.205017
   54.90	19064234	767.210022
   55.80	19064357	767.215027
   54.00	19064479	767.219971
   56.49	19064602	767.224976
   55.80	19064725	767.229980
   54.00	19064847	767.234985
   55.80	19064970	767.239990
   55.80	19065092	767.244995
   54.00	19065215	767.250000
   55.80	19065337	767.255005
   54.90	19065460	767.260010
   54.90	19065582	767.265015
   55.80	19065705	767.270020
   54.90	19065827	767.275024
   54.90	19065950	767.280029
   55.80	19066073	767.284973
   55.58	19066196	767.289978
   54.90	19066318	767.294983
   55.80	19066441	767.299988
   54.90	19066563	767.304993
   54.90	19066686	767.309998
   55.80	19066809	767.315002
   54.00	19066931	767.320007
   55.80	19067054	767.325012
   55.80	19067177	767.330017
   54.90	19067299	767.335022
   54.90	19067422	767.340027
   55.80	19067545	767.344971
   54.67	19067667	767.349976
   55.80	19067790	767.354980
   55.80	19067913	767.359985
   54.90	19068035	767.364990
   54.90	19068158	767.369995
   55.80	19068281	767.375000
   54.00	19068403	767.380005
   55.80	19068526	767.385010
   55.80	19068649	767.390015
   54.90	19068771	767.395020
   54.90	19068894	767.400024
   55.80	19069017	767.405029
   54.00	19069139	767.409973
   55.58	19069262	767.414978
   55.80	19069385	767.419983
   54.90	19069507	767.424988
   54.90	19069631	767.429993
   55.80	19069753	767.434998
   54.90	19069876	767.440002
   54.90	19069999	767.445007
   55.80	19070122	767.450012
   55.80	19070244	767.455017
   54.00	19070367	767.460022
   55.80	19070490	767.465027
   55.80	19070613	767.469971
   55.58	19070736	767.474976
   54.90	19070859	767.479980
   55.80	19070981	767.484985
   54.90	19071105	767.489990
   55.80	19071227	767.494995
   54.90	19071350	767.500000
   55.80	19071473	767.505005
   54.90	19071596	767.510010
   54.90	19071718	767.515015
   55.80	19071842	767.520020
   55.80	19071964	767.525024
   54.00	19072087	767.530029
   55.80	19072210	767.534973
   56.49	19072333	767.539978
   54.90	19072456	767.544983
   54.90	19072579	767.549988
   55.80	19072701	767.554993
   55.80	19072825	767.559998
   54.90	19072948	767.565002
   54.90	19073071	767.570007
   55.80	19073193	767.575012
   55.80	19073317	767.580017
   54.90	19073439	767.585022
   54.90	19073562	767.590027
   55.80	19073685	767.594971
   55.58	19073808	767.599976
   55.80	19073931	767.604980
   54.90	19074055	767.609985
   55.80	19074177	767.614990
   54.90	19074301	767.619995
   55.80	19074423	767.625000
   54.90	19074546	767.630005
   55.80	19074669	767.635010
   55.80	19074793	767.640015
   54.90	19074915	767.645020
   54.90	19075039	767.650024
   55.80	19075162	767.655029
   55.80	19075285	767.659973
   55.58	19075408	767.664978
   54.90	19075531	767.669983
   55.80	19075654	767.674988
   55.80	19075777	767.679993
   54.90	19075900	767.684998
   54.90	19076023	767.690002
   55.80	19076146	767.695007
   55.80	19076269	767.700012
   55.80	19076392	767.705017
   54.00	19076516	767.710022
   55.80	19076638	767.715027
   55.80	19076762	767.719971
   56.49	19076885	767.724976
   54.90	19077008	767.729980
   54.90	19077131	767.734985
   55.80	19077254	767.739990
   55.80	19077377	767.744995
   54.90	19077500	767.750000
   54.90	19077623	767.755005
   55.80	19077746	767.760010
   55.80	19077869	767.765015
   54.90	19077992	767.770020
   54.90	19078115	767.775024
   55.80	19078238	767.780029
   55.80	19078361	767.784973
   55.58	19078484	767.789978
   54.90	19078607	767.794983
   55.80	19078730	767.799988
   55.80	19078853	767.804993
   54.90	19078976	767.809998
   54.90	19079099	767.815002
   55.80	19079222	767.820007
   55.80	19079345	767.825012
   54.90	19079468	767.830017
   54.90	19079590	767.835022
   55.80	19079714	767.840027
   55.80	19079837	767.844971
   54.67	19079960	767.849976
   54.90	19101076	768.710022
   54.90	19101199	768.715027
   55.80	19101322	768.719971
   56.49	19101445	768.724976
   54.00	19101568	768.729980
   55.80	19101691	768.734985
   55.80	19101814	768.739990
   55.80	19101936	768.744995
   54.00	19102060	768.750000
   55.80	19102182	768.755005
   55.80	19102305	768.760010
   54.90	19102428	768.765015
   54.90	19102551	768.770020
   55.80	19102674	768.775024
   55.80	19102797	768.780029
   54.90	19102920	768.784973
   55.58	19103043	768.789978
   55.80	19103166	768.794983
   55.80	19103289	768.799988
   54.90	19103411	768.804993
   54.90	19103535	768.809998
   55.80	19103657	768.815002
   55.80	19103781	768.820007
   54.90	19103904	768.825012
   54.90	19104027	768.830017
   55.80	19104149	768.835022
   54.90	19104273	768.840027
   54.90	19104395	768.844971
   55.58	19104519	768.849976
   55.80	19104641	768.854980
   54.90	19104764	768.859985
   54.90	19104887	768.864990
   55.80	19105011	768.869995
   55.80	19105133	768.875000
   54.90	19105257	768.880005
   55.80	19105379	768.885010
   54.90	19105502	768.890015
   55.80	19105625	768.895020
   55.80	19105749	768.900024
   54.90	19105871	768.905029
   54.90	19105995	768.909973
   56.49	19106118	768.914978
   54.90	19106241	768.919983
   55.80	19106364	768.924988
   54.90	19106487	768.929993
   55.80	19106609	768.934998
   55.80	19106733	768.940002
   54.90	19106855	768.945007
   54.90	19106979	768.950012
   55.80	19107101	768.955017
   55.80	19107225	768.960022
   54.00	19107347	768.965027
   55.80	19107471	768.969971
   56.49	19107593	768.974976
   54.90	19107716	768.979980
   54.90	19107839	768.984985
   55.80	19107962	768.989990
   55.80	19108085	768.994995
   54.90	19108208	769.000000
   54.90	19108330	769.005005
   55.80	19108454	769.010010
   55.80	19108576	769.015015
   54.00	19108699	769.020020
   55.80	19108822	769.025024
   55.80	19108946	769.030029
   54.90	19109068	769.034973
   55.58	19109191	769.039978
   55.80	19109314	769.044983
   55.80	19109437	769.049988
   54.90	19109559	769.054993
   54.90	19109683	769.059998
   55.80	19109805	769.065002
   54.90	19109928	769.070007
   54.90	19110051	769.075012
   55.80	19110174	769.080017
   55.80	19110297	769.085022
   54.90	19110420	769.090027
   54.90	19110542	769.094971
   56.49	19110666	769.099976
   55.80	19110789	769.104980
   54.00	19110912	769.109985
   55.80	19111034	769.114990
   55.80	19111158	769.119995
   54.90	19111280	769.125000
   54.90	19111403	769.130005
   55.80	19111526	769.135010
   55.80	19111649	769.140015
   54.90	19111772	769.145020
   54.90	19111895	769.150024
   55.80	19112018	769.155029
   55.80	19112141	769.159973
   55.58	19112264	769.164978
   54.90	19112387	769.169983
   55.80	19112510	769.174988
   55.80	19112633	769.179993
   54.90	19112755	769.184998
   54.90	19112879	769.190002
   55.80	19113001	769.195007
   54.90	19113124	769.200012
   55.80	19113247	769.205017
   54.90	19113370	769.210022
   55.80	19113493	769.215027
   54.90	19113616	769.219971
   55.58	19113739	769.224976
   55.80	19113862	769.229980
   55.80	19113985	769.234985
   54.90	19114108	769.239990
   54.90	19114231	769.244995
   55.80	19114354	769.250000
   55.80	19114476	769.255005
   54.00	19114600	769.260010
   55.80	19114722	769.265015
   55.80	19114845	769.270020
   54.90	19114968	769.275024
   54.90	19115091	769.280029
   55.80	19115214	769.284973
   56.49	19115337	769.289978
   54.90	19115460	769.294983
   54.90	19115582	769.299988
   55.80	19115705	769.304993
   54.90	19115828	769.309998
   54.90	19115951	769.315002
   55.80	19116074	769.320007
   55.80	19116197	769.325012
   54.90	19116320	769.330017
   54.90	19116442	769.335022
   55.80	19116565	769.340027
   54.90	19116688	769.344971
   55.58	19116811	769.349976
   55.80	19116933	769.354980
   54.90	19117056	769.359985
   54.90	19117179	769.364990
   55.80	19117302	769.369995
   54.90	19117424	769.375000
   54.90	19117547	769.380005
   55.80	19117669	769.385010
   54.90	19117792	769.390015
   54.90	19117914	769.395020
   55.80	19118037	769.400024
   54.90	19118159	769.405029
   54.90	19118282	769.409973
   56.49	19118404	769.414978
   54.00	19118527	769.419983
   55.80	19118649	769.424988
   54.90	19118772	769.429993
   54.90	19118894	769.434998
   55.80	19119017	769.440002
   54.90	19119139	769.445007
   54.90	19119262	769.450012
   55.80	19119384	769.455017
   54.00	19119507	769.460022
   55.80	19119629	769.465027
   54.90	19119752	769.469971
   55.58	19119874	769.474976
   55.80	19119997	769.479980
   54.90	19120119	769.484985
   54.90	19120242	769.489990
   55.80	19120364	769.494995
   54.00	19120487	769.500000
   55.80	19120609	769.505005
   54.90	19120732	769.510010
   54.90	19120855	769.515015
   55.80	19120977	769.520020
   54.90	19121100	769.525024
   54.90	19121223	769.530029
   55.80	19121345	769.534973
   55.58	19121468	769.539978
   54.90	19121590	769.544983
   55.80	19121713	769.549988
   54.90	19121836	769.554993
   54.90	19121958	769.559998
   55.80	19122081	769.565002
   54.90	19122204	769.570007
   54.90	19122326	769.575012
   55.80	19122449	769.580017
   54.90	19122572	769.585022
   54.90	19122694	769.590027
   55.80	19122817	769.594971
   55.58	19122940	769.599976
   54.90	19123062	769.604980
   55.80	19123185	769.609985
   54.90	19123308	769.614990
   54.90	19123430	769.619995
   55.80	19123553	769.625000
   54.90	19123676	769.630005
   54.90	19123798	769.635010
   55.80	19123921	769.640015
   54.90	19124044	769.645020
   54.90	19124167	769.650024
   55.80	19124289	769.655029
   54.90	19124412	769.659973
   55.58	19124534	769.664978