  113.40	12771204	602.559998
  113.40	12771455	602.565002
  113.40	12771708	602.570007
  113.85	12771960	602.575012
  112.95	12772213	602.580017
  113.85	12772464	602.585022
  113.40	12772717	602.590027
  113.85	12772969	602.594971
  114.80	12773222	602.599976
  113.40	12773473	602.604980
  113.40	12773726	602.609985
  113.85	12773978	602.614990
  112.95	12774230	602.619995
  114.30	12774482	602.625000
  112.95	12774735	602.630005
  113.85	12774987	602.635010
  113.40	12775240	602.640015
  113.40	12775492	602.645020
  113.40	12775744	602.650024
  114.30	12775996	602.655029
  112.95	12776249	602.659973
  115.26	12776501	602.664978
  113.40	12776754	602.669983
  113.85	12777005	602.674988
  112.95	12777259	602.679993
  113.85	12777510	602.684998
  113.40	12777763	602.690002
  113.85	12778015	602.695007
  112.95	12778268	602.700012
  113.85	12778519	602.705017
  113.40	12778773	602.710022
  113.40	12779024	602.715027
  113.40	12779277	602.719971
  115.71	12779529	602.724976
  112.95	12779782	602.729980
  113.85	12780034	602.734985
  113.40	12780287	602.739990
  113.85	12780539	602.744995
  113.40	12780792	602.750000
  113.85	12781043	602.755005
  113.40	12781297	602.760010
  113.85	12781549	602.765015
  112.95	12781802	602.770020
  114.30	12782053	602.775024
  112.95	12782307	602.780029
  113.85	12782558	602.784973
  114.80	12782811	602.789978
  113.85	12783063	602.794983
  113.40	12783316	602.799988
  113.85	12783568	602.804993
  113.40	12783821	602.809998
  113.85	12784073	602.815002
  113.40	12784326	602.820007
  113.85	12784578	602.825012
  113.40	12784831	602.830017
  113.85	12785083	602.835022
  113.40	12785335	602.840027
  113.85	12785588	602.844971
  114.35	12785841	602.849976
  113.85	12786092	602.854980
  113.40	12786345	602.859985
  113.85	12786597	602.864990
  113.40	12786850	602.869995
  113.85	12787101	602.875000
  112.95	12787355	602.880005
  113.85	12787606	602.885010
  113.40	12787859	602.890015
  113.85	12788111	602.895020
  113.40	12788364	602.900024
  113.40	12788615	602.905029
  113.40	12788869	602.909973
  115.26	12789120	602.914978
  113.40	12789373	602.919983
  113.85	12789625	602.924988
  113.40	12789878	602.929993
  113.85	12790130	602.934998
  113.40	12790383	602.940002
  113.85	12790635	602.945007
  112.95	12790888	602.950012
  113.85	12791139	602.955017
  113.40	12791392	602.960022
  113.85	12791644	602.965027
  113.40	12791897	602.969971
  115.26	12792149	602.974976
  113.40	12792402	602.979980
  113.85	12792653	602.984985
  112.95	12792906	602.989990
  113.85	12793158	602.994995
  113.40	12793411	603.000000
  113.40	12793662	603.005005
  113.40	12793915	603.010010
  113.40	12794166	603.015015
  113.40	12794419	603.020020
  113.85	12794670	603.025024
  112.95	12794924	603.030029
  113.85	12795175	603.034973
  114.80	12795428	603.039978
  113.40	12795679	603.044983
  113.40	12795932	603.049988
  113.85	12796183	603.054993
  112.95	12796436	603.059998
  113.85	12796688	603.065002
  112.95	12796940	603.070007
  113.85	12797192	603.075012
  113.40	12797445	603.080017
  113.85	12797697	603.085022
  113.40	12797949	603.090027
  113.85	12798201	603.094971
  114.35	12798454	603.099976
  113.85	12798706	603.104980
  113.40	12798959	603.109985
  113.85	12799211	603.114990
  112.95	12799464	603.119995
  114.30	12799715	603.125000
  112.95	12799968	603.130005
  113.85	12800220	603.135010
  113.40	12800473	603.140015
  113.85	12800724	603.145020
  112.95	12800977	603.150024
  113.85	12801229	603.155029
  113.40	12801482	603.159973
  115.26	12801733	603.164978
  112.95	12801986	603.169983
  113.85	12802238	603.174988
  113.40	12802491	603.179993
  113.85	12802743	603.184998
  113.40	12802995	603.190002
  113.85	12803247	603.195007
  112.95	12803500	603.200012
  113.85	12803751	603.205017
  112.95	12804005	603.210022
  113.85	12804256	603.215027
  113.40	12804509	603.219971
  115.26	12804761	603.224976
  113.40	12805014	603.229980
  113.85	12805266	603.234985
  112.95	12805518	603.239990
  114.30	12805770	603.244995
  112.95	12806023	603.250000
  113.85	12806275	603.255005
  113.40	12806528	603.260010
  113.85	12806780	603.265015
  113.40	12807033	603.270020
  113.85	12807284	603.275024
  112.95	12807538	603.280029
  114.30	12807790	603.284973
  114.35	12808042	603.289978
  114.30	12808294	603.294983
  112.95	12808548	603.299988
  114.30	12808799	603.304993
  112.95	12809052	603.309998
  113.85	12809304	603.315002
  113.40	12809557	603.320007
  113.85	12809809	603.325012
  113.40	12810062	603.330017
  113.85	12810314	603.335022
  113.40	12810567	603.340027
  113.85	12810819	603.344971
  114.35	12811072	603.349976
  113.85	12811323	603.354980
  113.40	12811576	603.359985
  113.85	12811828	603.364990
  113.40	12812081	603.369995
  113.85	12812332	603.375000
  112.95	12812586	603.380005
  113.85	12812837	603.385010
  113.40	12813090	603.390015
  113.85	12813342	603.395020
  113.40	12813595	603.400024
  113.85	12813846	603.405029
  113.40	12814099	603.409973
  115.26	12814351	603.414978
  112.95	12814604	603.419983
  113.85	12814856	603.424988
  112.95	12815109	603.429993
  113.85	12815360	603.434998
  113.40	12815613	603.440002
  113.85	12815865	603.445007
  112.95	12816118	603.450012
  113.85	12816369	603.455017
  113.40	12816622	603.460022
  113.85	12816874	603.465027
  112.95	12817126	603.469971
  114.80	12817378	603.474976
  113.40	12817631	603.479980
  113.85	12817883	603.484985
  112.95	12818135	603.489990
  113.85	12818387	603.494995
  112.95	12818640	603.500000
  114.30	12818891	603.505005
  113.40	12819144	603.510010
  113.40	12819396	603.515015
  113.40	12819649	603.520020
  113.40	12819900	603.525024
  113.40	12820153	603.530029
  113.85	12820405	603.534973
  114.35	12820657	603.539978
  113.85	12820909	603.544983
  112.95	12821161	603.549988
  113.85	12821412	603.554993
  112.95	12821665	603.559998
  113.85	12821916	603.565002
  112.95	12822169	603.570007
  113.85	12822420	603.575012
  112.95	12822673	603.580017
  113.40	12822924	603.585022
  113.40	12823177	603.590027
  113.40	12823428	603.594971
  114.80	12823681	603.599976
  113.40	12823932	603.604980
  113.40	12824185	603.609985
  113.40	12824436	603.614990
  113.40	12824689	603.619995
  113.40	12824940	603.625000
  113.40	12825193	603.630005
  113.40	12825444	603.635010
  113.40	12825697	603.640015
  113.85	12825948	603.645020
  112.95	12826201	603.650024
  113.40	12826452	603.655029
  113.40	12826705	603.659973
  115.26	12826956	603.664978
  112.95	12827209	603.669983
  113.85	12827460	603.674988
  112.95	12827713	603.679993
  113.85	12827965	603.684998
  113.40	12828218	603.690002
  113.40	12828469	603.695007
  113.40	12828722	603.700012
  113.85	12828974	603.705017
  112.95	12829226	603.710022
  113.85	12829478	603.715027
  113.40	12829731	603.719971
  115.26	12829982	603.724976
  112.95	12830236	603.729980
  113.85	12830487	603.734985
  113.40	12830740	603.739990
  113.85	12830991	603.744995
  112.95	12831245	603.750000
  113.85	12831496	603.755005
  113.40	12831749	603.760010
  113.85	12832001	603.765015
  112.95	12832253	603.770020
  113.85	12832505	603.775024
  113.40	12832758	603.780029
  113.40	12833009	603.784973
  114.80	12833262	603.789978
  113.85	12833514	603.794983
  113.40	12833767	603.799988
  113.40	12834018	603.804993
  113.40	12834271	603.809998
  113.85	12834523	603.815002
  113.40	12834776	603.820007
  113.85	12835027	603.825012
  112.95	12835281	603.830017
  113.85	12835532	603.835022
  113.40	12835785	603.840027
  113.85	12836037	603.844971
  114.80	12836290	603.849976
  113.85	12836542	603.854980
  113.40	12836795	603.859985
  113.85	12837047	603.864990
  113.40	12837300	603.869995
  113.85	12837552	603.875000
  113.40	12837806	603.880005
  113.85	12838057	603.885010
  113.40	12838311	603.890015
  114.30	12838563	603.895020
  112.95	12838816	603.900024
  114.30	12839068	603.905029
  113.40	12839321	603.909973
  115.26	12839573	603.914978
  113.40	12839826	603.919983
  113.85	12840078	603.924988
  113.40	12840331	603.929993
  113.85	12840583	603.934998
  113.40	12840836	603.940002
  113.85	12841088	603.945007
  113.40	12841341	603.950012
  113.85	12841593	603.955017
  113.40	12841846	603.960022
  113.85	12842098	603.965027
  112.95	12842351	603.969971
  115.26	12842602	603.974976
  113.40	12842856	603.979980
  113.40	12843108	603.984985
  113.40	12843360	603.989990
  114.30	12843612	603.994995
  112.95	12843865	604.000000
  113.85	12844117	604.005005
  113.40	12844370	604.010010
  113.85	12844622	604.015015
  112.95	12844875	604.020020
  113.85	12845126	604.025024
  112.95	12845379	604.030029
  114.30	12845631	604.034973
  114.35	12845884	604.039978
  113.85	12846136	604.044983
  112.95	12846389	604.049988
  113.85	12846640	604.054993
  113.40	12846893	604.059998
  113.85	12847145	604.065002
  112.95	12847398	604.070007
  113.85	12847649	604.075012
  112.95	12847903	604.080017
  113.85	12848154	604.085022
  113.40	12848407	604.090027
  113.85	12848658	604.094971
  114.35	12848911	604.099976
  113.85	12849162	604.104980
  112.95	12849415	604.109985
  113.85	12849666	604.114990
  112.95	12849919	604.119995
  113.85	12850170	604.125000
  112.95	12850423	604.130005
  113.40	12850674	604.135010
  113.40	12850926	604.140015
  113.85	12851178	604.145020
  112.50	12851431	604.150024
  113.85	12851682	604.155029
  112.95	12851934	604.159973
  115.26	12852186	604.164978
  112.95	12852438	604.169983
  113.85	12852689	604.174988
  112.95	12852942	604.179993
  113.85	12853194	604.184998
  112.95	12853446	604.190002
  113.85	12853697	604.195007
  112.95	12853950	604.200012
  113.40	12854201	604.205017
  113.40	12854454	604.210022
  113.85	12854705	604.215027
  112.50	12854958	604.219971
  115.26	12855209	604.224976
  113.40	12855462	604.229980
  113.40	12855713	604.234985
  113.40	12855965	604.239990
  113.40	12856217	604.244995
  113.40	12856470	604.250000
  113.40	12856721	604.255005
  113.40	12856973	604.260010
  113.40	12857225	604.265015
  112.95	12857478	604.270020
  113.85	12857729	604.275024
  113.40	12857982	604.280029
  113.40	12858233	604.284973
  114.80	12858486	604.289978
  113.85	12858737	604.294983
  112.95	12858990	604.299988
  113.40	12859241	604.304993
  113.40	12859494	604.309998
  113.85	12859746	604.315002
  112.95	12859998	604.320007
  113.85	12860250	604.325012
  113.40	12860503	604.330017
  113.40	12860754	604.335022
  113.40	12861007	604.340027
  113.85	12861259	604.344971
  114.80	12861512	604.349976
  113.40	12861763	604.354980
  113.85	12862016	604.359985
  113.85	12862268	604.364990
  112.95	12862521	604.369995
  113.85	12862773	604.375000
  113.40	12863026	604.380005
  113.85	12863278	604.385010
  113.40	12863531	604.390015
  113.85	12863783	604.395020
  113.40	12864036	604.400024
  113.85	12864287	604.405029
  112.95	12864540	604.409973
  115.71	12864792	604.414978
  112.95	12865046	604.419983
  113.85	12865297	604.424988
  113.40	12865550	604.429993
  113.85	12865802	604.434998
  113.40	12866055	604.440002
  113.85	12866307	604.445007
  113.40	12866560	604.450012
  113.85	12866812	604.455017
  113.40	12867065	604.460022
  113.85	12867317	604.465027
  112.95	12867570	604.469971
  115.26	12867821	604.474976
  113.40	12868074	604.479980
  113.85	12868326	604.484985
  112.95	12868579	604.489990
  113.85	12868830	604.494995
  112.95	12869084	604.500000
  113.85	12869335	604.505005
  113.40	12869588	604.510010
  113.85	12869839	604.515015
  112.95	12870092	604.520020
  113.85	12870344	604.525024
  113.40	12870596	604.530029
  113.40	12870848	604.534973
  114.80	12871101	604.539978
  113.85	12871352	604.544983
  112.95	12871605	604.549988
  113.85	12871857	604.554993
  113.40	12872109	604.559998
  113.40	12872361	604.565002
  113.40	12872614	604.570007
  113.85	12872865	604.575012
  112.95	12873118	604.580017
  113.85	12873370	604.585022
  113.40	12873623	604.590027
  113.85	12873874	604.594971
  114.35	12874127	604.599976
  113.85	12874379	604.604980
  113.40	12874631	604.609985
  113.85	12874883	604.614990
  112.95	12875136	604.619995
  113.85	12875387	604.625000
  112.95	12875640	604.630005
  113.85	12875892	604.635010
  112.95	12876144	604.640015
  113.85	12876396	604.645020
  113.40	12876649	604.650024
  113.85	12876900	604.655029
  112.95	12877153	604.659973
  115.26	12877404	604.664978
  112.95	12877657	604.669983
  113.85	12877908	604.674988
  112.95	12878161	604.679993
  113.40	12878412	604.684998
  113.40	12878665	604.690002
  113.85	12878916	604.695007
  112.50	12879169	604.700012
  113.85	12879420	604.705017
  113.40	12879672	604.710022
  113.40	12879924	604.715027
  112.95	12880176	604.719971
  115.26	12880427	604.724976
  112.95	12880680	604.729980
  113.40	12880931	604.734985
  112.95	12881184	604.739990
  113.85	12881435	604.744995
  113.40	12881688	604.750000
  113.40	12881939	604.755005
  113.40	12882191	604.760010
  113.40	12882443	604.765015
  112.95	12882695	604.770020
  113.85	12882946	604.775024
  112.95	12883199	604.780029
  113.85	12883451	604.784973
  114.35	12883703	604.789978
  113.85	12883955	604.794983
  112.95	12884208	604.799988
  113.85	12884459	604.804993
  113.40	12884711	604.809998
  113.40	12884963	604.815002
  112.95	12885216	604.820007
  113.85	12885467	604.825012
  113.40	12885720	604.830017
  113.40	12885971	604.835022
  113.40	12886224	604.840027
  113.85	12886475	604.844971
  114.35	12886728	604.849976
  113.85	12886980	604.854980
  113.40	12887232	604.859985
  113.40	12887484	604.864990
  112.95	12887737	604.869995
  113.85	12887988	604.875000
  113.40	12888241	604.880005
  113.85	12888493	604.885010
  112.95	12888745	604.890015
  113.85	12888997	604.895020
  113.40	12889250	604.900024
  113.85	12889501	604.905029
  112.95	12889754	604.909973
  115.26	12890006	604.914978
  112.95	12890259	604.919983
  114.30	12890510	604.924988
  112.95	12890763	604.929993
  113.85	12891015	604.934998
  113.40	12891268	604.940002
  113.85	12891519	604.945007
  112.95	12891772	604.950012
  113.85	12892024	604.955017
  113.40	12892277	604.960022
  113.85	12892528	604.965027
  112.95	12892781	604.969971
  115.26	12893033	604.974976
  113.40	12893286	604.979980
  113.40	12893538	604.984985
  113.40	12893790	604.989990
  114.30	12894042	604.994995
  112.95	12894295	605.000000
  113.85	12894547	605.005005
  113.40	12894800	605.010010
  113.40	12895051	605.015015
  113.40	12895304	605.020020
  113.85	12895556	605.025024
  113.40	12895809	605.030029
  113.85	12896061	605.034973
  114.80	12896314	605.039978
  113.85	12896565	605.044983
  112.95	12896818	605.049988
  113.85	12897070	605.054993
  113.40	12897323	605.059998
  113.85	12897574	605.065002
  112.95	12897827	605.070007
  113.85	12898079	605.075012
  113.40	12898332	605.080017
  113.85	12898584	605.085022
  112.95	12898837	605.090027
  114.30	12899088	605.094971
  114.35	12899341	605.099976
  113.85	12899593	605.104980
  113.40	12899846	605.109985
  113.85	12900097	605.114990
  112.95	12900351	605.119995
  113.85	12900602	605.125000
  112.95	12900855	605.130005
  113.85	12901107	605.135010
  112.95	12901360	605.140015
  114.30	12901611	605.145020
  112.95	12901864	605.150024
  113.85	12902116	605.155029
  113.40	12902369	605.159973
  115.26	12902620	605.164978
  112.95	12902874	605.169983
  113.85	12903125	605.174988
  113.40	12903378	605.179993
  113.85	12903630	605.184998
  113.40	12903883	605.190002
  113.85	12904134	605.195007
  113.40	12904388	605.200012
  113.85	12904639	605.205017
  112.95	12904892	605.210022
  113.85	12905144	605.215027
  113.40	12905397	605.219971
  115.26	12905648	605.224976
  113.40	12905901	605.229980
  113.40	12906153	605.234985
  112.95	12906406	605.239990
  114.30	12906657	605.244995
  112.95	12906910	605.250000
  113.85	12907162	605.255005
  112.95	12907414	605.260010
  113.85	12907666	605.265015
  113.40	12907919	605.270020
  113.40	12908170	605.275024
  113.40	12908423	605.280029
  113.85	12908675	605.284973
  114.35	12908927	605.289978
  113.85	12909179	605.294983
  113.40	12909432	605.299988
  113.40	12909683	605.304993
  113.40	12909936	605.309998
  113.85	12910188	605.315002
  112.95	12910441	605.320007
  113.85	12910692	605.325012
  113.40	12910945	605.330017
  113.85	12911197	605.335022
  113.40	12911450	605.340027
  113.85	12911701	605.344971
  114.35	12911954	605.349976
  113.85	12912206	605.354980
  112.95	12912459	605.359985
  113.85	12912710	605.364990
  113.40	12912963	605.369995
  113.85	12913215	605.375000
  113.40	12913467	605.380005
  113.85	12913719	605.385010
  112.95	12913972	605.390015
  113.85	12914224	605.395020
  112.95	12914477	605.400024
  113.85	12914729	605.405029
  113.40	12914981	605.409973
  115.26	12915233	605.414978
  113.40	12915486	605.419983
  113.85	12915737	605.424988
  112.95	12915990	605.429993
  113.85	12916242	605.434998
  113.40	12916495	605.440002
  113.85	12916746	605.445007
  112.95	12917000	605.450012
  113.85	12917251	605.455017
  113.40	12917504	605.460022
  113.85	12917756	605.465027
  113.40	12918009	605.469971
  114.80	12918260	605.474976
  113.40	12918513	605.479980
  114.30	12918765	605.484985
  112.95	12919018	605.489990
  113.85	12919270	605.494995
  113.40	12919523	605.500000
  113.85	12919775	605.505005
  113.40	12920028	605.510010
  113.85	12920280	605.515015
  113.40	12920533	605.520020
  113.85	12920785	605.525024
  113.40	12921038	605.530029
  113.85	12921290	605.534973
  114.80	12921543	605.539978
  113.85	12921795	605.544983
  113.40	12922048	605.549988
  113.85	12922300	605.554993
  113.40	12922553	605.559998
  114.30	12922805	605.565002
  112.95	12923059	605.570007
  113.85	12923310	605.575012
  113.40	12923563	605.580017
  114.30	12923816	605.585022
  112.95	12924069	605.590027
  114.30	12924320	605.594971
  114.80	12924574	605.599976
  113.40	12924826	605.604980
  113.85	12925079	605.609985
  113.85	12925331	605.614990
  113.40	12925584	605.619995
  113.85	12925836	605.625000
  113.40	12926089	605.630005
  113.85	12926341	605.635010
  113.40	12926594	605.640015
  113.85	12926846	605.645020
  113.40	12927099	605.650024
  113.85	12927351	605.655029
  113.40	12927604	605.659973
  115.26	12927855	605.664978
  112.95	12928109	605.669983
  113.85	12928360	605.674988
  113.40	12928613	605.679993
  114.30	12928865	605.684998
  112.95	12929119	605.690002
  114.30	12929370	605.695007
  113.40	12929624	605.700012
  113.40	12929876	605.705017
  113.85	12930129	605.710022
  113.85	12930380	605.715027
  112.95	12930634	605.719971
  115.71	12930885	605.724976
  113.40	12931138	605.729980
  113.85	12931391	605.734985
  112.95	12931644	605.739990
  113.85	12931895	605.744995
  113.85	12932149	605.750000
  113.85	12932401	605.755005
  112.95	12932654	605.760010
  114.30	12932905	605.765015
  113.40	12933159	605.770020
  113.40	12933410	605.775024
  113.40	12933663	605.780029
  113.85	12933915	605.784973
  114.35	12934168	605.789978
  113.85	12934419	605.794983
  113.40	12934672	605.799988
  113.40	12934924	605.804993
  113.40	12935176	605.809998
  114.30	12935428	605.815002
  112.95	12935681	605.820007
  113.40	12935932	605.825012
  113.40	12936185	605.830017
  113.85	12936436	605.835022
  112.95	12936689	605.840027
  113.85	12936940	605.844971
  114.80	12937193	605.849976
  113.40	12937445	605.854980
  113.40	12937698	605.859985
  113.85	12937949	605.864990
  112.95	12938202	605.869995
  113.85	12938453	605.875000
  112.95	12938706	605.880005
  113.40	12938958	605.885010
  112.95	12939211	605.890015
  113.85	12939462	605.895020
  113.40	12939715	605.900024
  113.85	12939967	605.905029
  112.95	12940219	605.909973
  115.26	12940471	605.914978
  113.40	12940724	605.919983
  113.85	12940976	605.924988
  112.95	12941228	605.929993
  113.85	12941480	605.934998
  112.95	12941733	605.940002
  113.85	12941984	605.945007
  112.95	12942238	605.950012
  113.85	12942489	605.955017
  113.40	12942742	605.960022
  113.85	12942994	605.965027
  113.40	12943247	605.969971
  115.26	12943498	605.974976
  112.95	12943751	605.979980
  113.85	12944003	605.984985
  113.40	12944256	605.989990
  113.85	12944508	605.994995
  113.40	12944761	606.000000
  113.85	12945012	606.005005
  112.95	12945265	606.010010
  113.85	12945517	606.015015
  113.40	12945770	606.020020
  113.85	12946022	606.025024
  113.40	12946275	606.030029
  113.85	12946527	606.034973
  114.35	12946780	606.039978
  114.30	12947031	606.044983
  112.95	12947285	606.049988
  113.85	12947537	606.054993
  113.40	12947790	606.059998
  114.30	12948041	606.065002
  112.95	12948295	606.070007
  113.85	12948546	606.075012
  113.40	12948800	606.080017
  114.30	12949052	606.085022
  112.95	12949305	606.090027
  114.30	12949556	606.094971
  114.80	12949810	606.099976
  113.85	12950062	606.104980
  112.95	12950315	606.109985
  114.30	12950566	606.114990
  112.95	12950820	606.119995
  113.85	12951071	606.125000
  113.40	12951325	606.130005
  114.30	12951577	606.135010
  112.95	12951830	606.140015
  113.85	12952081	606.145020
  113.85	12952335	606.150024
  113.85	12952587	606.155029
  112.95	12952840	606.159973
  115.71	12953091	606.164978
  112.95	12953345	606.169983
  113.85	12953596	606.174988
  113.40	12953849	606.179993
  114.30	12954101	606.184998
  112.95	12954355	606.190002
  113.85	12954606	606.195007
  113.85	12954859	606.200012
  113.40	12955111	606.205017
  113.40	12955364	606.210022
  114.30	12955616	606.215027
  112.95	12955869	606.219971
  115.26	12956121	606.224976
  113.40	12956374	606.229980
  113.85	12956626	606.234985
  113.40	12956879	606.239990
  113.85	12957131	606.244995
  113.40	12957384	606.250000
  113.85	12957636	606.255005
  113.40	12957889	606.260010
  113.85	12958141	606.265015
  113.40	12958394	606.270020
  113.85	12958646	606.275024
  113.40	12958899	606.280029
  113.85	12959151	606.284973
  114.80	12959404	606.289978
  113.85	12959656	606.294983
  113.40	12959909	606.299988
  113.85	12960161	606.304993
  113.40	12960414	606.309998
  113.85	12960666	606.315002
  113.40	12960919	606.320007
  113.85	12961171	606.325012
  113.40	12961424	606.330017
  113.85	12961676	606.335022
  113.40	12961929	606.340027
  113.40	12962180	606.344971
  114.80	12962433	606.349976
  113.85	12962685	606.354980
  112.95	12962937	606.359985
  113.85	12963189	606.364990
  113.40	12963442	606.369995
  113.85	12963694	606.375000
  112.95	12963946	606.380005
  113.85	12964198	606.385010
  113.40	12964451	606.390015
  113.40	12964702	606.395020
  113.40	12964955	606.400024
  113.85	12965207	606.405029
  113.40	12965460	606.409973
  115.26	12965711	606.414978
  112.95	12965965	606.419983
  113.85	12966216	606.424988
  113.40	12966469	606.429993
  114.30	12966721	606.434998
  112.95	12966974	606.440002
  113.85	12967226	606.445007
  113.40	12967479	606.450012
  113.85	12967731	606.455017
  112.95	12967984	606.460022
  113.85	12968235	606.465027
  113.40	12968489	606.469971
  115.26	12968740	606.474976
  113.40	12968993	606.479980
  114.30	12969245	606.484985
  112.95	12969498	606.489990
  113.85	12969750	606.494995
  113.40	12970003	606.500000
  113.85	12970255	606.505005
  113.40	12970508	606.510010
  113.85	12970760	606.515015
  113.40	12971013	606.520020
  113.85	12971265	606.525024
  113.40	12971518	606.530029
  113.85	12971770	606.534973
  114.80	12972023	606.539978
  113.40	12972274	606.544983
  113.40	12972527	606.549988
  113.85	12972779	606.554993
  112.95	12973032	606.559998
  113.85	12973284	606.565002
  113.40	12973537	606.570007
  113.85	12973789	606.575012
  113.40	12974042	606.580017
  113.85	12974294	606.585022
  112.95	12974547	606.590027
  113.85	12974798	606.594971
  114.35	12975051	606.599976
  114.30	12975304	606.604980
  112.95	12975557	606.609985
  113.85	12975808	606.614990
  113.40	12976061	606.619995
  113.40	12976313	606.625000
  113.40	12976566	606.630005
  114.30	12976818	606.635010
  112.95	12977071	606.640015
  113.85	12977323	606.645020
  113.40	12977576	606.650024
  114.30	12977828	606.655029
  112.95	12978081	606.659973
  115.26	12978333	606.664978
  113.40	12978586	606.669983
  113.85	12978838	606.674988
  113.40	12979091	606.679993
  113.85	12979343	606.684998
  113.40	12979596	606.690002
  113.85	12979848	606.695007
  113.40	12980101	606.700012
  113.85	12980353	606.705017
  113.40	12980606	606.710022
  113.85	12980858	606.715027
  113.40	12981111	606.719971
  114.80	12981363	606.724976
  113.40	12981616	606.729980
  114.30	12981868	606.734985
  112.95	12982122	606.739990
  113.85	12982373	606.744995
  113.40	12982626	606.750000
  113.85	12982878	606.755005
  113.40	12983131	606.760010
  113.85	12983383	606.765015
  113.40	12983636	606.770020
  113.85	12983888	606.775024
  113.40	12984141	606.780029
  113.85	12984393	606.784973
  114.80	12984646	606.789978
  113.85	12984898	606.794983
  113.40	12985151	606.799988
  113.85	12985403	606.804993
  113.40	12985656	606.809998
  113.85	12985908	606.815002
  113.40	12986161	606.820007
  113.85	12986413	606.825012
  112.95	12986666	606.830017
  114.30	12986917	606.835022
  112.95	12987171	606.840027
  113.85	12987422	606.844971
  114.80	12987675	606.849976
  113.85	12987927	606.854980
  113.40	12988180	606.859985
  113.85	12988432	606.864990
  113.40	12988685	606.869995
  113.85	12988937	606.875000
  112.95	12989190	606.880005
  114.30	12989441	606.885010
  112.95	12989695	606.890015
  113.85	12989946	606.895020
  113.40	12990199	606.900024
  113.85	12990450	606.905029
  112.95	12990703	606.909973
  115.26	12990955	606.914978
  113.40	12991208	606.919983
  113.40	12991459	606.924988
  112.95	12991712	606.929993
  114.30	12991963	606.934998
  112.95	12992216	606.940002
  113.85	12992467	606.945007
  112.95	12992720	606.950012
  113.85	12992972	606.955017
  112.95	12993225	606.960022
  113.85	12993476	606.965027
  113.40	12993729	606.969971
  114.80	12993981	606.974976
  112.95	12994233	606.979980
  113.85	12994485	606.984985
  113.40	12994738	606.989990
  113.40	12994989	606.994995
  113.40	12995242	607.000000
  113.85	12995494	607.005005
  112.95	12995747	607.010010
  113.85	12995998	607.015015
  113.40	12996251	607.020020
  113.40	12996503	607.025024
  113.40	12996755	607.030029
  113.85	12997007	607.034973
  114.35	12997260	607.039978
  113.40	12997511	607.044983
  113.40	12997764	607.049988
  113.85	12998016	607.054993
  112.95	12998269	607.059998
  114.30	12998520	607.065002
  112.95	12998773	607.070007
  113.85	12999025	607.075012
  112.95	12999277	607.080017
  113.85	12999529	607.085022
  113.40	12999782	607.090027
  113.85	13000034	607.094971
  114.80	13000287	607.099976
  113.85	13000539	607.104980
  112.95	13000792	607.109985
  113.40	13001043	607.114990
  113.40	13001296	607.119995
  113.85	13001548	607.125000
  113.40	13001801	607.130005
  113.85	13002052	607.135010
  112.95	13002306	607.140015
  113.85	13002557	607.145020
  113.40	13002810	607.150024
  113.85	13003062	607.155029
  113.40	13003315	607.159973
  115.26	13003567	607.164978
  113.40	13003820	607.169983
  113.85	13004072	607.174988
  112.95	13004325	607.179993
  114.30	13004576	607.184998
  113.40	13004830	607.190002
  113.40	13005082	607.195007
  113.40	13005334	607.200012
  114.30	13005586	607.205017
  112.95	13005840	607.210022
  113.85	13006091	607.215027
  113.40	13006344	607.219971
  115.26	13006596	607.224976
  113.40	13006849	607.229980
  113.85	13007101	607.234985
  113.40	13007354	607.239990
  113.85	13007606	607.244995
  113.40	13007859	607.250000
  113.85	13008111	607.255005
  113.40	13008364	607.260010
  113.85	13008616	607.265015
  113.40	13008869	607.270020
  113.85	13009121	607.275024
  112.95	13009374	607.280029
  114.30	13009625	607.284973
  114.35	13009879	607.289978
  113.85	13010130	607.294983
  113.40	13010383	607.299988
  113.85	13010635	607.304993
  113.40	13010888	607.309998
  113.85	13011140	607.315002
  113.40	13011393	607.320007
  113.85	13011645	607.325012
  112.95	13011898	607.330017
  114.30	13012149	607.335022
  113.40	13012403	607.340027
  113.40	13012654	607.344971
  114.80	13012907	607.349976
  113.85	13013159	607.354980
  113.40	13013412	607.359985
  113.85	13013664	607.364990
  112.95	13013917	607.369995
  114.30	13014169	607.375000
  112.95	13014422	607.380005
  114.30	13014673	607.385010
  112.95	13014927	607.390015
  113.85	13015178	607.395020
  113.40	13015431	607.400024
  113.85	13015683	607.405029
  113.40	13015936	607.409973
  115.26	13016188	607.414978
  113.40	13016441	607.419983
  113.85	13016693	607.424988
  112.95	13016946	607.429993
  114.30	13017197	607.434998
  112.95	13017451	607.440002
  113.85	13017702	607.445007
  113.40	13017955	607.450012
  113.85	13018207	607.455017
  112.95	13018460	607.460022
  113.85	13018711	607.465027
  113.40	13018963	607.469971
  114.80	13019215	607.474976
  113.40	13019468	607.479980
  113.85	13019719	607.484985
  112.95	13019972	607.489990
  113.85	13020224	607.494995
  112.95	13020476	607.500000
  113.85	13020728	607.505005
  112.95	13020981	607.510010
  113.85	13021232	607.515015
  113.40	13021485	607.520020
  113.85	13021737	607.525024
  112.95	13021989	607.530029
  113.85	13022241	607.534973
  114.80	13022494	607.539978
  113.40	13022745	607.544983
  113.40	13022998	607.549988
  113.85	13023249	607.554993
  113.40	13023503	607.559998
  113.40	13023754	607.565002
  113.40	13024007	607.570007
  113.85	13024259	607.575012
  112.95	13024511	607.580017
  113.85	13024763	607.585022
  113.40	13025016	607.590027
  113.40	13025268	607.594971
  114.35	13025520	607.599976
  114.30	13025772	607.604980
  112.95	13026025	607.609985
  113.85	13026277	607.614990
  112.95	13026529	607.619995
  113.85	13026781	607.625000
  113.40	13027034	607.630005
  113.85	13027286	607.635010
  113.40	13027539	607.640015
  113.40	13027791	607.645020
  113.40	13028043	607.650024
  114.30	13028295	607.655029
  112.95	13028549	607.659973
  115.26	13028800	607.664978
  113.40	13029053	607.669983
  113.85	13029305	607.674988
  112.95	13029558	607.679993
  114.30	13029809	607.684998
  112.95	13030062	607.690002
  113.85	13030314	607.695007
  112.95	13030567	607.700012
  114.30	13030818	607.705017
  112.95	13031072	607.710022
  113.85	13031323	607.715027
  113.40	13031576	607.719971
  115.26	13031828	607.724976
  113.40	13032081	607.729980
  113.85	13032332	607.734985
  113.40	13032586	607.739990
  113.40	13032837	607.744995
  113.40	13033090	607.750000
  113.85	13033342	607.755005
  113.40	13033595	607.760010
  113.85	13033847	607.765015
  112.95	13034100	607.770020
  114.30	13034351	607.775024
  112.95	13034605	607.780029
  113.85	13034856	607.784973
  114.80	13035109	607.789978
  113.85	13035361	607.794983
  113.40	13035614	607.799988
  113.85	13035866	607.804993
  113.40	13036119	607.809998
  113.40	13036370	607.815002
  113.85	13036623	607.820007
  113.85	13036875	607.825012
  112.95	13037129	607.830017
  114.30	13037380	607.835022
  112.95	13037633	607.840027
  113.85	13037885	607.844971
  114.80	13038138	607.849976
  113.85	13038390	607.854980
  113.40	13038643	607.859985
  113.85	13038895	607.864990
  113.40	13039148	607.869995
  113.85	13039400	607.875000
  112.95	13039653	607.880005
  114.30	13039904	607.885010
  113.40	13040158	607.890015
  113.85	13040409	607.895020
  112.95	13040662	607.900024
  114.30	13040914	607.905029
  112.95	13041167	607.909973
  115.26	13041419	607.914978
  113.40	13041672	607.919983
  113.85	13041924	607.924988
  113.40	13042177	607.929993
  113.85	13042428	607.934998
  113.40	13042682	607.940002
  113.85	13042934	607.945007
  112.95	13043187	607.950012
  114.30	13043438	607.955017
  112.95	13043692	607.960022
  113.85	13043943	607.965027
  113.40	13044196	607.969971
  115.26	13044448	607.974976
  113.40	13044701	607.979980
  113.85	13044953	607.984985
  113.40	13045206	607.989990
  113.40	13045458	607.994995
  113.40	13045710	608.000000
  113.85	13045962	608.005005
  112.95	13046215	608.010010
  113.40	13046466	608.015015
  112.95	13046719	608.020020
  113.85	13046971	608.025024
  112.95	13047224	608.030029
  113.85	13047475	608.034973
  114.80	13047727	608.039978
  113.40	13047979	608.044983
  112.95	13048232	608.049988
  114.30	13048483	608.054993
  112.95	13048736	608.059998
  113.40	13048987	608.065002
  113.40	13049240	608.070007
  113.85	13049492	608.075012
  112.95	13049744	608.080017
  113.85	13049995	608.085022
  112.95	13050248	608.090027
  113.85	13050500	608.094971
  114.35	13050752	608.099976
  113.40	13051004	608.104980
  113.40	13051257	608.109985
  113.40	13051508	608.114990
  113.40	13051761	608.119995
  113.85	13052013	608.125000
  112.95	13052266	608.130005
  113.85	13052517	608.135010
  113.40	13052770	608.140015
  113.40	13053022	608.145020
  113.40	13053274	608.150024
  114.30	13053526	608.155029
  112.95	13053779	608.159973
  115.26	13054030	608.164978
  112.95	13054283	608.169983
  113.85	13054535	608.174988
  113.40	13054788	608.179993
  113.40	13055039	608.184998
  112.95	13055292	608.190002
  113.85	13055544	608.195007
  113.40	13055797	608.200012
  113.85	13056048	608.205017
  113.40	13056302	608.210022
  113.40	13056553	608.215027
  113.40	13056806	608.219971
  115.26	13057058	608.224976
  113.40	13057311	608.229980
  113.85	13057563	608.234985
  113.40	13057816	608.239990
  113.85	13058068	608.244995
  113.40	13058321	608.250000
  113.85	13058572	608.255005
  113.40	13058826	608.260010
  113.85	13059078	608.265015
  113.40	13059331	608.270020
  113.85	13059583	608.275024
  112.95	13059836	608.280029
  114.30	13060087	608.284973
  114.80	13060341	608.289978
  113.85	13060593	608.294983
  113.40	13060846	608.299988
  113.85	13061098	608.304993
  113.40	13061351	608.309998
  113.85	13061603	608.315002
  113.40	13061856	608.320007
  113.85	13062108	608.325012
  113.40	13062362	608.330017
  114.30	13062613	608.335022
  113.40	13062867	608.340027
  113.85	13063119	608.344971
  114.35	13063372	608.349976
  114.30	13063624	608.354980
  113.40	13063877	608.359985
  113.85	13064129	608.364990
  113.40	13064382	608.369995
  114.30	13064634	608.375000
  112.95	13064888	608.380005
  114.30	13065140	608.385010
  113.40	13065393	608.390015
  113.85	13065645	608.395020
  113.40	13065898	608.400024
  114.30	13066150	608.405029
  112.95	13066403	608.409973
  115.26	13066655	608.414978
  113.40	13066908	608.419983
  114.30	13067160	608.424988
  112.95	13067414	608.429993
  113.85	13067665	608.434998
  113.40	13067918	608.440002
  114.30	13068170	608.445007
  112.95	13068424	608.450012
  114.30	13068675	608.455017
  112.95	13068929	608.460022
  113.85	13069180	608.465027
  113.40	13069433	608.469971
  115.26	13069685	608.474976
  112.95	13069939	608.479980
  113.85	13070190	608.484985
  113.85	13070444	608.489990
  113.85	13070696	608.494995
  113.40	13070949	608.500000
  113.85	13071201	608.505005
  113.40	13071454	608.510010
  113.85	13071706	608.515015
  113.40	13071959	608.520020
  114.30	13072211	608.525024
  112.95	13072465	608.530029
  113.85	13072716	608.534973
  115.26	13072969	608.539978
  113.40	13073222	608.544983
  113.40	13073475	608.549988
  114.30	13073726	608.554993
  112.95	13073979	608.559998
  113.85	13074231	608.565002
  113.40	13074484	608.570007
  113.85	13074736	608.575012
  113.40	13074989	608.580017
  113.40	13075240	608.585022
  113.40	13075493	608.590027
  113.85	13075745	608.594971
  114.80	13075998	608.599976
  113.85	13076250	608.604980
  113.40	13076503	608.609985
  113.40	13076755	608.614990
  112.95	13077007	608.619995
  113.85	13077259	608.625000
  113.40	13077513	608.630005
  113.85	13077764	608.635010
  113.40	13078017	608.640015
  113.85	13078269	608.645020
  113.40	13078522	608.650024
  113.85	13078774	608.655029
  113.40	13079027	608.659973
  114.80	13079279	608.664978
  113.40	13079532	608.669983
  114.30	13079783	608.674988
  112.95	13080037	608.679993
  113.85	13080288	608.684998
  113.85	13080541	608.690002
  113.40	13080794	608.695007
  113.40	13081047	608.700012
  114.30	13081298	608.705017
  112.95	13081552	608.710022
  114.30	13081804	608.715027
  113.40	13082057	608.719971
  115.26	13082309	608.724976
  113.40	13082562	608.729980
  113.85	13082814	608.734985
  113.40	13083067	608.739990
  113.85	13083319	608.744995
  113.40	13083572	608.750000
  113.85	13083824	608.755005
  113.40	13084077	608.760010
  113.85	13084329	608.765015
  113.40	13084582	608.770020
  114.30	13084834	608.775024
  112.95	13085088	608.780029
  113.85	13085339	608.784973
  114.80	13085592	608.789978
  114.30	13085845	608.794983
  113.40	13086098	608.799988
  113.85	13086350	608.804993
  113.40	13086603	608.809998
  113.85	13086855	608.815002
  113.40	13087108	608.820007
  113.85	13087360	608.825012
  113.40	13087614	608.830017
  113.85	13087865	608.835022
  113.85	13088119	608.840027
  113.85	13088371	608.844971
  114.80	13088624	608.849976
  113.85	13088876	608.854980
  113.40	13089129	608.859985
  113.85	13089381	608.864990
  113.40	13089635	608.869995
  114.30	13089886	608.875000
  113.40	13090140	608.880005
  113.85	13090392	608.885010
  113.40	13090645	608.890015
  113.85	13090897	608.895020
  112.95	13091151	608.900024
  114.30	13091402	608.905029
  113.40	13091656	608.909973
  115.26	13091908	608.914978
  113.40	13092161	608.919983
  114.30	13092413	608.924988
  112.95	13092667	608.929993
  114.30	13092919	608.934998
  113.40	13093172	608.940002
  113.85	13093424	608.945007
  113.40	13093677	608.950012
  113.85	13093929	608.955017
  113.40	13094182	608.960022
  113.85	13094434	608.965027
  112.95	13094687	608.969971
  115.71	13094938	608.974976
  113.40	13095192	608.979980
  113.85	13095444	608.984985
  113.40	13095697	608.989990
  113.85	13095949	608.994995
  112.95	13096202	609.000000
  114.30	13096454	609.005005
  113.40	13096707	609.010010
  113.85	13096959	609.015015
  113.40	13097212	609.020020
  113.85	13097463	609.025024
  113.40	13097717	609.030029
  113.40	13097969	609.034973
  114.80	13098222	609.039978
  114.30	13098473	609.044983
  112.95	13098727	609.049988
  113.85	13098978	609.054993
  113.40	13099231	609.059998
  113.85	13099483	609.065002
  112.95	13099737	609.070007
  114.30	13099988	609.075012
  112.95	13100242	609.080017
  113.85	13100494	609.085022
  113.85	13100747	609.090027
  113.85	13100999	609.094971
  114.80	13101252	609.099976
  113.85	13101504	609.104980
  113.40	13101757	609.109985
  113.85	13102009	609.114990
  112.95	13102262	609.119995
  113.85	13102513	609.125000
  113.40	13102766	609.130005
  113.85	13103018	609.135010
  112.95	13103270	609.140015
  113.85	13103522	609.145020
  112.95	13103775	609.150024
  113.85	13104026	609.155029
  113.40	13104279	609.159973
  115.26	13104531	609.164978
  112.95	13104784	609.169983
  114.30	13105035	609.174988
  112.95	13105288	609.179993
  113.40	13105539	609.184998
  113.40	13105792	609.190002
  113.85	13106044	609.195007
  112.95	13106297	609.200012
  113.85	13106548	609.205017
  113.40	13106801	609.210022
  113.85	13107053	609.215027
  112.95	13107305	609.219971
  115.26	13107557	609.224976
  113.40	13107810	609.229980
  113.40	13108061	609.234985
  113.40	13108314	609.239990
  113.85	13108566	609.244995
  112.95	13108819	609.250000
  113.85	13109070	609.255005
  113.40	13109323	609.260010
  113.85	13109575	609.265015
  113.40	13109828	609.270020
  113.40	13110079	609.275024
  112.95	13110332	609.280029
  113.85	13110584	609.284973
  114.80	13110837	609.289978
  113.85	13111088	609.294983
  112.95	13111342	609.299988
  113.85	13111593	609.304993
  113.40	13111846	609.309998
  113.85	13112098	609.315002
  112.95	13112351	609.320007
  113.85	13112602	609.325012
  112.95	13112856	609.330017
  113.85	13113107	609.335022
  113.40	13113360	609.340027
  113.85	13113612	609.344971
  114.80	13113865	609.349976
  113.85	13114117	609.354980
  113.40	13114369	609.359985
  113.85	13114621	609.364990
  112.95	13114874	609.369995
  113.85	13115126	609.375000
  113.40	13115379	609.380005
  113.40	13115631	609.385010
  112.95	13115884	609.390015
  114.30	13116135	609.395020
  112.95	13116389	609.400024
  113.85	13116640	609.405029
  113.40	13116893	609.409973
  115.26	13117145	609.414978
  113.40	13117399	609.419983
  113.85	13117650	609.424988
  113.40	13117904	609.429993
  114.30	13118156	609.434998
  112.95	13118409	609.440002
  114.30	13118660	609.445007
  113.40	13118914	609.450012
  113.85	13119166	609.455017
  113.40	13119419	609.460022
  113.85	13119671	609.465027
  112.95	13119924	609.469971
  115.26	13120176	609.474976
  113.40	13120429	609.479980
  113.85	13120681	609.484985
  113.40	13120934	609.489990
  113.85	13121186	609.494995
  113.40	13121439	609.500000
  113.85	13121691	609.505005
  113.40	13121944	609.510010
  113.85	13122196	609.515015
  112.95	13122449	609.520020
  113.85	13122701	609.525024
  113.40	13122954	609.530029
  113.85	13123206	609.534973
  114.80	13123459	609.539978
  114.30	13123711	609.544983
  112.95	13123964	609.549988
  113.85	13124216	609.554993
  113.40	13124469	609.559998
  113.85	13124721	609.565002
  113.40	13124974	609.570007
  113.85	13125226	609.575012
  113.40	13125479	609.580017
  113.85	13125731	609.585022
  113.40	13125984	609.590027
  113.85	13126236	609.594971
  114.80	13126489	609.599976
  113.40	13126741	609.604980
  113.85	13126994	609.609985
  113.85	13127246	609.614990
  112.95	13127499	609.619995
  114.30	13127750	609.625000
  112.95	13128004	609.630005
  114.30	13128256	609.635010
  113.40	13128509	609.640015
  113.85	13128761	609.645020
  113.40	13129014	609.650024
  113.85	13129266	609.655029
  113.40	13129519	609.659973
  115.26	13129771	609.664978
  113.40	13130024	609.669983
  113.85	13130275	609.674988
  113.40	13130529	609.679993
  113.85	13130780	609.684998
  112.95	13131033	609.690002
  113.85	13131285	609.695007
  113.40	13131538	609.700012
  113.40	13131789	609.705017
  113.40	13132042	609.710022
  114.30	13132294	609.715027
  112.95	13132547	609.719971
  115.26	13132799	609.724976
  113.40	13133052	609.729980
  113.85	13133304	609.734985
  112.95	13133556	609.739990
  113.85	13133808	609.744995
  113.40	13134061	609.750000
  113.85	13134313	609.755005
  113.40	13134566	609.760010
  113.85	13134818	609.765015
  112.95	13135071	609.770020
  113.85	13135322	609.775024
  113.40	13135575	609.780029
  113.85	13135827	609.784973
  114.35	13136080	609.789978
  113.85	13136332	609.794983
  112.95	13136585	609.799988
  113.85	13136837	609.804993
  113.40	13137090	609.809998
  113.85	13137342	609.815002
  112.95	13137595	609.820007
  113.85	13137846	609.825012
  113.40	13138099	609.830017
  113.85	13138351	609.835022
  113.40	13138604	609.840027
  113.85	13138856	609.844971
  114.80	13139109	609.849976
  113.85	13139361	609.854980
  113.40	13139614	609.859985
  113.85	13139866	609.864990
  112.95	13140119	609.869995
  114.30	13140370	609.875000
  113.40	13140624	609.880005
  113.85	13140876	609.885010
  112.95	13141129	609.890015
  114.30	13141380	609.895020
  112.95	13141634	609.900024
  113.85	13141885	609.905029
  113.40	13142138	609.909973
  115.71	13142390	609.914978
  112.95	13142644	609.919983
  113.85	13142895	609.924988
  113.40	13143148	609.929993
  113.85	13143400	609.934998
  113.40	13143653	609.940002
  114.30	13143905	609.945007
  112.95	13144159	609.950012
  113.85	13144410	609.955017
  113.40	13144663	609.960022
  114.30	13144916	609.965027
  113.40	13145169	609.969971
  115.26	13145421	609.974976
  113.40	13145674	609.979980
  113.85	13145926	609.984985
  113.40	13146179	609.989990
  114.30	13146431	609.994995
  113.40	13146685	610.000000
  113.85	13146937	610.005005
  113.40	13147190	610.010010
  113.85	13147442	610.015015
  113.40	13147696	610.020020
  113.85	13147947	610.025024
  113.40	13148201	610.030029
  114.30	13148453	610.034973
  114.80	13148706	610.039978
  113.85	13148958	610.044983
  113.40	13149211	610.049988
  113.85	13149463	610.054993
  113.40	13149716	610.059998
  114.30	13149968	610.065002
  112.95	13150222	610.070007
  113.85	13150473	610.075012
  113.85	13150727	610.080017
  113.85	13150979	610.085022
  112.95	13151232	610.090027
  114.30	13151483	610.094971
  114.35	13151737	610.099976
  113.85	13151989	610.104980
  113.85	13152242	610.109985
  113.85	13152493	610.114990
  112.95	13152747	610.119995
  113.85	13152998	610.125000
  113.85	13153251	610.130005
  113.85	13153503	610.135010
  112.95	13153757	610.140015
  113.85	13154008	610.145020
  113.40	13154261	610.150024
  113.40	13154513	610.155029
  113.40	13154766	610.159973
  115.71	13155018	610.164978
  112.95	13155272	610.169983
  113.85	13155523	610.174988
  113.85	13155777	610.179993
  113.85	13156029	610.184998
  112.95	13156282	610.190002
  113.40	13156533	610.195007
  113.85	13156787	610.200012
  113.85	13157039	610.205017
  112.95	13157292	610.210022
  114.30	13157544	610.215027
  113.40	13157797	610.219971
  114.80	13158049	610.224976
  113.85	13158302	610.229980
  113.85	13158553	610.234985
  112.95	13158806	610.239990
  113.85	13159058	610.244995
  113.40	13159311	610.250000
  113.85	13159563	610.255005
  112.95	13159816	610.260010
  113.85	13160067	610.265015
  113.40	13160320	610.270020
  113.85	13160572	610.275024
  113.40	13160825	610.280029
  113.85	13161077	610.284973
  114.35	13161329	610.289978
  113.85	13161581	610.294983
  113.40	13161834	610.299988
  113.40	13162085	610.304993
  113.40	13162338	610.309998
  113.85	13162590	610.315002
  112.95	13162843	610.320007
  113.85	13163094	610.325012
  113.40	13163347	610.330017
  113.85	13163599	610.335022
  112.95	13163852	610.340027
  114.30	13164103	610.344971
  114.35	13164356	610.349976
  113.85	13164608	610.354980
  113.40	13164861	610.359985
  113.85	13165112	610.364990
  112.95	13165366	610.369995
  113.40	13165617	610.375000
  113.40	13165870	610.380005
  114.30	13166122	610.385010
  112.95	13166375	610.390015
  113.85	13166627	610.395020
  113.40	13166880	610.400024
  113.85	13167132	610.405029
  113.40	13167385	610.409973
  115.71	13167637	610.414978
  112.95	13167891	610.419983
  113.85	13168142	610.424988
  113.40	13168396	610.429993
  114.30	13168648	610.434998
  113.40	13168901	610.440002
  113.85	13169153	610.445007
  113.40	13169406	610.450012
  113.85	13169658	610.455017
  113.40	13169912	610.460022
  114.30	13170163	610.465027
  112.95	13170417	610.469971
  115.71	13170669	610.474976
  113.40	13170922	610.479980
  114.30	13171174	610.484985
  112.95	13171428	610.489990
  114.30	13171680	610.494995
  113.40	13171933	610.500000
  113.85	13172185	610.505005
  113.40	13172439	610.510010
  114.30	13172690	610.515015
  113.40	13172944	610.520020
  113.85	13173196	610.525024
  113.40	13173449	610.530029
  114.30	13173701	610.534973
  114.35	13173955	610.539978
  114.30	13174207	610.544983
  113.40	13174460	610.549988
  113.85	13174713	610.554993
  112.95	13174966	610.559998
  114.30	13175218	610.565002
  113.40	13175472	610.570007
  113.85	13175723	610.575012
  113.85	13175977	610.580017
  113.85	13176229	610.585022
  113.40	13176483	610.590027
  114.30	13176734	610.594971
  114.80	13176988	610.599976
  113.85	13177240	610.604980
  113.40	13177494	610.609985
  114.30	13177745	610.614990
  113.40	13177999	610.619995
  113.85	13178251	610.625000
  113.40	13178504	610.630005
  114.30	13178756	610.635010
  112.95	13179010	610.640015
  113.85	13179261	610.645020
  113.85	13179515	610.650024
  113.85	13179767	610.655029
  113.40	13180020	610.659973
  115.71	13180272	610.664978
  112.95	13180526	610.669983
  113.85	13180778	610.674988
  112.95	13181031	610.679993
  114.30	13181283	610.684998
  113.40	13181536	610.690002
  113.85	13181788	610.695007
  113.40	13182041	610.700012
  114.30	13182294	610.705017
  112.95	13182547	610.710022
  114.30	13182798	610.715027
  112.95	13183052	610.719971
  115.71	13183304	610.724976
  113.40	13183557	610.729980
  113.85	13183809	610.734985
  113.40	13184062	610.739990
  113.85	13184314	610.744995
  113.40	13184567	610.750000
  113.85	13184819	610.755005
  112.95	13185072	610.760010
  114.30	13185324	610.765015
  113.40	13185577	610.770020
  113.85	13185829	610.775024
  113.40	13186082	610.780029
  113.85	13186334	610.784973
  114.80	13186587	610.789978
  113.85	13186839	610.794983
  113.40	13187091	610.799988
  113.40	13187343	610.804993
  113.40	13187596	610.809998
  113.85	13187848	610.815002
  113.40	13188101	610.820007
  113.85	13188353	610.825012
  112.95	13188605	610.830017
  113.85	13188857	610.835022
  113.40	13189110	610.840027
  113.85	13189362	610.844971
  114.80	13189614	610.849976
  113.85	13189866	610.854980
  112.95	13190119	610.859985
  113.85	13190371	610.864990
  113.40	13190624	610.869995
  113.85	13190876	610.875000
  113.40	13191129	610.880005
  113.85	13191380	610.885010
  112.95	13191634	610.890015
  113.85	13191885	610.895020
  113.40	13192138	610.900024
  113.85	13192390	610.905029
  113.40	13192643	610.909973
  115.26	13192895	610.914978
  113.40	13193148	610.919983
  113.85	13193400	610.924988
  113.40	13193653	610.929993
  113.85	13193905	610.934998
  113.40	13194158	610.940002
  113.85	13194410	610.945007
  113.40	13194663	610.950012
  113.85	13194915	610.955017
  113.40	13195168	610.960022
  113.85	13195420	610.965027
  113.40	13195673	610.969971
  115.26	13195925	610.974976
  113.40	13196178	610.979980
  113.85	13196430	610.984985
  113.40	13196684	610.989990
  113.85	13196935	610.994995
  113.40	13197188	611.000000
  114.30	13197441	611.005005
  112.95	13197694	611.010010
  114.30	13197945	611.015015
  113.40	13198199	611.020020
  113.40	13198451	611.025024
  113.40	13198704	611.030029
  114.30	13198955	611.034973
  114.35	13199209	611.039978
  113.85	13199461	611.044983
  113.40	13199714	611.049988
  113.85	13199966	611.054993
  113.40	13200219	611.059998
  113.85	13200471	611.065002
  113.40	13200724	611.070007
  113.85	13200976	611.075012
  113.40	13201229	611.080017
  114.30	13201481	611.085022
  113.40	13201735	611.090027
  113.40	13201987	611.094971
  114.80	13202240	611.099976
  113.85	13202492	611.104980
  112.95	13202746	611.109985
  114.30	13202997	611.114990
  113.40	13203251	611.119995
  113.85	13203503	611.125000
  113.40	13203757	611.130005
  114.30	13204008	611.135010
  113.40	13204262	611.140015
  113.85	13204514	611.145020
  113.40	13204767	611.150024
  114.30	13205020	611.155029
  112.95	13205273	611.159973
  115.71	13205525	611.164978
  113.85	13205779	611.169983
  113.85	13206031	611.174988
  113.40	13206284	611.179993
  114.30	13206536	611.184998
  112.95	13206790	611.190002
  114.30	13207042	611.195007
  113.40	13207295	611.200012
  113.85	13207547	611.205017
  112.95	13207801	611.210022
  114.30	13208053	611.215027
  113.40	13208306	611.219971
  115.26	13208558	611.224976
  113.40	13208811	611.229980
  113.85	13209063	611.234985
  113.85	13209317	611.239990
  113.40	13209569	611.244995
  113.40	13209821	611.250000
  114.30	13210073	611.255005
  112.95	13210327	611.260010
  114.30	13210578	611.265015
  113.40	13210832	611.270020
  113.85	13211084	611.275024
  113.40	13211337	611.280029
  114.30	13211589	611.284973
  114.35	13211843	611.289978
  114.30	13212095	611.294983
  112.95	13212348	611.299988
  114.30	13212600	611.304993
  113.40	13212853	611.309998
  113.85	13213105	611.315002
  113.40	13213358	611.320007
  114.30	13213611	611.325012
  112.95	13213864	611.330017
  114.30	13214116	611.335022
  113.40	13214369	611.340027
  113.85	13214621	611.344971
  114.80	13214874	611.349976
  113.85	13215126	611.354980
  113.40	13215379	611.359985
  113.85	13215631	611.364990
  113.40	13215884	611.369995
  113.85	13216136	611.375000
  113.40	13216389	611.380005
  113.85	13216641	611.385010
  113.40	13216894	611.390015
  113.85	13217146	611.395020
  113.40	13217399	611.400024
  113.85	13217651	611.405029