  173.84	1011337	25.865000
  172.55	1011723	25.870001
  173.84	1012106	25.875000
  172.55	1012492	25.879999
  173.90	1012876	25.885000
  172.49	1013262	25.889999
  173.90	1013645	25.895000
  172.49	1014031	25.900000
  173.90	1014414	25.905001
  172.49	1014800	25.910000
  173.90	1015184	25.915001
  172.94	1015569	25.920000
  173.90	1015952	25.924999
  172.55	1016338	25.930000
  173.84	1016722	25.934999
  172.55	1017107	25.940001
  173.84	1017489	25.945000
  172.10	1017874	25.950001
  173.39	1018257	25.955000
  172.55	1018643	25.959999
  173.90	1019026	25.965000
  172.49	1019412	25.969999
  173.45	1019796	25.975000
  172.94	1020179	25.980000
  173.00	1020562	25.985001
  172.49	1020948	25.990000
  173.90	1021331	25.995001
  172.49	1021716	26.000000
  173.90	1022100	26.004999
  172.55	1022485	26.010000
  173.39	1022869	26.014999
  173.00	1023254	26.020000
  173.39	1023638	26.025000
  172.55	1024023	26.030001
  173.84	1024407	26.035000
  172.55	1024792	26.040001
  173.84	1025176	26.045000
  172.55	1025561	26.049999
  173.45	1025945	26.055000
  172.94	1026330	26.059999
  173.90	1026713	26.065001
  172.49	1027097	26.070000
  173.00	1027480	26.075001
  172.49	1027866	26.080000
  173.90	1028249	26.084999
  172.55	1028635	26.090000
  173.84	1029018	26.094999
  172.55	1029404	26.100000
  173.39	1029787	26.105000
  173.00	1030173	26.110001
  173.84	1030557	26.115000
  172.55	1030942	26.120001
  173.39	1031325	26.125000
  172.55	1031711	26.129999
  173.90	1032094	26.135000
  172.94	1032479	26.139999
  173.45	1032863	26.145000
  172.94	1033248	26.150000
  173.45	1033632	26.155001
  172.49	1034017	26.160000
  173.90	1034401	26.165001
  172.94	1034786	26.170000
  173.45	1035170	26.174999
  172.55	1035555	26.180000
  173.84	1035939	26.184999
  172.55	1036324	26.190001
  173.84	1036708	26.195000
  172.55	1037093	26.200001
  173.39	1037476	26.205000
  173.00	1037860	26.209999
  173.00	1038243	26.215000
  172.49	1038629	26.219999
  173.90	1039012	26.225000
  172.49	1039398	26.230000
  173.90	1039781	26.235001
  172.94	1040165	26.240000
  172.55	1040548	26.245001
  172.49	1040934	26.250000
  173.90	1041318	26.254999
  172.55	1041703	26.260000
  173.84	1042087	26.264999
  172.55	1042472	26.270000
  173.39	1042856	26.275000
  172.55	1043241	26.280001
  173.39	1043624	26.285000
  173.00	1044010	26.290001
  173.84	1044393	26.295000
  172.10	1044778	26.299999
  173.45	1045161	26.305000
  172.49	1045546	26.309999
  173.45	1045930	26.315001
  172.49	1046313	26.320000
  173.00	1046696	26.325001
  172.04	1047081	26.330000
  173.90	1047465	26.334999
  172.55	1047850	26.340000
  173.39	1048233	26.344999
  172.55	1048619	26.350000
  173.84	1049002	26.355000
  172.55	1049387	26.360001
  173.84	1049770	26.365000
  172.55	1050155	26.370001
  173.39	1050538	26.375000
  172.55	1050924	26.379999
  173.45	1051307	26.385000
  172.94	1051690	26.389999
  172.55	1052073	26.395000
  172.49	1052458	26.400000
  173.45	1052841	26.405001
  172.04	1053226	26.410000
  173.45	1053609	26.415001
  172.49	1053995	26.420000
  173.90	1054378	26.424999
  172.55	1054763	26.430000
  173.39	1055146	26.434999
  172.55	1055531	26.440001
  173.84	1055912	26.445000
  171.65	1056295	26.450001
  172.49	1056678	26.455000
  172.55	1057063	26.459999
  173.45	1057446	26.465000
  172.49	1057832	26.469999
  173.45	1058215	26.475000
  172.49	1058600	26.480000
  173.45	1058981	26.485001
  171.58	1059364	26.490000
  172.55	1059745	26.495001
  171.58	1060128	26.500000
  172.55	1060509	26.504999
  171.20	1060894	26.510000
  173.39	1061277	26.514999
  172.10	1061662	26.520000
  173.84	1062043	26.525000
  171.65	1062428	26.530001
  173.39	1062811	26.535000
  172.55	1063196	26.540001
  173.39	1063579	26.545000
  172.55	1063965	26.549999
  173.45	1064348	26.555000
  172.49	1064733	26.559999
  173.45	1065117	26.565001
  172.49	1065502	26.570000
  173.45	1065883	26.575001
  171.58	1066268	26.580000
  173.90	1066651	26.584999
  172.55	1067036	26.590000
  173.39	1067419	26.594999
  172.55	1067805	26.600000
  173.39	1068188	26.605000
  172.55	1068573	26.610001
  173.39	1068956	26.615000
  172.55	1069342	26.620001
  173.84	1069725	26.625000
  172.10	1070110	26.629999
  173.90	1070493	26.635000
  172.04	1070879	26.639999
  173.90	1071262	26.645000
  172.49	1071647	26.650000
  173.45	1072030	26.655001
  172.49	1072415	26.660000
  173.45	1072797	26.665001
  172.49	1073182	26.670000
  173.45	1073565	26.674999
  172.55	1073950	26.680000
  173.39	1074333	26.684999
  172.55	1074718	26.690001
  173.39	1075101	26.695000
  172.10	1075486	26.700001
  173.39	1075869	26.705000
  172.10	1076253	26.709999
  173.45	1076636	26.715000
  172.49	1077021	26.719999
  173.45	1077404	26.725000
  172.49	1077788	26.730000
  173.45	1078171	26.735001
  172.04	1078556	26.740000
  173.45	1078938	26.745001
  172.49	1079323	26.750000
  173.45	1079706	26.754999
  172.55	1080091	26.760000
  173.39	1080474	26.764999
  172.10	1080859	26.770000
  173.39	1081241	26.775000
  172.10	1081626	26.780001
  173.39	1082009	26.785000
  172.55	1082394	26.790001
  173.39	1082777	26.795000
  172.10	1083160	26.799999
  172.55	1083543	26.805000
  172.49	1083928	26.809999
  173.45	1084310	26.815001
  172.49	1084695	26.820000
  173.45	1085078	26.825001
  172.49	1085463	26.830000
  173.45	1085845	26.834999
  172.10	1086231	26.840000
  173.39	1086613	26.844999
  172.55	1086998	26.850000
  173.39	1087381	26.855000
  172.55	1087767	26.860001
  173.39	1088150	26.865000
  172.55	1088535	26.870001
  173.39	1088918	26.875000
  172.55	1089303	26.879999
  173.45	1089686	26.885000
  172.49	1090071	26.889999
  173.45	1090453	26.895000
  172.49	1090839	26.900000
  173.90	1091221	26.905001
  172.04	1091606	26.910000
  173.45	1091989	26.915001
  172.49	1092375	26.920000
  173.45	1092757	26.924999
  172.10	1093142	26.930000
  173.39	1093525	26.934999
  172.55	1093910	26.940001
  173.39	1094293	26.945000
  172.55	1094678	26.950001
  173.39	1095061	26.955000
  172.55	1095446	26.959999
  173.45	1095828	26.965000
  172.49	1096213	26.969999
  173.45	1096596	26.975000
  172.49	1096982	26.980000
  173.90	1097365	26.985001
  172.04	1097748	26.990000
  173.00	1098131	26.995001
  172.04	1098516	27.000000
  173.45	1098899	27.004999
  173.00	1099284	27.010000
  172.94	1099667	27.014999
  172.55	1100053	27.020000
  173.39	1100435	27.025000
  172.10	1100820	27.030001
  173.84	1101203	27.035000
  172.10	1101588	27.040001
  173.39	1101971	27.045000
  172.55	1102356	27.049999
  173.45	1102739	27.055000
  172.04	1103124	27.059999
  173.45	1103506	27.065001
  172.49	1103892	27.070000
  173.45	1104275	27.075001
  172.49	1104660	27.080000
  173.45	1105043	27.084999
  172.55	1105426	27.090000
  172.49	1105807	27.094999
  171.65	1106190	27.100000
  172.49	1106571	27.105000
  171.65	1106956	27.110001
  173.39	1107339	27.115000
  173.00	1107724	27.120001
  173.39	1108107	27.125000
  172.55	1108492	27.129999
  173.45	1108875	27.135000
  172.49	1109260	27.139999
  173.45	1109644	27.145000
  172.94	1110029	27.150000
  173.00	1110412	27.155001
  172.94	1110798	27.160000
  173.45	1111181	27.165001
  172.04	1111566	27.170000
  173.90	1111949	27.174999
  172.10	1112334	27.180000
  173.84	1112717	27.184999
  172.55	1113102	27.190001
  173.39	1113485	27.195000
  172.55	1113870	27.200001
  173.39	1114253	27.205000
  172.10	1114639	27.209999
  173.90	1115022	27.215000
  172.49	1115407	27.219999
  173.00	1115790	27.225000
  172.94	1116176	27.230000
  173.45	1116559	27.235001
  172.49	1116944	27.240000
  173.45	1117327	27.245001
  172.04	1117712	27.250000
  173.90	1118095	27.254999
  172.10	1118480	27.260000
  173.84	1118863	27.264999
  172.55	1119249	27.270000
  172.94	1119632	27.275000
  173.00	1120017	27.280001
  173.39	1120400	27.285000
  172.55	1120785	27.290001
  173.39	1121168	27.295000
  172.55	1121553	27.299999
  173.00	1121936	27.305000
  172.94	1122322	27.309999
  173.45	1122703	27.315001
  171.58	1123088	27.320000
  173.90	1123471	27.325001
  172.04	1123856	27.330000
  173.90	1124239	27.334999
  172.55	1124625	27.340000
  173.39	1125008	27.344999
  172.55	1125393	27.350000
  173.84	1125776	27.355000
  172.55	1126161	27.360001
  173.39	1126542	27.365000
  171.65	1126927	27.370001
  173.39	1127310	27.375000
  172.55	1127695	27.379999
  173.45	1128078	27.385000
  172.04	1128464	27.389999
  173.90	1128847	27.395000
  172.49	1129232	27.400000
  173.45	1129615	27.405001
  172.49	1130000	27.410000
  173.45	1130383	27.415001
  172.49	1130768	27.420000
  173.90	1131151	27.424999
  172.10	1131536	27.430000
  173.84	1131919	27.434999
  172.55	1132302	27.440001
  172.04	1132683	27.445000
  171.65	1133068	27.450001
  173.39	1133451	27.455000
  172.10	1133836	27.459999
  173.45	1134219	27.465000
  172.49	1134604	27.469999
  173.45	1134987	27.475000
  172.49	1135372	27.480000
  173.45	1135755	27.485001
  172.94	1136140	27.490000
  173.00	1136523	27.495001
  172.94	1136906	27.500000
  172.55	1137289	27.504999
  172.55	1137674	27.510000
  172.94	1138056	27.514999
  172.55	1138442	27.520000
  173.39	1138824	27.525000
  172.55	1139209	27.530001
  173.39	1139592	27.535000
  172.10	1139977	27.540001
  173.39	1140360	27.545000
  172.10	1140745	27.549999
  173.45	1141128	27.555000
  172.49	1141513	27.559999
  173.45	1141896	27.565001
  172.49	1142281	27.570000
  173.45	1142664	27.575001
  172.49	1143050	27.580000
  173.90	1143431	27.584999
  171.65	1143816	27.590000
  173.39	1144199	27.594999
  172.55	1144585	27.600000
  173.39	1144968	27.605000
  172.55	1145353	27.610001
  173.39	1145736	27.615000
  172.55	1146121	27.620001
  173.39	1146504	27.625000
  172.55	1146889	27.629999
  173.45	1147272	27.635000
  172.04	1147657	27.639999
  173.90	1148040	27.645000
  172.04	1148423	27.650000
  173.00	1148806	27.655001
  172.04	1149191	27.660000
  173.45	1149574	27.665001
  172.49	1149960	27.670000
  173.45	1150341	27.674999
  171.20	1150726	27.680000
  173.39	1151109	27.684999
  172.55	1151495	27.690001
  173.39	1151878	27.695000
  172.55	1152263	27.700001
  173.39	1152646	27.705000
  172.55	1153031	27.709999
  173.45	1153414	27.715000
  172.49	1153799	27.719999
  173.45	1154180	27.725000
  171.58	1154565	27.730000
  173.45	1154948	27.735001
  172.49	1155333	27.740000
  173.00	1155716	27.745001
  172.94	1156101	27.750000
  173.45	1156484	27.754999
  172.10	1156869	27.760000
  173.39	1157253	27.764999
  172.55	1157637	27.770000
  172.94	1158020	27.775000
  172.55	1158405	27.780001
  173.39	1158787	27.785000
  172.10	1159172	27.790001
  173.39	1159554	27.795000
  172.55	1159939	27.799999
  173.45	1160322	27.805000
  172.49	1160707	27.809999
  173.00	1161089	27.815001
  172.04	1161472	27.820000
  172.10	1161855	27.825001
  172.49	1162240	27.830000
  173.45	1162622	27.834999
  172.10	1163007	27.840000
  173.39	1163390	27.844999
  172.55	1163774	27.850000
  172.94	1164157	27.855000
  172.55	1164542	27.860001
  173.39	1164924	27.865000
  172.55	1165309	27.870001
  173.39	1165692	27.875000
  172.10	1166075	27.879999
  172.55	1166458	27.885000
  172.49	1166843	27.889999
  173.45	1167226	27.895000
  172.49	1167611	27.900000
  173.45	1167994	27.905001
  172.04	1168379	27.910000
  173.90	1168762	27.915001
  172.49	1169147	27.920000
  173.45	1169529	27.924999
  172.55	1169914	27.930000
  173.39	1170297	27.934999
  172.55	1170682	27.940001
  173.39	1171065	27.945000
  172.10	1171450	27.950001
  173.39	1171831	27.955000
  171.65	1172216	27.959999
  173.45	1172599	27.965000
  172.04	1172984	27.969999
  173.45	1173365	27.975000
  171.58	1173750	27.980000
  173.45	1174133	27.985001
  172.49	1174518	27.990000
  173.45	1174901	27.995001
  172.94	1175286	28.000000
  173.45	1175669	28.004999
  172.55	1176055	28.010000
  173.39	1176437	28.014999
  172.55	1176823	28.020000
  173.39	1177206	28.025000
  173.00	1177591	28.030001
  173.39	1177974	28.035000
  172.55	1178359	28.040001
  173.39	1178742	28.045000
  172.55	1179127	28.049999
  173.45	1179510	28.055000
  172.04	1179896	28.059999
  173.90	1180279	28.065001
  172.49	1180664	28.070000
  173.45	1181047	28.075001
  172.49	1181432	28.080000
  173.45	1181815	28.084999
  172.55	1182200	28.090000
  173.39	1182582	28.094999
  172.55	1182967	28.100000
  173.39	1183350	28.105000
  172.55	1183735	28.110001
  173.39	1184118	28.115000
  172.55	1184503	28.120001
  173.39	1184886	28.125000
  172.10	1185271	28.129999
  173.45	1185654	28.135000
  172.49	1186039	28.139999
  173.45	1186421	28.145000
  172.04	1186806	28.150000
  173.45	1187189	28.155001
  172.49	1187573	28.160000
  173.45	1187956	28.165001
  172.04	1188341	28.170000
  173.90	1188724	28.174999
  172.55	1189109	28.180000
  173.39	1189491	28.184999
  172.10	1189877	28.190001
  173.39	1190260	28.195000
  172.55	1190645	28.200001
  173.39	1191028	28.205000
  172.55	1191413	28.209999
  173.45	1191796	28.215000
  172.49	1192181	28.219999
  173.90	1192564	28.225000
  172.04	1192949	28.230000
  173.90	1193330	28.235001
  171.58	1193715	28.240000
  173.00	1194098	28.245001
  172.49	1194483	28.250000
  173.00	1194865	28.254999
  172.55	1195251	28.260000
  173.39	1195634	28.264999
  172.55	1196019	28.270000
  173.39	1196400	28.275000
  171.65	1196785	28.280001
  172.94	1197168	28.285000
  172.55	1197553	28.290001
  173.39	1197936	28.295000
  172.55	1198321	28.299999
  173.45	1198704	28.305000
  172.49	1199087	28.309999
  172.55	1199470	28.315001
  172.94	1199855	28.320000
  173.00	1200238	28.325001
  172.94	1200623	28.330000
  173.45	1201004	28.334999
  171.20	1201389	28.340000
  173.84	1201772	28.344999
  172.10	1202157	28.350000
  173.39	1202540	28.355000
  173.00	1202925	28.360001
  172.94	1203309	28.365000
  173.00	1203694	28.370001
  173.39	1204077	28.375000
  172.55	1204462	28.379999
  173.00	1204845	28.385000
  172.49	1205230	28.389999
  173.90	1205613	28.395000
  172.49	1205998	28.400000
  173.45	1206381	28.405001
  172.49	1206766	28.410000
  173.45	1207149	28.415001
  172.49	1207535	28.420000
  173.45	1207916	28.424999
  171.65	1208301	28.430000
  173.39	1208684	28.434999
  172.55	1209069	28.440001
  173.39	1209452	28.445000
  172.55	1209837	28.450001
  173.39	1210220	28.455000
  172.55	1210605	28.459999
  173.45	1210988	28.465000
  172.94	1211373	28.469999
  173.45	1211756	28.475000
  172.49	1212141	28.480000
  173.45	1212524	28.485001
  172.49	1212910	28.490000
  173.45	1213293	28.495001
  172.49	1213676	28.500000
  172.55	1214059	28.504999
  172.55	1214444	28.510000
  173.39	1214827	28.514999
  172.55	1215212	28.520000
  173.39	1215595	28.525000
  172.55	1215980	28.530001
  173.39	1216363	28.535000
  173.00	1216746	28.540001
  172.49	1217129	28.545000
  172.10	1217514	28.549999
  173.90	1217896	28.555000
  172.04	1218281	28.559999
  173.45	1218664	28.565001
  172.04	1219049	28.570000
  173.45	1219432	28.575001
  172.49	1219817	28.580000
  173.45	1220200	28.584999
  172.55	1220585	28.590000
  173.39	1220968	28.594999
  172.55	1221353	28.600000
  173.39	1221735	28.605000
  172.10	1222120	28.610001
  173.84	1222503	28.615000
  172.55	1222888	28.620001
  173.39	1223271	28.625000
  172.55	1223656	28.629999
  173.45	1224037	28.635000
  171.58	1224422	28.639999
  173.45	1224805	28.645000
  172.04	1225190	28.650000
  173.45	1225571	28.655001
  171.13	1225956	28.660000
  173.45	1226339	28.665001
  172.49	1226724	28.670000
  173.45	1227107	28.674999
  173.00	1227492	28.680000
  172.94	1227875	28.684999
  172.55	1228260	28.690001
  173.84	1228643	28.695000
  172.55	1229028	28.700001
  172.94	1229411	28.705000
  172.55	1229796	28.709999
  173.00	1230179	28.715000
  172.94	1230564	28.719999
  173.45	1230947	28.725000
  172.49	1231333	28.730000
  173.45	1231716	28.735001
  172.49	1232101	28.740000
  173.00	1232484	28.745001
  172.49	1232869	28.750000
  173.45	1233252	28.754999
  172.55	1233638	28.760000
  173.39	1234021	28.764999
  172.55	1234406	28.770000
  173.84	1234789	28.775000
  172.55	1235175	28.780001
  173.39	1235558	28.785000
  172.55	1235943	28.790001
  173.39	1236326	28.795000
  172.55	1236712	28.799999
  173.45	1237095	28.805000
  172.49	1237480	28.809999
  173.45	1237863	28.815001
  172.49	1238248	28.820000
  173.90	1238632	28.825001
  172.49	1239017	28.830000
  173.90	1239400	28.834999
  172.55	1239785	28.840000
  173.39	1240168	28.844999
  172.55	1240553	28.850000
  173.39	1240936	28.855000
  172.55	1241322	28.860001
  173.39	1241705	28.865000
  173.00	1242090	28.870001
  172.94	1242473	28.875000
  173.00	1242859	28.879999
  173.45	1243242	28.885000
  172.49	1243625	28.889999
  172.55	1244006	28.895000
  171.58	1244389	28.900000
  173.00	1244772	28.905001
  172.04	1245157	28.910000
  173.90	1245540	28.915001
  172.49	1245925	28.920000
  173.45	1246308	28.924999
  172.55	1246694	28.930000
  173.39	1247075	28.934999
  172.10	1247460	28.940001
  172.94	1247843	28.945000
  172.55	1248229	28.950001
  173.39	1248612	28.955000
  172.55	1248997	28.959999
  173.90	1249381	28.965000
  172.49	1249766	28.969999
  173.45	1250149	28.975000
  172.94	1250534	28.980000
  173.45	1250918	28.985001
  172.49	1251301	28.990000
  173.00	1251684	28.995001
  172.49	1252069	29.000000
  173.45	1252453	29.004999
  173.00	1252838	29.010000
  173.39	1253221	29.014999
  172.55	1253607	29.020000
  173.84	1253990	29.025000
  172.55	1254376	29.030001
  173.39	1254759	29.035000
  173.00	1255144	29.040001
  172.94	1255527	29.045000
  173.00	1255912	29.049999
  173.45	1256295	29.055000
  172.49	1256681	29.059999
  173.45	1257063	29.065001
  172.49	1257449	29.070000
  173.90	1257832	29.075001
  172.49	1258217	29.080000
  173.45	1258600	29.084999
  172.55	1258985	29.090000
  172.94	1259368	29.094999
  173.00	1259754	29.100000
  173.39	1260137	29.105000
  172.10	1260522	29.110001
  173.39	1260905	29.115000
  172.55	1261290	29.120001
  173.39	1261673	29.125000
  172.55	1262058	29.129999
  173.90	1262439	29.135000
  171.13	1262824	29.139999
  173.90	1263207	29.145000
  172.49	1263592	29.150000
  173.45	1263975	29.155001
  172.49	1264361	29.160000
  173.45	1264744	29.165001
  172.49	1265129	29.170000
  173.90	1265512	29.174999
  172.10	1265898	29.180000
  173.84	1266281	29.184999
  172.55	1266666	29.190001
  173.39	1267049	29.195000
  173.00	1267434	29.200001
  172.94	1267817	29.205000
  173.00	1268203	29.209999
  173.90	1268586	29.215000
  172.04	1268971	29.219999
  173.90	1269354	29.225000
  172.49	1269740	29.230000
  173.90	1270121	29.235001
  171.58	1270506	29.240000
  173.45	1270889	29.245001
  172.49	1271273	29.250000
  172.55	1271656	29.254999
  172.55	1272041	29.260000
  173.39	1272425	29.264999
  172.55	1272808	29.270000
  172.94	1273191	29.275000
  172.55	1273576	29.280001
  173.39	1273960	29.285000
  172.55	1274343	29.290001
  172.94	1274726	29.295000
  172.55	1275111	29.299999
  173.45	1275495	29.305000
  172.94	1275880	29.309999
  173.00	1276263	29.315001
  172.49	1276647	29.320000
  172.55	1277030	29.325001
  172.49	1277416	29.330000
  173.90	1277799	29.334999
  173.00	1278185	29.340000
  173.39	1278566	29.344999
  171.65	1278951	29.350000
  173.84	1279335	29.355000
  172.55	1279718	29.360001
  172.94	1280101	29.365000
  172.55	1280487	29.370001
  173.84	1280870	29.375000
  172.55	1281256	29.379999
  173.90	1281639	29.385000
  172.49	1282025	29.389999
  173.90	1282408	29.395000
  172.49	1282794	29.400000
  173.45	1283177	29.405001
  172.49	1283563	29.410000
  173.90	1283946	29.415001
  172.94	1284330	29.420000
  173.00	1284713	29.424999
  172.55	1285099	29.430000
  173.84	1285482	29.434999
  172.55	1285868	29.440001
  173.84	1286251	29.445000
  172.55	1286637	29.450001
  173.39	1287020	29.455000
  173.00	1287406	29.459999
  173.45	1287789	29.465000
  172.04	1288175	29.469999
  173.90	1288558	29.475000
  172.49	1288943	29.480000
  173.00	1289327	29.485001
  172.94	1289712	29.490000
  173.90	1290096	29.495001
  172.49	1290481	29.500000
  173.90	1290864	29.504999
  172.55	1291250	29.510000
  173.39	1291633	29.514999
  173.00	1292018	29.520000
  173.39	1292402	29.525000
  173.00	1292787	29.530001
  173.39	1293170	29.535000
  172.55	1293556	29.540001
  173.39	1293939	29.545000
  172.55	1294325	29.549999
  173.90	1294708	29.555000
  172.49	1295093	29.559999
  173.45	1295476	29.565001
  172.94	1295862	29.570000
  173.45	1296245	29.575001
  172.04	1296630	29.580000
  173.90	1297014	29.584999
  173.00	1297399	29.590000
  173.39	1297782	29.594999
  172.55	1298167	29.600000
  173.39	1298550	29.605000
  172.55	1298935	29.610001
  173.39	1299318	29.615000
  172.10	1299703	29.620001
  173.39	1300086	29.625000
  172.55	1300471	29.629999
  173.45	1300854	29.635000
  172.49	1301239	29.639999
  173.45	1301622	29.645000
  172.49	1302007	29.650000
  173.45	1302390	29.655001
  172.49	1302775	29.660000
  173.45	1303158	29.665001
  172.49	1303543	29.670000
  173.45	1303926	29.674999
  172.55	1304311	29.680000
  173.39	1304694	29.684999
  172.55	1305079	29.690001
  173.39	1305462	29.695000
  172.10	1305848	29.700001
  173.84	1306231	29.705000
  172.55	1306616	29.709999
  173.45	1306999	29.715000
  172.49	1307383	29.719999
  173.45	1307766	29.725000
  172.04	1308151	29.730000
  173.45	1308534	29.735001
  172.49	1308919	29.740000
  173.00	1309301	29.745001
  172.49	1309686	29.750000
  173.45	1310069	29.754999
  172.10	1310452	29.760000
  172.49	1310835	29.764999
  172.55	1311219	29.770000
  172.94	1311602	29.775000
  172.55	1311987	29.780001
  173.39	1312369	29.785000
  172.10	1312754	29.790001
  173.39	1313137	29.795000
  172.10	1313521	29.799999
  173.45	1313902	29.805000
  171.58	1314287	29.809999
  173.00	1314669	29.815001
  172.49	1315054	29.820000
  173.00	1315435	29.825001
  171.58	1315820	29.830000
  173.45	1316202	29.834999
  172.55	1316587	29.840000
  172.94	1316970	29.844999
  172.10	1317355	29.850000
  173.39	1317736	29.855000
  171.65	1318121	29.860001
  173.39	1318503	29.865000
  172.10	1318888	29.870001
  173.39	1319271	29.875000
  172.55	1319656	29.879999
  173.45	1320038	29.885000
  172.49	1320423	29.889999
  173.45	1320806	29.895000
  172.49	1321191	29.900000
  173.45	1321574	29.905001
  172.49	1321959	29.910000
  173.00	1322340	29.915001
  172.04	1322725	29.920000
  173.00	1323107	29.924999
  172.55	1323492	29.930000
  172.94	1323875	29.934999
  172.55	1324260	29.940001
  173.39	1324642	29.945000
  172.10	1325027	29.950001
  173.39	1325409	29.955000
  172.10	1325793	29.959999
  173.00	1326173	29.965000
  171.13	1326555	29.969999
  172.10	1326935	29.975000
  171.13	1327319	29.980000
  173.45	1327701	29.985001
  171.58	1328086	29.990000
  173.00	1328468	29.995001
  172.04	1328852	30.000000
  173.00	1329235	30.004999
  172.10	1329619	30.010000
  173.39	1330001	30.014999
  172.10	1330386	30.020000
  173.39	1330768	30.025000
  172.10	1331152	30.030001
  172.94	1331535	30.035000
  172.55	1331919	30.040001
  173.39	1332302	30.045000
  172.10	1332686	30.049999
  173.00	1333067	30.055000
  171.58	1333452	30.059999
  173.00	1333834	30.065001
  172.04	1334219	30.070000
  173.45	1334600	30.075001
  171.58	1334985	30.080000
  173.45	1335367	30.084999
  172.10	1335752	30.090000
  173.39	1336134	30.094999
  172.10	1336519	30.100000
  173.39	1336901	30.105000
  172.10	1337286	30.110001
  172.94	1337668	30.115000
  172.55	1338053	30.120001
  173.39	1338435	30.125000
  172.10	1338820	30.129999
  173.45	1339203	30.135000
  172.04	1339588	30.139999
  173.45	1339971	30.145000
  172.49	1340356	30.150000
  173.45	1340738	30.155001
  172.04	1341123	30.160000
  173.45	1341506	30.165001
  172.04	1341891	30.170000
  173.00	1342273	30.174999
  172.10	1342658	30.180000
  173.39	1343040	30.184999
  172.55	1343425	30.190001
  173.39	1343808	30.195000
  172.10	1344192	30.200001
  173.39	1344575	30.205000
  172.10	1344960	30.209999
  173.00	1345341	30.215000
  171.58	1345726	30.219999
  173.45	1346108	30.225000
  172.04	1346493	30.230000
  173.45	1346876	30.235001
  172.49	1347261	30.240000
  173.45	1347643	30.245001
  172.04	1348028	30.250000
  173.45	1348411	30.254999
  172.55	1348796	30.260000
  173.39	1349178	30.264999
  172.55	1349563	30.270000
  173.39	1349946	30.275000
  172.55	1350331	30.280001
  173.39	1350714	30.285000
  172.55	1351099	30.290001
  173.39	1351480	30.295000
  171.20	1351865	30.299999
  173.45	1352248	30.305000
  172.49	1352633	30.309999
  173.45	1353016	30.315001
  172.49	1353399	30.320000
  172.55	1353782	30.325001
  172.49	1354167	30.330000
  173.45	1354550	30.334999
  172.55	1354935	30.340000
  173.39	1355317	30.344999
  172.55	1355702	30.350000
  173.39	1356085	30.355000
  172.10	1356468	30.360001
  172.49	1356851	30.365000
  172.55	1357236	30.370001
  173.39	1357619	30.375000
  172.55	1358003	30.379999
  173.00	1358386	30.385000
  172.04	1358771	30.389999
  173.45	1359152	30.395000
  171.58	1359537	30.400000
  173.45	1359919	30.405001
  172.49	1360304	30.410000
  173.45	1360687	30.415001
  172.04	1361072	30.420000
  173.90	1361455	30.424999
  172.10	1361839	30.430000
  173.84	1362222	30.434999
  172.10	1362607	30.440001
  173.39	1362990	30.445000
  172.55	1363374	30.450001
  172.49	1363755	30.455000
  171.65	1364140	30.459999
  173.00	1364523	30.465000
  172.94	1364909	30.469999
  173.45	1365291	30.475000
  172.49	1365677	30.480000
  173.45	1366060	30.485001
  172.49	1366445	30.490000
  173.90	1366828	30.495001
  172.49	1367211	30.500000
  172.55	1367594	30.504999
  172.55	1367979	30.510000
  173.39	1368362	30.514999
  172.55	1368747	30.520000
  173.39	1369130	30.525000
  172.10	1369516	30.530001
  173.39	1369899	30.535000
  172.55	1370284	30.540001
  173.39	1370667	30.545000
  172.55	1371052	30.549999
  173.45	1371435	30.555000
  172.49	1371820	30.559999
  173.90	1372201	30.565001
  171.13	1372586	30.570000
  173.90	1372969	30.575001
  172.94	1373355	30.580000
  173.45	1373738	30.584999
  172.55	1374123	30.590000
  173.39	1374507	30.594999
  172.55	1374890	30.600000
  172.49	1375273	30.605000
  172.55	1375658	30.610001
  173.39	1376042	30.615000
  173.00	1376427	30.620001
  173.39	1376808	30.625000
  171.65	1377193	30.629999
  173.90	1377576	30.635000
  172.49	1377961	30.639999
  173.45	1378344	30.645000
  172.49	1378730	30.650000
  173.90	1379113	30.655001
  172.49	1379499	30.660000
  173.90	1379880	30.665001
  171.13	1380265	30.670000
  173.90	1380649	30.674999
  172.55	1381034	30.680000
  173.39	1381417	30.684999
  173.00	1381803	30.690001
  173.39	1382184	30.695000
  171.65	1382567	30.700001
  172.49	1382950	30.705000
  172.55	1383335	30.709999
  173.45	1383717	30.715000
  172.49	1384102	30.719999
  173.45	1384483	30.725000
  171.58	1384868	30.730000
  173.45	1385251	30.735001
  172.04	1385636	30.740000
  173.45	1386019	30.745001
  172.49	1386404	30.750000
  173.45	1386785	30.754999
  171.65	1387170	30.760000
  173.39	1387553	30.764999
  172.55	1387936	30.770000
  172.49	1388317	30.775000
  171.65	1388702	30.780001
  173.39	1389085	30.785000
  172.55	1389469	30.790001
  173.39	1389852	30.795000
  172.55	1390237	30.799999
  173.00	1390620	30.805000
  172.49	1391005	30.809999
  173.00	1391388	30.815001
  172.04	1391773	30.820000
  173.45	1392156	30.825001
  172.49	1392540	30.830000
  173.00	1392923	30.834999
  172.55	1393308	30.840000
  173.39	1393691	30.844999
  172.10	1394075	30.850000
  173.39	1394458	30.855000
  172.10	1394843	30.860001
  173.39	1395225	30.865000
  172.55	1395610	30.870001
  173.39	1395993	30.875000
  172.55	1396378	30.879999
  173.45	1396761	30.885000
  172.49	1397146	30.889999
  173.45	1397529	30.895000
  172.04	1397914	30.900000
  173.90	1398298	30.905001
  172.49	1398683	30.910000
  173.45	1399066	30.915001
  172.49	1399451	30.920000
  173.90	1399834	30.924999
  172.10	1400219	30.930000
  173.84	1400603	30.934999
  172.55	1400988	30.940001
  173.39	1401371	30.945000
  173.00	1401756	30.950001
  173.84	1402139	30.955000
  172.10	1402523	30.959999
  173.00	1402906	30.965000
  172.49	1403292	30.969999
  173.45	1403675	30.975000
  172.94	1404061	30.980000
  173.45	1404444	30.985001
  172.49	1404829	30.990000
  173.90	1405213	30.995001
  172.49	1405598	31.000000
  173.90	1405981	31.004999
  172.55	1406367	31.010000
  173.84	1406750	31.014999
  172.55	1407136	31.020000
  173.39	1407519	31.025000
  173.00	1407904	31.030001
  173.39	1408288	31.035000
  172.55	1408673	31.040001
  173.39	1409057	31.045000
  173.00	1409443	31.049999
  173.45	1409826	31.055000
  172.94	1410210	31.059999
  172.55	1410593	31.065001
  172.49	1410977	31.070000
  172.55	1411360	31.075001
  172.49	1411746	31.080000
  173.45	1412129	31.084999
  173.00	1412515	31.090000
  173.39	1412898	31.094999
  173.00	1413284	31.100000
  173.84	1413667	31.105000
  172.55	1414053	31.110001
  173.84	1414436	31.115000
  172.10	1414822	31.120001
  173.39	1415205	31.125000
  173.00	1415591	31.129999
  173.45	1415974	31.135000
  172.49	1416360	31.139999
  173.90	1416743	31.145000
  172.49	1417128	31.150000
  173.90	1417512	31.155001
  172.94	1417897	31.160000
  173.45	1418281	31.165001
  172.94	1418666	31.170000
  173.45	1419050	31.174999
  172.10	1419435	31.180000
  173.84	1419818	31.184999
  172.55	1420204	31.190001
  173.39	1420587	31.195000
  172.55	1420973	31.200001
  173.39	1421356	31.205000
  173.00	1421742	31.209999
  173.45	1422125	31.215000
  172.49	1422510	31.219999
  173.90	1422894	31.225000
  172.94	1423279	31.230000
  173.45	1423662	31.235001
  172.49	1424048	31.240000
  173.90	1424431	31.245001
  172.49	1424816	31.250000
  173.45	1425200	31.254999
  172.10	1425585	31.260000
  173.39	1425968	31.264999
  172.55	1426353	31.270000
  172.94	1426736	31.275000
  172.55	1427121	31.280001
  173.39	1427504	31.285000
  172.55	1427889	31.290001
  173.39	1428272	31.295000
  172.55	1428655	31.299999
  173.00	1429036	31.305000
  171.58	1429421	31.309999
  173.45	1429804	31.315001
  172.49	1430187	31.320000
  172.55	1430570	31.325001
  172.49	1430955	31.330000
  173.45	1431338	31.334999
  172.10	1431724	31.340000
  173.84	1432107	31.344999
  172.55	1432492	31.350000
  173.84	1432875	31.355000
  172.10	1433261	31.360001
  173.84	1433644	31.365000
  172.55	1434029	31.370001
  173.39	1434412	31.375000
  172.55	1434797	31.379999
  173.90	1435181	31.385000
  172.94	1435566	31.389999
  173.45	1435949	31.395000
  172.49	1436334	31.400000
  173.45	1436717	31.405001
  172.49	1437103	31.410000
  173.45	1437486	31.415001
  172.94	1437871	31.420000
  173.00	1438255	31.424999
  173.00	1438640	31.430000
  173.39	1439023	31.434999
  172.10	1439408	31.440001
  173.39	1439790	31.445000
  172.10	1440175	31.450001
  173.39	1440558	31.455000
  172.55	1440943	31.459999
  173.45	1441325	31.465000
  172.04	1441710	31.469999
  173.45	1442093	31.475000
  172.04	1442476	31.480000
  172.55	1442859	31.485001
  172.49	1443243	31.490000
  173.00	1443626	31.495001
  172.49	1444011	31.500000
  173.45	1444394	31.504999
  172.10	1444778	31.510000
  173.39	1445161	31.514999
  172.55	1445546	31.520000
  173.39	1445928	31.525000
  172.10	1446313	31.530001
  172.94	1446695	31.535000
  172.55	1447078	31.540001
  172.49	1447460	31.545000
  172.10	1447845	31.549999
  173.45	1448228	31.555000
  172.49	1448613	31.559999
  173.00	1448995	31.565001
  172.49	1449380	31.570000
  173.00	1449763	31.575001
  172.49	1450146	31.580000
  172.55	1450529	31.584999
  172.55	1450913	31.590000
  172.94	1451296	31.594999
  172.55	1451681	31.600000
  173.39	1452063	31.605000
  172.10	1452447	31.610001
  172.94	1452828	31.615000
  171.20	1453212	31.620001
  173.39	1453595	31.625000
  172.10	1453979	31.629999
  173.00	1454360	31.635000
  171.13	1454745	31.639999
  173.45	1455127	31.645000
  172.04	1455512	31.650000
  173.45	1455895	31.655001
  172.49	1456278	31.660000
  172.55	1456661	31.665001
  172.49	1457046	31.670000
  173.45	1457428	31.674999
  172.55	1457813	31.680000
  173.39	1458196	31.684999
  172.55	1458581	31.690001
  173.39	1458964	31.695000
  172.55	1459349	31.700001
  173.39	1459732	31.705000
  172.55	1460117	31.709999
  173.45	1460500	31.715000
  172.49	1460885	31.719999
  173.00	1461268	31.725000
  172.49	1461653	31.730000
  172.55	1462032	31.735001
  171.58	1462417	31.740000
  173.45	1462800	31.745001
  172.49	1463184	31.750000
  173.00	1463567	31.754999
  173.00	1463952	31.760000
  173.39	1464335	31.764999
  172.55	1464718	31.770000
  172.49	1465101	31.775000
  172.55	1465485	31.780001
  172.94	1465868	31.785000
  172.55	1466253	31.790001
  173.39	1466636	31.795000
  172.10	1467021	31.799999
  173.45	1467403	31.805000
  172.04	1467788	31.809999
  173.45	1468171	31.815001
  172.49	1468555	31.820000
  173.45	1468938	31.825001
  172.49	1469321	31.830000
  172.55	1469704	31.834999
  172.10	1470089	31.840000
  173.84	1470472	31.844999
  172.10	1470857	31.850000
  173.39	1471240	31.855000
  173.00	1471623	31.860001
  172.49	1472004	31.865000
  171.20	1472387	31.870001
  172.49	1472770	31.875000
  172.55	1473155	31.879999
  173.45	1473538	31.885000
  172.49	1473923	31.889999
  173.45	1474306	31.895000
  172.49	1474691	31.900000
  173.45	1475074	31.905001
  172.49	1475459	31.910000
  173.45	1475841	31.915001
  172.49	1476226	31.920000
  173.45	1476607	31.924999
  171.65	1476992	31.930000
  173.39	1477375	31.934999
  172.10	1477760	31.940001
  173.39	1478143	31.945000
  172.55	1478528	31.950001
  173.39	1478911	31.955000
  172.55	1479296	31.959999
  173.00	1479678	31.965000
  172.49	1480063	31.969999
  173.00	1480446	31.975000
  172.49	1480831	31.980000
  173.90	1481214	31.985001
  172.04	1481597	31.990000
  173.00	1481980	31.995001
  172.49	1482365	32.000000
  173.00	1482746	32.005001
  172.04	1483131	32.009998
  173.52	1483514	32.014999
  172.04	1483899	32.020000
  173.39	1484282	32.025002
  172.04	1484668	32.029999
  173.97	1485051	32.035000
  172.49	1485436	32.040001
  173.39	1485819	32.044998
  173.07	1486205	32.049999
  173.39	1486586	32.055000
  171.58	1486971	32.060001
  173.84	1487354	32.064999
  172.62	1487740	32.070000
  173.84	1488123	32.075001
  172.49	1488509	32.080002
  173.84	1488892	32.084999
  172.62	1489278	32.090000
  173.84	1489662	32.095001
  172.49	1490047	32.099998
  173.97	1490431	32.105000
  172.94	1490817	32.110001
  173.39	1491200	32.115002
  172.49	1491586	32.119999
  173.97	1491967	32.125000
  171.58	1492352	32.130001
  173.84	1492736	32.134998
  172.62	1493121	32.139999
  173.84	1493505	32.145000
  172.94	1493890	32.150002
  173.84	1494272	32.154999
  171.72	1494657	32.160000
  173.39	1495041	32.165001
  172.49	1495427	32.169998
  173.97	1495810	32.174999
  172.49	1496196	32.180000
  173.84	1496577	32.185001
  171.58	1496962	32.189999
  173.97	1497345	32.195000
  172.49	1497731	32.200001
  173.84	1498114	32.205002
  172.49	1498500	32.209999
  173.52	1498881	32.215000
  172.04	1499266	32.220001
  173.39	1499649	32.224998
  172.62	1500033	32.230000
  172.94	1500416	32.235001
  172.49	1500802	32.240002
  173.39	1501185	32.244999
  173.07	1501570	32.250000
  172.94	1501953	32.255001
  172.94	1502339	32.259998
  173.52	1502722	32.264999
  172.49	1503107	32.270000
  173.84	1503490	32.275002
  172.49	1503876	32.279999
  173.52	1504259	32.285000
  172.94	1504644	32.290001
  173.39	1505027	32.294998
  172.62	1505413	32.299999
  173.39	1505794	32.305000
  172.04	1506179	32.310001
  173.39	1506562	32.314999
  172.62	1506946	32.320000
  172.49	1507329	32.325001
  172.49	1507715	32.330002
  173.84	1508098	32.334999
  172.62	1508483	32.340000
  173.84	1508866	32.345001
  172.04	1509251	32.349998
  173.52	1509634	32.355000
  172.49	1510020	32.360001
  173.39	1510403	32.365002
  172.94	1510788	32.369999
  173.52	1511171	32.375000
  172.04	1511556	32.380001
  173.84	1511939	32.384998
  172.17	1512324	32.389999
  173.39	1512707	32.395000
  172.49	1513092	32.400002
  173.39	1513475	32.404999
  173.07	1513861	32.410000
  173.39	1514242	32.415001
  171.58	1514627	32.419998
  173.52	1515010	32.424999
  172.04	1515395	32.430000
  173.84	1515778	32.435001
  172.49	1516163	32.439999
  173.52	1516547	32.445000
  172.94	1516930	32.450001
  172.49	1517313	32.455002
  172.49	1517699	32.459999
  173.52	1518082	32.465000
  172.94	1518467	32.470001
  172.94	1518850	32.474998
  173.07	1519236	32.480000
  173.39	1519619	32.485001
  172.49	1520004	32.490002
  173.84	1520387	32.494999
  172.62	1520773	32.500000
  173.39	1521154	32.505001
  172.04	1521539	32.509998
  173.52	1521922	32.514999
  172.94	1522308	32.520000
  173.39	1522691	32.525002
  172.49	1523076	32.529999
  173.52	1523459	32.535000
  172.04	1523844	32.540001
  173.84	1524227	32.544998
  172.62	1524613	32.549999
  173.39	1524994	32.555000
  171.58	1525379	32.560001
  173.39	1525762	32.564999
  172.62	1526147	32.570000
  173.39	1526528	32.575001
  172.04	1526913	32.580002
  173.39	1527296	32.584999
  172.62	1527681	32.590000
  173.84	1528064	32.595001
  172.04	1528449	32.599998
  173.52	1528832	32.605000
  172.04	1529217	32.610001
  173.39	1529600	32.615002
  172.49	1529985	32.619999
  173.52	1530368	32.625000
  172.49	1530753	32.630001
  173.39	1531136	32.634998
  172.17	1531522	32.639999
  173.39	1531904	32.645000
  172.04	1532289	32.650002
  173.39	1532672	32.654999
  173.07	1533057	32.660000
  172.94	1533440	32.665001
  172.49	1533825	32.669998
  173.52	1534208	32.674999
  172.04	1534593	32.680000
  173.39	1534976	32.685001
  172.49	1535361	32.689999
  173.07	1535744	32.695000
  172.49	1536130	32.700001
  173.39	1536513	32.705002
  172.49	1536898	32.709999
  173.52	1537281	32.715000
  172.49	1537666	32.720001
  173.39	1538048	32.724998
  172.17	1538433	32.730000
  173.84	1538816	32.735001
  172.49	1539201	32.740002
  173.84	1539584	32.744999
  172.17	1539970	32.750000
  173.84	1540353	32.755001
  172.04	1540738	32.759998
  173.52	1541121	32.764999
  172.94	1541507	32.770000
  173.39	1541888	32.775002
  171.58	1542273	32.779999
  173.52	1542656	32.785000
  172.49	1543041	32.790001
  173.84	1543425	32.794998
  172.62	1543810	32.799999
  173.39	1544191	32.805000