   86.10	16697636	691.164978
   84.15	16697824	691.169983
   85.05	16698012	691.174988
   84.60	16698201	691.179993
   85.05	16698389	691.184998
   84.15	16698577	691.190002
   85.05	16698765	691.195007
   84.60	16698954	691.200012
   85.05	16699142	691.205017
   84.15	16699330	691.210022
   85.05	16699518	691.215027
   84.60	16699707	691.219971
   85.65	16699894	691.224976
   84.60	16700083	691.229980
   85.05	16700270	691.234985
   84.15	16700459	691.239990
   85.05	16700646	691.244995
   84.15	16700835	691.250000
   84.60	16701022	691.255005
   84.60	16701211	691.260010
   84.60	16701398	691.265015
   84.60	16701587	691.270020
   84.60	16701774	691.275024
   84.60	16701963	691.280029
   84.60	16702150	691.284973
   85.65	16702339	691.289978
   84.60	16702526	691.294983
   84.60	16702715	691.299988
   84.60	16702902	691.304993
   84.60	16703091	691.309998
   84.60	16703278	691.315002
   84.60	16703467	691.320007
   84.60	16703654	691.325012
   84.60	16703843	691.330017
   84.60	16704030	691.335022
   84.60	16704219	691.340027
   84.60	16704406	691.344971
   85.65	16704594	691.349976
   84.60	16704782	691.354980
   84.60	16704971	691.359985
   84.60	16705158	691.364990
   84.60	16705347	691.369995
   85.05	16705534	691.375000
   84.15	16705723	691.380005
   85.05	16705911	691.385010
   84.15	16706099	691.390015
   85.05	16706287	691.395020
   84.15	16706475	691.400024
   85.05	16706663	691.405029
   84.15	16706851	691.409973
   86.10	16707039	691.414978
   84.15	16707227	691.419983
   85.05	16707415	691.424988
   84.15	16707603	691.429993
   85.05	16707791	691.434998
   84.15	16707979	691.440002
   84.60	16708167	691.445007
   84.15	16708356	691.450012
   85.05	16708543	691.455017
   84.15	16708732	691.460022
   85.05	16708919	691.465027
   84.15	16709108	691.469971
   86.10	16709295	691.474976
   84.15	16709484	691.479980
   85.05	16709672	691.484985
   84.15	16709860	691.489990
   85.05	16710048	691.494995
   84.15	16710237	691.500000
   85.05	16710424	691.505005
   84.60	16710613	691.510010
   84.60	16710800	691.515015
   84.60	16710989	691.520020
   85.05	16711176	691.525024
   84.15	16711365	691.530029
   85.05	16711553	691.534973
   85.19	16711742	691.539978
   85.05	16711929	691.544983
   84.60	16712118	691.549988
   84.60	16712305	691.554993
   84.60	16712494	691.559998
   85.05	16712682	691.565002
   84.60	16712870	691.570007
   84.60	16713058	691.575012
   84.60	16713247	691.580017
   84.60	16713435	691.585022
   84.60	16713623	691.590027
   85.05	16713811	691.594971
   85.65	16713999	691.599976
   84.60	16714188	691.604980
   84.60	16714376	691.609985
   85.05	16714564	691.614990
   84.60	16714752	691.619995
   84.60	16714941	691.625000
   84.60	16715129	691.630005
   85.05	16715317	691.635010
   84.60	16715506	691.640015
   85.05	16715694	691.645020
   84.15	16715882	691.650024
   85.05	16716070	691.655029
   84.60	16716259	691.659973
   86.10	16716447	691.664978
   84.60	16716636	691.669983
   85.05	16716824	691.674988
   84.15	16717013	691.679993
   85.50	16717200	691.684998
   84.15	16717389	691.690002
   85.05	16717577	691.695007
   84.60	16717766	691.700012
   85.05	16717953	691.705017
   84.15	16718142	691.710022
   85.05	16718330	691.715027
   84.60	16718519	691.719971
   86.10	16718706	691.724976
   84.15	16718895	691.729980
   85.05	16719083	691.734985
   84.60	16719272	691.739990
   84.60	16719459	691.744995
   84.60	16719648	691.750000
   85.05	16719836	691.755005
   84.15	16720025	691.760010
   84.60	16720212	691.765015
   84.60	16720401	691.770020
   85.05	16720589	691.775024
   84.15	16720777	691.780029
   85.05	16720965	691.784973
   85.65	16721153	691.789978
   84.60	16721341	691.794983
   84.60	16721530	691.799988
   85.05	16721717	691.804993
   84.15	16721906	691.809998
   85.05	16722094	691.815002
   84.15	16722282	691.820007
   85.05	16722470	691.825012
   84.60	16722658	691.830017
   84.60	16722846	691.835022
   84.60	16723035	691.840027
   85.05	16723223	691.844971
   85.19	16723411	691.849976
   85.05	16723599	691.854980
   84.15	16723787	691.859985
   85.05	16723975	691.864990
   84.15	16724163	691.869995
   85.05	16724351	691.875000
   84.15	16724539	691.880005
   85.05	16724727	691.885010
   84.60	16724916	691.890015
   85.05	16725103	691.895020
   84.15	16725292	691.900024
   85.05	16725479	691.905029
   84.15	16725668	691.909973
   86.10	16725855	691.914978
   84.15	16726044	691.919983
   85.05	16726231	691.924988
   84.15	16726420	691.929993
   85.05	16726608	691.934998
   84.60	16726796	691.940002
   84.60	16726984	691.945007
   84.60	16727173	691.950012
   84.60	16727360	691.955017
   84.60	16727548	691.960022
   84.60	16727736	691.965027
   84.15	16727924	691.969971
   85.65	16728111	691.974976
   84.15	16728300	691.979980
   84.60	16728487	691.984985
   84.60	16728675	691.989990
   84.15	16728863	691.994995
   84.60	16729051	692.000000
   84.60	16729238	692.005005
   84.60	16729426	692.010010
   84.60	16729614	692.015015
   84.15	16729802	692.020020
   84.60	16729989	692.025024
   84.60	16730177	692.030029
   84.60	16730365	692.034973
   85.19	16730553	692.039978
   84.60	16730740	692.044983
   84.60	16730928	692.049988
   84.60	16731116	692.054993
   84.15	16731304	692.059998
   84.60	16731491	692.065002
   84.60	16731679	692.070007
   84.60	16731867	692.075012
   84.15	16732055	692.080017
   85.05	16732243	692.085022
   84.15	16732431	692.090027
   85.05	16732618	692.094971
   85.19	16732807	692.099976
   85.05	16732994	692.104980
   83.70	16733182	692.109985
   85.05	16733370	692.114990
   84.15	16733558	692.119995
   85.05	16733746	692.125000
   84.15	16733934	692.130005
   85.05	16734121	692.135010
   84.15	16734310	692.140015
   85.05	16734497	692.145020
   84.15	16734686	692.150024
   84.60	16734873	692.155029
   84.15	16735061	692.159973
   86.10	16735248	692.164978
   84.15	16735437	692.169983
   84.60	16735624	692.174988
   84.60	16735813	692.179993
   84.60	16736000	692.184998
   84.60	16736189	692.190002
   84.60	16736376	692.195007
   84.60	16736565	692.200012
   84.60	16736752	692.205017
   84.60	16736941	692.210022
   84.60	16737128	692.215027
   84.60	16737316	692.219971
   85.65	16737504	692.224976
   84.60	16737692	692.229980
   84.60	16737880	692.234985
   84.60	16738068	692.239990
   84.60	16738256	692.244995
   84.60	16738444	692.250000
   84.60	16738632	692.255005
   84.60	16738820	692.260010
   84.60	16739008	692.265015
   84.60	16739197	692.270020
   84.60	16739385	692.275024
   84.15	16739573	692.280029
   84.60	16739761	692.284973
   85.19	16739949	692.289978
   85.05	16740137	692.294983
   84.15	16740325	692.299988
   85.05	16740513	692.304993
   84.60	16740701	692.309998
   84.60	16740889	692.315002
   84.60	16741078	692.320007
   85.05	16741266	692.325012
   84.15	16741454	692.330017
   85.05	16741642	692.335022
   84.15	16741831	692.340027
   85.05	16742018	692.344971
   85.19	16742207	692.349976
   85.05	16742395	692.354980
   84.15	16742583	692.359985
   85.05	16742771	692.364990
   84.60	16742960	692.369995
   85.05	16743147	692.375000
   84.15	16743336	692.380005
   85.05	16743524	692.385010
   84.60	16743713	692.390015
   84.60	16743900	692.395020
   84.60	16744089	692.400024
   85.05	16744277	692.405029
   84.15	16744466	692.409973
   86.10	16744653	692.414978
   84.60	16744842	692.419983
   84.60	16745029	692.424988
   84.60	16745218	692.429993
   85.05	16745406	692.434998
   84.15	16745594	692.440002
   84.60	16745782	692.445007
   84.60	16745971	692.450012
   84.60	16746158	692.455017
   84.60	16746347	692.460022
   84.60	16746534	692.465027
   84.60	16746723	692.469971
   86.10	16746911	692.474976
   84.15	16747099	692.479980
   85.05	16747287	692.484985
   84.60	16747475	692.489990
   84.60	16747663	692.494995
   84.60	16747851	692.500000
   84.60	16748039	692.505005
   84.60	16748228	692.510010
   84.60	16748415	692.515015
   84.15	16748604	692.520020
   85.05	16748792	692.525024
   84.15	16748980	692.530029
   85.05	16749168	692.534973
   85.19	16749356	692.539978
   85.05	16749544	692.544983
   84.15	16749733	692.549988
   85.05	16749920	692.554993
   84.15	16750109	692.559998
   85.05	16750297	692.565002
   84.15	16750485	692.570007
   85.05	16750673	692.575012
   84.60	16750862	692.580017
   85.05	16751049	692.585022
   84.15	16751238	692.590027
   85.05	16751425	692.594971
   85.19	16751614	692.599976
   85.05	16751802	692.604980
   84.60	16751991	692.609985
   84.60	16752178	692.614990
   84.60	16752367	692.619995
   84.60	16752554	692.625000
   84.60	16752743	692.630005
   84.60	16752930	692.635010
   84.60	16753119	692.640015
   84.60	16753307	692.645020
   84.60	16753495	692.650024
   85.05	16753683	692.655029
   84.15	16753871	692.659973
   86.10	16754059	692.664978
   84.60	16754247	692.669983
   84.60	16754435	692.674988
   84.60	16754623	692.679993
   84.60	16754811	692.684998
   84.60	16754999	692.690002
   84.60	16755187	692.695007
   84.15	16755375	692.700012
   85.05	16755563	692.705017
   84.60	16755751	692.710022
   84.60	16755939	692.715027
   84.15	16756127	692.719971
   86.10	16756314	692.724976
   84.15	16756502	692.729980
   84.60	16756690	692.734985
   84.15	16756878	692.739990
   85.05	16757065	692.744995
   84.15	16757253	692.750000
   84.60	16757441	692.755005
   84.15	16757629	692.760010
   85.05	16757816	692.765015
   83.70	16758005	692.770020
   84.60	16758192	692.775024
   84.15	16758380	692.780029
   85.05	16758567	692.784973
   85.19	16758756	692.789978
   85.05	16758943	692.794983
   83.70	16759131	692.799988
   85.05	16759318	692.804993
   84.15	16759507	692.809998
   84.60	16759694	692.815002
   84.60	16759883	692.820007
   84.60	16760070	692.825012
   84.15	16760258	692.830017
   85.05	16760445	692.835022
   84.15	16760634	692.840027
   85.05	16760821	692.844971
   85.19	16761010	692.849976
   84.60	16761197	692.854980
   84.60	16761386	692.859985
   84.60	16761573	692.864990
   84.60	16761761	692.869995
   84.60	16761948	692.875000
   84.15	16762137	692.880005
   84.60	16762324	692.885010
   84.60	16762513	692.890015
   84.60	16762700	692.895020
   84.60	16762889	692.900024
   84.60	16763076	692.905029
   84.60	16763265	692.909973
   85.65	16763452	692.914978
   84.60	16763641	692.919983
   84.60	16763828	692.924988
   84.60	16764016	692.929993
   84.60	16764204	692.934998
   84.60	16764392	692.940002
   84.60	16764580	692.945007
   84.60	16764768	692.950012
   84.60	16764956	692.955017
   84.60	16765144	692.960022
   84.60	16765332	692.965027
   84.60	16765520	692.969971
   85.65	16765708	692.974976
   84.60	16765897	692.979980
   85.05	16766084	692.984985
   84.15	16766273	692.989990
   85.05	16766460	692.994995
   84.15	16766649	693.000000
   85.05	16766837	693.005005
   84.15	16767025	693.010010
   85.05	16767213	693.015015
   84.15	16767401	693.020020
   85.05	16767589	693.025024
   84.15	16767778	693.030029
   85.05	16767965	693.034973
   85.65	16768154	693.039978
   84.60	16768341	693.044983
   84.60	16768530	693.049988
   85.05	16768718	693.054993
   84.15	16768906	693.059998
   85.05	16769094	693.065002
   84.60	16769283	693.070007
   84.60	16769470	693.075012
   84.60	16769659	693.080017
   85.05	16769847	693.085022
   84.60	16770036	693.090027
   84.60	16770223	693.094971
   85.65	16770412	693.099976
   85.05	16770600	693.104980
   84.60	16770789	693.109985
   84.60	16770976	693.114990
   84.60	16771165	693.119995
   85.05	16771353	693.125000
   84.60	16771542	693.130005
   84.60	16771730	693.135010
   85.05	16771918	693.140015
   84.60	16772106	693.145020
   84.60	16772295	693.150024
   85.05	16772483	693.155029
   84.60	16772671	693.159973
   86.10	16772860	693.164978
   84.15	16773048	693.169983
   85.05	16773236	693.174988
   84.60	16773425	693.179993
   85.05	16773613	693.184998
   84.60	16773801	693.190002
   84.60	16773990	693.195007
   84.60	16774178	693.200012
   85.05	16774366	693.205017
   84.60	16774555	693.210022
   85.05	16774743	693.215027
   84.15	16774931	693.219971
   86.10	16775119	693.224976
   84.60	16775308	693.229980
   85.05	16775496	693.234985
   84.15	16775684	693.239990
   85.05	16775872	693.244995
   84.60	16776061	693.250000
   85.05	16776249	693.255005
   84.60	16776438	693.260010
   84.60	16776625	693.265015
   84.60	16776814	693.270020
   85.05	16777002	693.275024
   84.15	16777191	693.280029
   85.05	16777378	693.284973
   85.65	16777567	693.289978
   84.60	16777755	693.294983
   84.60	16777944	693.299988
   84.60	16778131	693.304993
   84.60	16778320	693.309998
   85.50	16778508	693.315002
   84.60	16778697	693.320007
   84.60	16778884	693.325012
   85.50	16779073	693.330017
   84.60	16779261	693.335022
   84.60	16779450	693.340027
   84.60	16779638	693.344971
   85.65	16779827	693.349976
   84.60	16780014	693.354980
   84.60	16780203	693.359985
   84.60	16780391	693.364990
   84.60	16780580	693.369995
   84.60	16780768	693.375000
   84.60	16780956	693.380005
   85.50	16781144	693.385010
   84.60	16781333	693.390015
   84.60	16781521	693.395020
   83.70	16781709	693.400024
   85.50	16781897	693.405029
   83.70	16782085	693.409973
   85.65	16782273	693.414978
   84.60	16782462	693.419983
   84.60	16782650	693.424988
   84.60	16782838	693.429993
   84.60	16783026	693.434998
   84.60	16783214	693.440002
   84.60	16783402	693.445007
   84.60	16783591	693.450012
   84.60	16783778	693.455017
   84.60	16783967	693.460022
   84.60	16784154	693.465027
   84.60	16784343	693.469971
   85.65	16784530	693.474976
   84.60	16784719	693.479980
   84.60	16784906	693.484985
   84.60	16785094	693.489990
   84.60	16785282	693.494995
   84.60	16785470	693.500000
   84.60	16785657	693.505005
   84.60	16785846	693.510010
   84.60	16786033	693.515015
   84.60	16786222	693.520020
   84.60	16786409	693.525024
   84.60	16786598	693.530029
   84.60	16786785	693.534973
   85.65	16786974	693.539978
   84.60	16787161	693.544983
   84.60	16787350	693.549988
   84.60	16787537	693.554993
   84.60	16787726	693.559998
   84.60	16787913	693.565002
   84.60	16788101	693.570007
   84.60	16788289	693.575012
   84.60	16788477	693.580017
   84.60	16788665	693.585022
   84.60	16788853	693.590027
   84.60	16789041	693.594971
   85.65	16789229	693.599976
   84.60	16789417	693.604980
   84.60	16789606	693.609985
   84.60	16789793	693.614990
   84.60	16789982	693.619995
   84.60	16790170	693.625000
   84.60	16790358	693.630005
   84.60	16790546	693.635010
   84.60	16790734	693.640015
   84.60	16790922	693.645020
   84.60	16791110	693.650024
   84.60	16791298	693.655029
   84.60	16791487	693.659973
   85.65	16791674	693.664978
   84.60	16791863	693.669983
   84.60	16792051	693.674988
   84.60	16792239	693.679993
   84.60	16792427	693.684998
   84.60	16792615	693.690002
   84.60	16792803	693.695007
   84.60	16792992	693.700012
   85.50	16793179	693.705017
   83.70	16793368	693.710022
   85.50	16793555	693.715027
   83.70	16793744	693.719971
   86.56	16793932	693.724976
   84.60	16794121	693.729980
   84.60	16794308	693.734985
   84.60	16794497	693.739990
   84.60	16794684	693.744995
   84.60	16794873	693.750000
   85.50	16795061	693.755005
   84.60	16795250	693.760010
   84.60	16795437	693.765015
   84.60	16795626	693.770020
   84.60	16795814	693.775024
   84.60	16796003	693.780029
   84.60	16796190	693.784973
   85.65	16796379	693.789978
   84.60	16796567	693.794983
   84.60	16796756	693.799988
   84.60	16796944	693.804993
   85.50	16797132	693.809998
   84.60	16797320	693.815002
   84.60	16797509	693.820007
   85.50	16797697	693.825012
   84.60	16797885	693.830017
   84.60	16798074	693.835022
   84.60	16798262	693.840027
   84.60	16798450	693.844971
   85.65	16798639	693.849976
   84.60	16798827	693.854980
   84.60	16799015	693.859985
   84.60	16799203	693.864990
   84.60	16799392	693.869995
   85.50	16799580	693.875000
   84.60	16799769	693.880005
   85.50	16799957	693.885010
   83.70	16800146	693.890015
   85.50	16800334	693.895020
   84.60	16800522	693.900024
   84.60	16800710	693.905029
   84.60	16800899	693.909973
   85.65	16801087	693.914978
   84.60	16801276	693.919983
   85.50	16801464	693.924988
   84.60	16801653	693.929993
   85.50	16801841	693.934998
   83.70	16802030	693.940002
   85.50	16802217	693.945007
   84.60	16802407	693.950012
   84.60	16802594	693.955017
   84.60	16802784	693.960022
   84.60	16802971	693.965027
   83.70	16803160	693.969971
   86.56	16803348	693.974976
   84.60	16803537	693.979980
   85.50	16803725	693.984985
   84.60	16803914	693.989990
   84.60	16804102	693.994995
   84.60	16804291	694.000000
   84.60	16804479	694.005005
   84.60	16804668	694.010010
   84.60	16804856	694.015015
   85.50	16805044	694.020020
   84.60	16805233	694.025024
   84.60	16805421	694.030029
   84.60	16805609	694.034973
   85.65	16805798	694.039978
   84.60	16805986	694.044983
   84.60	16806175	694.049988
   84.60	16806363	694.054993
   84.60	16806552	694.059998
   85.50	16806740	694.065002
   84.60	16806929	694.070007
   85.50	16807117	694.075012
   84.60	16807306	694.080017
   84.60	16807494	694.085022
   84.60	16807683	694.090027
   84.60	16807871	694.094971
   85.65	16808060	694.099976
   85.50	16808248	694.104980
   84.60	16808437	694.109985
   85.50	16808625	694.114990
   83.70	16808814	694.119995
   85.50	16809002	694.125000
   84.60	16809191	694.130005
   84.60	16809378	694.135010
   84.60	16809567	694.140015
   84.60	16809755	694.145020
   84.60	16809944	694.150024
   85.50	16810132	694.155029
   84.60	16810321	694.159973
   86.56	16810509	694.164978
   84.60	16810698	694.169983
   84.60	16810886	694.174988
   84.60	16811075	694.179993
   84.60	16811262	694.184998
   84.60	16811451	694.190002
   84.60	16811639	694.195007
   84.60	16811828	694.200012
   85.50	16812016	694.205017
   84.60	16812205	694.210022
   84.60	16812392	694.215027
   84.60	16812581	694.219971
   86.56	16812769	694.224976
   83.70	16812957	694.229980
   85.50	16813145	694.234985
   83.70	16813333	694.239990
   85.50	16813521	694.244995
   84.60	16813709	694.250000
   84.60	16813897	694.255005
   84.60	16814086	694.260010
   84.60	16814274	694.265015
   84.60	16814462	694.270020
   84.60	16814650	694.275024
   84.60	16814838	694.280029
   84.60	16815026	694.284973
   85.65	16815214	694.289978
   84.60	16815402	694.294983
   84.60	16815590	694.299988
   84.60	16815778	694.304993
   84.60	16815967	694.309998
   84.60	16816155	694.315002
   84.60	16816343	694.320007
   84.60	16816531	694.325012
   84.60	16816720	694.330017
   85.50	16816907	694.335022
   83.70	16817096	694.340027
   85.50	16817283	694.344971
   84.74	16817472	694.349976
   85.50	16817660	694.354980
   83.70	16817848	694.359985
   85.50	16818036	694.364990
   84.60	16818225	694.369995
   85.50	16818412	694.375000
   83.70	16818601	694.380005
   85.50	16818789	694.385010
   84.60	16818978	694.390015
   84.60	16819165	694.395020
   84.60	16819354	694.400024
   84.60	16819541	694.405029
   84.60	16819730	694.409973
   85.65	16819918	694.414978
   84.60	16820107	694.419983
   84.60	16820294	694.424988
   84.60	16820483	694.429993
   84.60	16820670	694.434998
   84.60	16820859	694.440002
   84.60	16821047	694.445007
   84.60	16821236	694.450012
   84.60	16821423	694.455017
   84.60	16821612	694.460022
   85.50	16821800	694.465027
   84.60	16821988	694.469971
   85.65	16822176	694.474976
   84.60	16822365	694.479980
   85.50	16822553	694.484985
   84.60	16822742	694.489990
   84.60	16822930	694.494995
   84.60	16823118	694.500000
   84.60	16823306	694.505005
   84.60	16823495	694.510010
   84.60	16823683	694.515015
   84.60	16823872	694.520020
   85.50	16824060	694.525024
   83.70	16824248	694.530029
   86.40	16824436	694.534973
   84.74	16824625	694.539978
   85.50	16824813	694.544983
   84.60	16825002	694.549988
   84.60	16825189	694.554993
   84.60	16825378	694.559998
   84.60	16825566	694.565002
   84.60	16825755	694.570007
   84.60	16825943	694.575012
   84.60	16826132	694.580017
   84.60	16826319	694.585022
   84.60	16826508	694.590027
   85.50	16826696	694.594971
   84.74	16826885	694.599976
   85.50	16827072	694.604980
   84.60	16827261	694.609985
   85.50	16827449	694.614990
   84.60	16827638	694.619995
   84.60	16827826	694.625000
   84.60	16828014	694.630005
   84.60	16828202	694.635010
   84.60	16828391	694.640015
   84.60	16828579	694.645020
   84.60	16828768	694.650024
   84.60	16828955	694.655029
   83.70	16829144	694.659973
   86.56	16829332	694.664978
   84.60	16829521	694.669983
   85.50	16829709	694.674988
   84.60	16829897	694.679993
   84.60	16830085	694.684998
   84.60	16830274	694.690002
   84.60	16830462	694.695007
   84.60	16830650	694.700012
   84.60	16830838	694.705017
   84.60	16831027	694.710022
   84.60	16831215	694.715027
   84.60	16831403	694.719971
   85.65	16831591	694.724976
   84.60	16831780	694.729980
   85.50	16831968	694.734985
   83.70	16832156	694.739990
   85.50	16832344	694.744995
   84.60	16832533	694.750000
   85.50	16832721	694.755005
   83.70	16832909	694.760010
   85.50	16833097	694.765015
   84.60	16833286	694.770020
   84.60	16833473	694.775024
   84.60	16833662	694.780029
   84.60	16833850	694.784973
   85.65	16834039	694.789978
   84.60	16834226	694.794983
   84.60	16834415	694.799988
   84.60	16834603	694.804993
   84.60	16834792	694.809998
   84.60	16834979	694.815002
   84.60	16835168	694.820007
   85.50	16835356	694.825012
   84.60	16835545	694.830017
   84.60	16835732	694.835022
   84.60	16835921	694.840027
   85.50	16836109	694.844971
   84.74	16836297	694.849976
   85.50	16836485	694.854980
   84.60	16836674	694.859985
   84.60	16836862	694.864990
   84.60	16837050	694.869995
   84.60	16837238	694.875000
   84.60	16837427	694.880005
   84.60	16837615	694.885010
   84.60	16837803	694.890015
   84.60	16837991	694.895020
   84.60	16838180	694.900024
   85.50	16838368	694.905029
   83.70	16838556	694.909973
   86.56	16838744	694.914978
   84.60	16838932	694.919983
   84.60	16839121	694.924988
   84.60	16839309	694.929993
   85.50	16839497	694.934998
   83.70	16839685	694.940002
   85.50	16839873	694.945007
   84.60	16840061	694.950012
   84.60	16840249	694.955017
   83.70	16840437	694.960022
   85.50	16840625	694.965027
   84.60	16840813	694.969971
   85.65	16841001	694.974976
   83.70	16841189	694.979980
   85.50	16841377	694.984985
   83.70	16841565	694.989990
   85.50	16841752	694.994995
   83.70	16841941	695.000000
   84.60	16842128	695.005005
   84.60	16842317	695.010010
   84.60	16842504	695.015015
   83.70	16842692	695.020020
   84.60	16842880	695.025024
   83.70	16843068	695.030029
   85.50	16843256	695.034973
   84.74	16843444	695.039978
   85.50	16843631	695.044983
   83.70	16843820	695.049988
   84.60	16844007	695.054993
   84.60	16844196	695.059998
   85.50	16844383	695.065002
   83.70	16844572	695.070007
   84.60	16844759	695.075012
   84.60	16844948	695.080017
   84.60	16845135	695.085022
   84.60	16845324	695.090027
   85.50	16845511	695.094971
   84.74	16845700	695.099976
   85.50	16845888	695.104980
   83.70	16846076	695.109985
   84.60	16846264	695.114990
   84.60	16846452	695.119995
   84.60	16846640	695.125000
   83.70	16846828	695.130005
   85.50	16847016	695.135010
   83.70	16847204	695.140015
   85.50	16847392	695.145020
   83.70	16847580	695.150024
   85.50	16847768	695.155029
   84.60	16847956	695.159973
   85.65	16848144	695.164978
   84.60	16848333	695.169983
   84.60	16848520	695.174988
   83.70	16848709	695.179993
   85.50	16848897	695.184998
   83.70	16849085	695.190002
   85.50	16849273	695.195007
   83.70	16849461	695.200012
   85.50	16849649	695.205017
   83.70	16849837	695.210022
   85.50	16850025	695.215027
   83.70	16850214	695.219971
   86.56	16850401	695.224976
   84.60	16850590	695.229980
   84.60	16850777	695.234985
   84.60	16850966	695.239990
   84.60	16851154	695.244995
   84.60	16851343	695.250000
   84.60	16851530	695.255005
   84.60	16851719	695.260010
   84.60	16851906	695.265015
   84.60	16852095	695.270020
   84.60	16852283	695.275024
   84.60	16852472	695.280029
   84.60	16852659	695.284973
   85.65	16852848	695.289978
   84.60	16853035	695.294983
   84.60	16853224	695.299988
   85.50	16853412	695.304993
   84.60	16853600	695.309998
   84.60	16853788	695.315002
   84.60	16853977	695.320007
   84.60	16854165	695.325012
   85.50	16854353	695.330017
   84.60	16854541	695.335022
   84.60	16854730	695.340027
   84.60	16854918	695.344971
   85.65	16855106	695.349976
   84.60	16855294	695.354980
   84.60	16855483	695.359985
   84.60	16855671	695.364990
   84.60	16855859	695.369995
   84.60	16856047	695.375000
   84.60	16856236	695.380005
   85.50	16856424	695.385010
   83.70	16856612	695.390015
   86.40	16856801	695.395020
   83.70	16856989	695.400024
   85.50	16857177	695.405029
   84.60	16857366	695.409973
   85.65	16857554	695.414978
   84.60	16857742	695.419983
   84.60	16857930	695.424988
   84.60	16858119	695.429993
   84.60	16858307	695.434998
   84.60	16858496	695.440002
   84.60	16858683	695.445007
   84.60	16858872	695.450012
   85.50	16859060	695.455017
   84.60	16859249	695.460022
   85.50	16859436	695.465027
   83.70	16859625	695.469971
   86.56	16859813	695.474976
   83.70	16860002	695.479980
   84.60	16860189	695.484985
   84.60	16860378	695.489990
   84.60	16860566	695.494995
   84.60	16860755	695.500000
   84.60	16860942	695.505005
   84.60	16861131	695.510010
   84.60	16861319	695.515015
   84.60	16861508	695.520020
   84.60	16861695	695.525024
   84.60	16861884	695.530029
   85.50	16862072	695.534973
   85.65	16862260	695.539978
   84.60	16862448	695.544983
   84.60	16862637	695.549988
   84.60	16862825	695.554993
   84.60	16863013	695.559998
   85.50	16863201	695.565002
   84.60	16863389	695.570007
   84.60	16863577	695.575012
   84.60	16863766	695.580017
   84.60	16863954	695.585022
   84.60	16864142	695.590027
   84.60	16864330	695.594971
   85.65	16864519	695.599976
   84.60	16864707	695.604980
   84.60	16864895	695.609985
   84.60	16865083	695.614990
   84.60	16865272	695.619995
   85.50	16865460	695.625000
   83.70	16865648	695.630005
   85.50	16865836	695.635010
   84.60	16866025	695.640015
   85.50	16866212	695.645020
   83.70	16866401	695.650024
   85.50	16866589	695.655029
   83.70	16866778	695.659973
   86.56	16866965	695.664978
   84.60	16867154	695.669983
   84.60	16867341	695.674988
   84.60	16867530	695.679993
   84.60	16867718	695.684998
   84.60	16867906	695.690002
   84.60	16868094	695.695007
   84.60	16868282	695.700012
   84.60	16868469	695.705017
   84.60	16868658	695.710022
   84.60	16868845	695.715027
   84.60	16869034	695.719971
   85.65	16869221	695.724976
   84.60	16869410	695.729980
   84.60	16869597	695.734985
   84.60	16869785	695.739990
   84.60	16869973	695.744995
   83.70	16870161	695.750000
   84.60	16870348	695.755005
   84.60	16870537	695.760010
   84.60	16870724	695.765015
   84.60	16870913	695.770020
   84.60	16871100	695.775024
   84.60	16871288	695.780029
   84.60	16871476	695.784973
   84.74	16871664	695.789978
   85.50	16871852	695.794983
   83.70	16872040	695.799988
   85.50	16872228	695.804993
   83.70	16872416	695.809998
   84.60	16872603	695.815002
   84.60	16872791	695.820007
   84.60	16872979	695.825012
   84.60	16873167	695.830017
   84.60	16873355	695.835022
   84.60	16873543	695.840027
   84.60	16873731	695.844971
   85.65	16873919	695.849976
   84.60	16874107	695.854980
   84.60	16874295	695.859985
   84.60	16874482	695.864990
   84.60	16874671	695.869995
   84.60	16874858	695.875000
   84.60	16875047	695.880005
   84.60	16875234	695.885010
   84.60	16875423	695.890015
   84.60	16875610	695.895020
   84.60	16875799	695.900024
   84.60	16875986	695.905029
   84.60	16876175	695.909973
   85.65	16876362	695.914978
   84.60	16876550	695.919983
   84.60	16876738	695.924988
   84.60	16876926	695.929993
   84.60	16877113	695.934998
   84.60	16877302	695.940002
   84.60	16877489	695.945007
   84.60	16877678	695.950012
   84.60	16877865	695.955017
   84.60	16878053	695.960022
   84.60	16878241	695.965027
   83.70	16878429	695.969971
   86.56	16878616	695.974976
   83.70	16878805	695.979980
   84.60	16878992	695.984985
   84.60	16879181	695.989990
   84.60	16879368	695.994995
   84.60	16879556	696.000000
   84.60	16879744	696.005005
   84.60	16879932	696.010010
   84.60	16880120	696.015015
   84.60	16880308	696.020020
   84.60	16880496	696.025024
   84.60	16880684	696.030029
   84.60	16880872	696.034973
   85.65	16881060	696.039978
   84.60	16881248	696.044983
   84.60	16881436	696.049988
   84.60	16881624	696.054993
   84.60	16881813	696.059998
   84.60	16882001	696.065002
   83.70	16882189	696.070007
   85.50	16882377	696.075012
   83.70	16882565	696.080017
   85.50	16882753	696.085022
   83.70	16882941	696.090027
   85.50	16883129	696.094971
   85.65	16883317	696.099976
   84.60	16883505	696.104980
   84.60	16883694	696.109985
   84.60	16883881	696.114990
   84.60	16884070	696.119995
   84.60	16884258	696.125000
   84.60	16884446	696.130005
   84.60	16884634	696.135010
   84.60	16884823	696.140015
   84.60	16885010	696.145020
   84.60	16885199	696.150024
   84.60	16885387	696.155029
   84.60	16885576	696.159973
   85.65	16885763	696.164978
   84.60	16885952	696.169983
   84.60	16886139	696.174988
   84.60	16886328	696.179993
   84.60	16886516	696.184998
   84.60	16886704	696.190002
   84.60	16886892	696.195007
   84.60	16887081	696.200012
   84.60	16887268	696.205017
   84.60	16887457	696.210022
   85.50	16887644	696.215027
   83.70	16887833	696.219971
   86.56	16888021	696.224976
   83.70	16888209	696.229980
   85.50	16888397	696.234985
   84.60	16888585	696.239990
   84.60	16888773	696.244995
   84.60	16888961	696.250000
   84.60	16889149	696.255005
   84.60	16889337	696.260010
   84.60	16889525	696.265015
   84.60	16889714	696.270020
   84.60	16889901	696.275024
   84.60	16890090	696.280029
   84.60	16890278	696.284973
   85.65	16890466	696.289978
   84.60	16890654	696.294983
   84.60	16890842	696.299988
   84.60	16891030	696.304993
   84.60	16891218	696.309998
   84.60	16891406	696.315002
   84.60	16891595	696.320007
   84.60	16891782	696.325012
   84.60	16891971	696.330017
   84.60	16892158	696.335022
   84.60	16892347	696.340027
   84.60	16892535	696.344971
   85.65	16892723	696.349976
   84.60	16892911	696.354980
   84.60	16893100	696.359985
   84.60	16893287	696.364990
   84.60	16893476	696.369995
   85.50	16893663	696.375000
   83.70	16893852	696.380005
   85.50	16894040	696.385010
   84.60	16894228	696.390015
   84.60	16894416	696.395020
   84.60	16894605	696.400024
   84.60	16894792	696.405029
   84.60	16894981	696.409973
   85.65	16895168	696.414978
   84.60	16895357	696.419983
   84.60	16895544	696.424988
   84.60	16895733	696.429993
   84.60	16895921	696.434998
   84.60	16896109	696.440002
   84.60	16896297	696.445007
   84.60	16896485	696.450012
   85.50	16896673	696.455017
   83.70	16896861	696.460022
   84.60	16897048	696.465027
   84.60	16897236	696.469971
   85.65	16897424	696.474976
   83.70	16897612	696.479980
   85.50	16897799	696.484985
   83.70	16897987	696.489990
   84.60	16898175	696.494995
   84.60	16898363	696.500000
   84.60	16898551	696.505005
   84.60	16898739	696.510010
   84.60	16898926	696.515015
   84.60	16899114	696.520020
   84.60	16899302	696.525024
   84.60	16899490	696.530029
   84.60	16899677	696.534973
   85.65	16899866	696.539978
   84.60	16900053	696.544983
   83.70	16900241	696.549988
   85.50	16900429	696.554993
   83.70	16900617	696.559998
   85.50	16900804	696.565002
   83.70	16900993	696.570007
   85.50	16901180	696.575012
   83.70	16901369	696.580017
   84.60	16901556	696.585022
   84.60	16901745	696.590027
   85.50	16901932	696.594971
   84.74	16902121	696.599976
   84.60	16902308	696.604980
   84.60	16902497	696.609985
   84.60	16902684	696.614990
   84.60	16902873	696.619995
   84.60	16903060	696.625000
   84.60	16903249	696.630005
   84.60	16903436	696.635010
   84.60	16903625	696.640015
   84.60	16903812	696.645020
   84.60	16904001	696.650024
   84.60	16904189	696.655029
   84.60	16904377	696.659973
   86.56	16904565	696.664978
   83.70	16904753	696.669983
   85.50	16904941	696.674988
   83.70	16905129	696.679993
   85.50	16905317	696.684998
   84.60	16905505	696.690002
   84.60	16905693	696.695007
   84.60	16905881	696.700012
   84.60	16906069	696.705017
   84.60	16906258	696.710022
   84.60	16906446	696.715027
   84.60	16906634	696.719971
   85.65	16906822	696.724976
   84.60	16907010	696.729980
   84.60	16907198	696.734985
   84.60	16907387	696.739990
   84.60	16907574	696.744995
   84.60	16907763	696.750000
   84.60	16907951	696.755005
   84.60	16908139	696.760010
   84.60	16908327	696.765015
   84.60	16908516	696.770020
   85.50	16908704	696.775024
   83.70	16908892	696.780029
   85.50	16909080	696.784973
   84.74	16909269	696.789978
   85.50	16909456	696.794983
   84.60	16909645	696.799988
   85.50	16909833	696.804993
   83.70	16910021	696.809998
   85.50	16910209	696.815002
   84.60	16910398	696.820007
   84.60	16910585	696.825012
   84.60	16910774	696.830017
   84.60	16910962	696.835022
   84.60	16911151	696.840027
   84.60	16911339	696.844971
   85.65	16911528	696.849976
   84.60	16911715	696.854980
   84.60	16911904	696.859985
   85.50	16912092	696.864990
   84.60	16912281	696.869995
   84.60	16912469	696.875000
   85.50	16912657	696.880005
   84.60	16912845	696.885010
   84.60	16913034	696.890015
   84.60	16913222	696.895020
   84.60	16913411	696.900024
   84.60	16913599	696.905029
   84.60	16913787	696.909973
   85.65	16913975	696.914978
   84.60	16914164	696.919983
   85.50	16914352	696.924988
   84.60	16914541	696.929993
   84.60	16914729	696.934998
   83.70	16914917	696.940002
   85.50	16915105	696.945007
   84.60	16915294	696.950012
   84.60	16915482	696.955017
   84.60	16915670	696.960022
   84.60	16915858	696.965027
   84.60	16916047	696.969971
   85.65	16916235	696.974976
   84.60	16916423	696.979980
   84.60	16916611	696.984985
   84.60	16916800	696.989990
   85.50	16916987	696.994995
   83.70	16917176	697.000000
   85.50	16917364	697.005005
   84.60	16917553	697.010010
   84.60	16917740	697.015015
   84.60	16917929	697.020020
   85.50	16918116	697.025024
   83.70	16918306	697.030029
   85.50	16918493	697.034973
   85.65	16918682	697.039978
   84.60	16918869	697.044983
   84.60	16919058	697.049988
   84.60	16919246	697.054993
   84.60	16919435	697.059998
   84.60	16919623	697.065002
   84.60	16919812	697.070007
   84.60	16919999	697.075012
   84.60	16920188	697.080017
   85.50	16920376	697.085022
   84.60	16920565	697.090027
   84.60	16920752	697.094971
   85.65	16920941	697.099976
   85.50	16921129	697.104980
   84.60	16921318	697.109985
   84.60	16921505	697.114990
   84.60	16921694	697.119995
   84.60	16921882	697.125000
   84.60	16922070	697.130005
   84.60	16922258	697.135010
   84.60	16922447	697.140015
   84.60	16922635	697.145020
   84.60	16922823	697.150024
   84.60	16923011	697.155029
   84.60	16923199	697.159973
   86.56	16923387	697.164978
   83.70	16923576	697.169983
   85.50	16923764	697.174988
   83.70	16923952	697.179993
   85.50	16924140	697.184998
   83.70	16924328	697.190002
   85.50	16924516	697.195007
   83.70	16924704	697.200012
   85.50	16924892	697.205017
   83.70	16925080	697.210022
   85.50	16925268	697.215027
   83.70	16925456	697.219971
   86.56	16925643	697.224976
   83.70	16925832	697.229980
   85.50	16926019	697.234985
   83.70	16926208	697.239990
   84.60	16926395	697.244995
   84.60	16926583	697.250000
   84.60	16926770	697.255005
   84.60	16926959	697.260010
   84.60	16927146	697.265015
   84.60	16927335	697.270020
   84.60	16927522	697.275024
   84.60	16927710	697.280029
   84.60	16927898	697.284973
   85.65	16928086	697.289978
   84.60	16928273	697.294983
   84.60	16928462	697.299988
   84.60	16928649	697.304993
   84.60	16928838	697.309998
   84.60	16929025	697.315002
   84.60	16929214	697.320007
   84.60	16929401	697.325012
   84.60	16929590	697.330017
   84.60	16929777	697.335022
   84.60	16929966	697.340027
   84.60	16930153	697.344971
   85.65	16930342	697.349976
   84.60	16930529	697.354980
   84.60	16930717	697.359985
   84.60	16930905	697.364990
   84.60	16931093	697.369995
   84.60	16931281	697.375000
   84.60	16931469	697.380005
   84.60	16931657	697.385010
   84.60	16931845	697.390015
   84.60	16932033	697.395020
   84.60	16932222	697.400024
   84.60	16932409	697.405029
   84.60	16932598	697.409973
   85.65	16932785	697.414978
   84.60	16932974	697.419983
   84.60	16933161	697.424988
   84.60	16933350	697.429993
   84.60	16933537	697.434998
   84.60	16933726	697.440002
   84.60	16933913	697.445007
   84.60	16934102	697.450012
   84.60	16934289	697.455017
   84.60	16934478	697.460022
   84.60	16934665	697.465027
   84.60	16934854	697.469971
   85.65	16935042	697.474976
   84.60	16935230	697.479980
   84.60	16935418	697.484985
   84.60	16935607	697.489990
   84.60	16935794	697.494995
   84.60	16935983	697.500000
   84.60	16936170	697.505005
   84.60	16936359	697.510010
   84.60	16936546	697.515015
   84.60	16936735	697.520020
   84.60	16936923	697.525024
   84.60	16937112	697.530029
   84.60	16937299	697.534973
   85.65	16937488	697.539978
   84.60	16937675	697.544983
   85.50	16937864	697.549988
   84.60	16938052	697.554993
   84.60	16938240	697.559998
   84.60	16938428	697.565002
   84.60	16938617	697.570007
   85.50	16938805	697.575012
   84.60	16938993	697.580017
   84.60	16939181	697.585022
   84.60	16939370	697.590027
   84.60	16939558	697.594971
   85.65	16939746	697.599976
   84.60	16939934	697.604980
   84.60	16940123	697.609985
   84.60	16940311	697.614990
   84.60	16940500	697.619995
   85.50	16940688	697.625000
   83.70	16940876	697.630005
   85.50	16941064	697.635010
   84.60	16941253	697.640015
   85.50	16941441	697.645020
   84.60	16941630	697.650024
   84.60	16941818	697.655029
   84.60	16942006	697.659973
   85.65	16942194	697.664978
   84.60	16942383	697.669983
   84.60	16942571	697.674988
   84.60	16942760	697.679993
   85.50	16942947	697.684998
   83.70	16943136	697.690002
   85.50	16943324	697.695007
   84.60	16943513	697.700012
   84.60	16943700	697.705017
   84.60	16943889	697.710022
   85.50	16944077	697.715027
   84.60	16944266	697.719971
   85.65	16944453	697.724976
   84.60	16944642	697.729980
   84.60	16944830	697.734985
   84.60	16945018	697.739990
   84.60	16945206	697.744995
   84.60	16945395	697.750000
   84.60	16945582	697.755005
   84.60	16945771	697.760010
   84.60	16945959	697.765015
   84.60	16946147	697.770020
   84.60	16946335	697.775024
   84.60	16946524	697.780029
   84.60	16946711	697.784973
   85.65	16946900	697.789978
   85.50	16947088	697.794983
   83.70	16947276	697.799988
   85.50	16947464	697.804993
   84.60	16947652	697.809998
   84.60	16947840	697.815002
   84.60	16948029	697.820007
   84.60	16948217	697.825012
   84.60	16948405	697.830017
   85.50	16948593	697.835022
   83.70	16948781	697.840027
   85.50	16948969	697.844971
   85.65	16949158	697.849976
   84.60	16949346	697.854980
   84.60	16949534	697.859985
   84.60	16949722	697.864990
   84.60	16949911	697.869995
   84.60	16950098	697.875000
   84.60	16950287	697.880005
   84.60	16950474	697.885010
   84.60	16950663	697.890015
   84.60	16950851	697.895020
   84.60	16951040	697.900024
   84.60	16951227	697.905029
   83.70	16951416	697.909973
   86.56	16951603	697.914978
   83.70	16951792	697.919983
   85.50	16951980	697.924988
   84.60	16952169	697.929993
   84.60	16952356	697.934998
   84.60	16952545	697.940002
   84.60	16952732	697.945007
   84.60	16952921	697.950012
   84.60	16953108	697.955017
   84.60	16953297	697.960022
   84.60	16953484	697.965027
   84.60	16953672	697.969971
   85.65	16953860	697.974976
   83.70	16954048	697.979980
   85.50	16954236	697.984985
   83.70	16954424	697.989990
   84.60	16954611	697.994995
   84.60	16954800	698.000000
   85.50	16954988	698.005005
   83.70	16955176	698.010010
   84.60	16955363	698.015015
   84.60	16955552	698.020020
   84.60	16955739	698.025024
   84.60	16955928	698.030029
   85.50	16956116	698.034973
   84.74	16956304	698.039978
   85.50	16956491	698.044983
   83.70	16956680	698.049988
   85.50	16956868	698.054993
   83.70	16957056	698.059998
   85.50	16957244	698.065002
   83.70	16957432	698.070007
   85.50	16957620	698.075012
   83.70	16957808	698.080017
   85.50	16957996	698.085022
   83.70	16958184	698.090027
   85.50	16958372	698.094971
   84.74	16958560	698.099976
   85.50	16958748	698.104980
   83.70	16958936	698.109985
   85.50	16959124	698.114990
   84.60	16959313	698.119995
   84.60	16959500	698.125000
   84.60	16959689	698.130005
   85.50	16959876	698.135010
   83.70	16960065	698.140015
   85.50	16960252	698.145020
   83.70	16960441	698.150024
   85.50	16960629	698.155029
   83.70	16960818	698.159973
   85.65	16961005	698.164978
   84.60	16961194	698.169983
   84.60	16961381	698.174988
   84.60	16961570	698.179993
   84.60	16961758	698.184998
   84.60	16961947	698.190002
   84.60	16962135	698.195007
   84.60	16962324	698.200012
   84.60	16962511	698.205017
   84.60	16962700	698.210022
   84.60	16962888	698.215027
   84.60	16963077	698.219971
   85.65	16963265	698.224976
   85.50	16963453	698.229980
   84.60	16963641	698.234985
   84.60	16963830	698.239990
   84.60	16964018	698.244995
   84.60	16964207	698.250000
   84.60	16964395	698.255005
   84.60	16964584	698.260010
   85.50	16964772	698.265015
   83.70	16964960	698.270020
   86.40	16965149	698.275024
   83.70	16965337	698.280029
   85.50	16965525	698.284973
   85.65	16965714	698.289978
   84.60	16965902	698.294983
   84.60	16966091	698.299988
   84.60	16966279	698.304993
   84.60	16966468	698.309998
   85.50	16966656	698.315002
   84.60	16966845	698.320007
   85.50	16967033	698.325012
   84.60	16967222	698.330017
   84.60	16967410	698.335022
   84.60	16967599	698.340027
   84.60	16967787	698.344971
   85.65	16967976	698.349976
   85.50	16968163	698.354980
   84.60	16968353	698.359985
   84.60	16968540	698.364990
   84.60	16968730	698.369995
   85.50	16968917	698.375000
   84.60	16969106	698.380005
   84.60	16969294	698.385010
   84.60	16969483	698.390015
   84.60	16969671	698.395020
   84.60	16969860	698.400024
   84.60	16970048	698.405029
   85.50	16970237	698.409973
   85.65	16970424	698.414978
   84.60	16970613	698.419983
   85.50	16970801	698.424988
   84.60	16970990	698.429993
   84.60	16971178	698.434998
   84.60	16971366	698.440002
   84.60	16971554	698.445007
   84.60	16971743	698.450012
   84.60	16971931	698.455017
   84.60	16972119	698.460022
   84.60	16972308	698.465027
   84.60	16972496	698.469971
   86.56	16972684	698.474976
   84.60	16972872	698.479980
   85.50	16973061	698.484985
   83.70	16973249	698.489990
   85.50	16973437	698.494995
   83.70	16973625	698.500000
   85.50	16973813	698.505005
   84.60	16974002	698.510010
   84.60	16974190	698.515015
   84.60	16974378	698.520020
   84.60	16974566	698.525024
   84.60	16974755	698.530029
   84.60	16974942	698.534973
   85.65	16975131	698.539978
   84.60	16975319	698.544983
   84.60	16975508	698.549988
   85.50	16975695	698.554993
   83.70	16975884	698.559998
   85.50	16976071	698.565002
   83.70	16976260	698.570007
   85.50	16976448	698.575012
   84.60	16976637	698.580017
   84.60	16976824	698.585022
   84.60	16977013	698.590027
   85.50	16977201	698.594971
   85.65	16977390	698.599976
   84.60	16977577	698.604980
   84.60	16977766	698.609985
   84.60	16977953	698.614990
   84.60	16978142	698.619995
   84.60	16978330	698.625000
   84.60	16978518	698.630005
   84.60	16978706	698.635010
   84.60	16978894	698.640015
   84.60	16979082	698.645020
   84.60	16979271	698.650024
   84.60	16979458	698.655029
   84.60	16979647	698.659973
   85.65	16979834	698.664978
   84.60	16980023	698.669983
   84.60	16980210	698.674988
   84.60	16980399	698.679993
   84.60	16980586	698.684998
   84.60	16980775	698.690002
   84.60	16980962	698.695007
   84.60	16981150	698.700012
   84.60	16981338	698.705017
   84.60	16981526	698.710022
   84.60	16981714	698.715027
   84.60	16981901	698.719971
   85.65	16982089	698.724976
   83.70	16982277	698.729980
   85.50	16982464	698.734985
   83.70	16982652	698.739990
   84.60	16982840	698.744995
   83.70	16983028	698.750000
   85.50	16983215	698.755005
   83.70	16983404	698.760010
   84.60	16983591	698.765015
   84.60	16983779	698.770020
   84.60	16983966	698.775024
   84.60	16984155	698.780029
   84.60	16984342	698.784973
   85.65	16984530	698.789978
   84.60	16984718	698.794983
   84.60	16984906	698.799988
   84.60	16985093	698.804993
   84.60	16985282	698.809998
   84.60	16985469	698.815002
   83.70	16985657	698.820007
   85.50	16985845	698.825012
   83.70	16986033	698.830017
   84.60	16986220	698.835022
   84.60	16986409	698.840027
   84.60	16986596	698.844971
   85.65	16986785	698.849976
   84.60	16986972	698.854980
   84.60	16987160	698.859985
   84.60	16987348	698.864990
   84.60	16987536	698.869995
   84.60	16987724	698.875000
   84.60	16987912	698.880005
   84.60	16988100	698.885010
   83.70	16988288	698.890015
   85.50	16988476	698.895020
   83.70	16988664	698.900024
   84.60	16988852	698.905029
   83.70	16989040	698.909973
   86.56	16989228	698.914978
   83.70	16989416	698.919983
   85.50	16989603	698.924988
   83.70	16989792	698.929993
   85.50	16989979	698.934998
   83.70	16990168	698.940002
   84.60	16990355	698.945007
   84.60	16990544	698.950012
   85.50	16990731	698.955017
   83.70	16990920	698.960022
   85.50	16991107	698.965027
   83.70	16991296	698.969971
   85.65	16991483	698.974976
   84.60	16991672	698.979980
   85.50	16991859	698.984985
   83.70	16992048	698.989990
   85.50	16992235	698.994995
   83.70	16992424	699.000000
   85.50	16992611	699.005005
   83.70	16992800	699.010010
   85.50	16992987	699.015015
   83.70	16993176	699.020020
   85.50	16993364	699.025024
   83.70	16993553	699.030029
   85.50	16993740	699.034973
   85.65	16993929	699.039978
   84.60	16994116	699.044983
   84.60	16994305	699.049988
   85.50	16994493	699.054993
   84.60	16994682	699.059998
   84.60	16994869	699.065002
   84.60	16995058	699.070007
   84.60	16995245	699.075012
   84.60	16995434	699.080017
   84.60	16995622	699.085022
   84.60	16995811	699.090027
   84.60	16995998	699.094971
   85.65	16996187	699.099976
   84.60	16996375	699.104980
   84.60	16996564	699.109985
   85.50	16996752	699.114990
   83.70	16996940	699.119995
   85.50	16997128	699.125000
   84.60	16997317	699.130005
   85.50	16997505	699.135010
   84.60	16997693	699.140015
   84.60	16997882	699.145020
   84.60	16998070	699.150024
   84.60	16998258	699.155029
   84.60	16998447	699.159973
   85.65	16998635	699.164978
   84.60	16998824	699.169983
   85.50	16999012	699.174988
   83.70	16999200	699.179993
   85.50	16999388	699.184998
   84.60	16999577	699.190002
   85.50	16999765	699.195007
   83.70	16999953	699.200012
   85.50	17000141	699.205017
   84.60	17000330	699.210022
   84.60	17000518	699.215027
   84.60	17000706	699.219971
   85.65	17000894	699.224976
   84.60	17001083	699.229980
   84.60	17001270	699.234985
   84.60	17001459	699.239990
   84.60	17001647	699.244995
   84.60	17001836	699.250000
   84.60	17002023	699.255005
   84.60	17002212	699.260010
   85.50	17002399	699.265015
   84.60	17002588	699.270020
   84.60	17002776	699.275024
   84.60	17002965	699.280029
   85.50	17003152	699.284973
   84.74	17003341	699.289978
   85.50	17003529	699.294983
   84.60	17003718	699.299988
   84.60	17003905	699.304993
   84.60	17004094	699.309998
   84.60	17004282	699.315002
   84.60	17004470	699.320007
   84.60	17004658	699.325012
   84.60	17004846	699.330017
   84.60	17005034	699.335022
   84.60	17005223	699.340027
   84.60	17005411	699.344971
   85.65	17005599	699.349976
   84.60	17005787	699.354980
   84.60	17005976	699.359985
   85.50	17006164	699.364990
   83.70	17006352	699.369995
   85.50	17006540	699.375000
   84.60	17006728	699.380005
   84.60	17006916	699.385010
   84.60	17007105	699.390015
   85.50	17007292	699.395020
   83.70	17007481	699.400024
   85.50	17007669	699.405029
   83.70	17007857	699.409973
   86.56	17008045	699.414978
   83.70	17008233	699.419983
   85.50	17008421	699.424988
   83.70	17008609	699.429993
   85.50	17008797	699.434998
   83.70	17008985	699.440002
   85.50	17009173	699.445007
   83.70	17009361	699.450012
   85.50	17009548	699.455017
   83.70	17009737	699.460022
   84.60	17009924	699.465027
   84.60	17010113	699.469971
   85.65	17010300	699.474976
   83.70	17010488	699.479980
   84.60	17010675	699.484985
   84.60	17010864	699.489990
   84.60	17011051	699.494995
   84.60	17011239	699.500000
   84.60	17011426	699.505005
   84.60	17011615	699.510010
   84.60	17011802	699.515015
   84.60	17011991	699.520020
   84.60	17012178	699.525024
   84.60	17012366	699.530029
   84.60	17012553	699.534973
   85.65	17012742	699.539978
   84.60	17012929	699.544983
   84.60	17013118	699.549988
   84.60	17013305	699.554993
   84.60	17013493	699.559998
   84.60	17013681	699.565002
   84.60	17013869	699.570007
   84.60	17014057	699.575012
   83.70	17014245	699.580017
   85.50	17014433	699.585022
   83.70	17014621	699.590027
   85.50	17014809	699.594971
   84.74	17014997	699.599976
   84.60	17015184	699.604980
   84.60	17015373	699.609985
   85.50	17015560	699.614990
   83.70	17015748	699.619995
   84.60	17015936	699.625000
   84.60	17016124	699.630005
   84.60	17016312	699.635010
   83.70	17016500	699.640015
   85.50	17016688	699.645020
   83.70	17016876	699.650024
   85.50	17017064	699.655029
   83.70	17017252	699.659973
   86.56	17017439	699.664978
   83.70	17017628	699.669983
   85.50	17017815	699.674988
   83.70	17018004	699.679993
   85.50	17018191	699.684998
   83.70	17018380	699.690002
   85.50	17018567	699.695007
   83.70	17018756	699.700012
   85.50	17018943	699.705017
   83.70	17019132	699.710022
   85.50	17019320	699.715027
   84.60	17019508	699.719971
   85.65	17019696	699.724976
   84.60	17019885	699.729980
   84.60	17020072	699.734985
   84.60	17020261	699.739990
   84.60	17020449	699.744995
   85.50	17020637	699.750000
   84.60	17020825	699.755005
   84.60	17021014	699.760010
   84.60	17021201	699.765015
   84.60	17021390	699.770020
   84.60	17021578	699.775024
   84.60	17021766	699.780029
   84.60	17021954	699.784973
   85.65	17022143	699.789978
   84.60	17022331	699.794983
   84.60	17022519	699.799988
   84.60	17022707	699.804993
   84.60	17022896	699.809998
   85.50	17023084	699.815002
   83.70	17023272	699.820007
   85.50	17023460	699.825012