    1.85	23847234	2216.070068
    4.39	23847250	2216.074951
   11.07	23847282	2216.080078
   18.45	23847329	2216.084961
   24.91	23847388	2216.090088
   28.99	23847459	2216.094971
   35.06	23847540	2216.100098
   38.66	23847629	2216.104980
   42.44	23847726	2216.110107
   43.93	23847829	2216.114990
   49.82	23847938	2216.120117
   49.20	23848052	2216.125000
   53.51	23848171	2216.129883
   56.27	23848294	2216.135010
   55.35	23848420	2216.139893
   58.12	23848549	2216.145020
   57.11	23848681	2216.149902
   62.73	23848815	2216.155029
   58.87	23848952	2216.159912
   63.65	23849090	2216.165039
   61.50	23849231	2216.169922
   64.58	23849372	2216.175049
   63.26	23849516	2216.179932
   66.42	23849660	2216.185059
   63.26	23849806	2216.189941
   68.27	23849952	2216.195068
   63.26	23850099	2216.199951
   68.27	23850247	2216.205078
   65.02	23850396	2216.209961
   70.11	23850545	2216.215088
   65.02	23850695	2216.219971
   70.11	23850846	2216.225098
   65.02	23850997	2216.229980
   70.11	23851148	2216.235107
   66.77	23851300	2216.239990
   70.11	23851451	2216.245117
   66.77	23851604	2216.250000
   70.11	23851756	2216.254883
   70.11	23851910	2216.260010
   68.53	23852062	2216.264893
   70.11	23852216	2216.270020
   66.77	23852369	2216.274902
   71.03	23852522	2216.280029
   67.65	23852676	2216.284912
   70.11	23852830	2216.290039
   68.53	23852983	2216.294922
   70.11	23853138	2216.300049
   68.53	23853291	2216.304932
   70.11	23853446	2216.310059
   68.53	23853599	2216.314941
   70.11	23853754	2216.320068
   68.53	23853908	2216.324951
   71.03	23854063	2216.330078
   67.65	23854217	2216.334961
   71.96	23854373	2216.340088
   68.53	23854527	2216.344971
   70.11	23854682	2216.350098
   68.53	23854836	2216.354980
   71.03	23854991	2216.360107
   67.65	23855146	2216.364990
   71.96	23855301	2216.370117
   68.53	23855456	2216.375000
   71.03	23855611	2216.379883
   71.03	23855765	2216.385010
   68.53	23855921	2216.389893
   71.96	23856075	2216.395020
   67.65	23856231	2216.399902
   71.03	23856385	2216.405029
   68.53	23856541	2216.409912
   71.96	23856695	2216.415039
   66.77	23856850	2216.419922
   71.96	23857005	2216.425049
   68.53	23857160	2216.429932
   71.03	23857315	2216.435059
   67.65	23857470	2216.439941
   71.96	23857624	2216.445068
   67.65	23857780	2216.449951
   71.03	23857934	2216.455078
   68.53	23858089	2216.459961
   71.96	23858244	2216.465088
   67.65	23858399	2216.469971
   71.03	23858553	2216.475098
   68.53	23858709	2216.479980
   71.96	23858863	2216.485107
   66.77	23859018	2216.489990
   71.96	23859173	2216.495117
   67.65	23859328	2216.500000
   71.96	23859482	2216.504883
   71.03	23859637	2216.510010
   68.53	23859792	2216.514893
   71.03	23859947	2216.520020
   67.65	23860101	2216.524902
   71.96	23860257	2216.530029
   68.53	23860411	2216.534912
   70.11	23860567	2216.540039
   68.53	23860721	2216.544922
   71.96	23860876	2216.550049
   68.53	23861031	2216.554932
   70.11	23861186	2216.560059
   68.53	23861341	2216.564941
   71.03	23861496	2216.570068
   68.53	23861650	2216.574951
   71.03	23861805	2216.580078
   68.53	23861960	2216.584961
   71.03	23862115	2216.590088
   67.65	23862269	2216.594971
   71.96	23862425	2216.600098
   68.53	23862579	2216.604980
   70.11	23862734	2216.610107
   68.53	23862889	2216.614990
   71.96	23863044	2216.620117
   67.65	23863198	2216.625000
   71.03	23863353	2216.629883
   71.96	23863508	2216.635010
   67.65	23863663	2216.639893
   71.03	23863818	2216.645020
   68.53	23863973	2216.649902
   71.96	23864127	2216.655029
   66.77	23864282	2216.659912
   71.96	23864437	2216.665039
   68.53	23864592	2216.669922
   71.03	23864746	2216.675049
   67.65	23864902	2216.679932
   71.96	23865056	2216.685059
   67.65	23865211	2216.689941
   71.03	23865365	2216.695068
   68.53	23865521	2216.699951
   71.96	23865675	2216.705078
   66.77	23865830	2216.709961
   71.96	23865985	2216.715088
   68.53	23866140	2216.719971
   71.03	23866294	2216.725098
   67.65	23866449	2216.729980
   71.96	23866604	2216.735107
   67.65	23866759	2216.739990
   71.03	23866913	2216.745117
   68.53	23867069	2216.750000
   71.03	23867223	2216.754883
   71.03	23867378	2216.760010
   68.53	23867532	2216.764893
   71.03	23867688	2216.770020
   68.53	23867842	2216.774902
   71.03	23867997	2216.780029
   68.53	23868152	2216.784912
   70.11	23868306	2216.790039
   68.53	23868461	2216.794922
   71.96	23868616	2216.800049
   67.65	23868770	2216.804932
   71.03	23868926	2216.810059
   68.53	23869080	2216.814941
   71.03	23869235	2216.820068
   67.65	23869389	2216.824951
   71.96	23869544	2216.830078
   67.65	23869699	2216.834961
   71.03	23869854	2216.840088
   68.53	23870008	2216.844971
   71.03	23870163	2216.850098
   67.65	23870318	2216.854980
   71.96	23870473	2216.860107
   68.53	23870627	2216.864990
   70.11	23870782	2216.870117
   68.53	23870937	2216.875000
   71.96	23871092	2216.879883
   70.11	23871246	2216.885010
   68.53	23871401	2216.889893
   71.96	23871555	2216.895020
   66.77	23871711	2216.899902
   71.03	23871865	2216.905029
   68.53	23872020	2216.909912
   71.03	23872174	2216.915039
   67.65	23872329	2216.919922
   71.96	23872484	2216.925049
   67.65	23872639	2216.929932
   71.03	23872794	2216.935059
   68.53	23872949	2216.939941
   71.96	23873103	2216.945068
   67.65	23873259	2216.949951
   71.03	23873413	2216.955078
   68.53	23873568	2216.959961
   71.03	23873722	2216.965088
   67.65	23873878	2216.969971
   71.96	23874032	2216.975098
   67.65	23874187	2216.979980
   71.03	23874342	2216.985107
   68.53	23874497	2216.989990
   71.96	23874651	2216.995117
   66.77	23874806	2217.000000
   71.96	23874961	2217.004883
   71.96	23875116	2217.010010
   67.65	23875270	2217.014893
   71.03	23875426	2217.020020
   68.53	23875580	2217.024902
   71.03	23875735	2217.030029
   67.65	23875889	2217.034912
   71.96	23876045	2217.040039
   68.53	23876199	2217.044922
   70.11	23876354	2217.050049
   68.53	23876509	2217.054932
   71.03	23876664	2217.060059
   68.53	23876818	2217.064941
   71.03	23876973	2217.070068
   68.53	23877128	2217.074951
   71.03	23877283	2217.080078
   67.65	23877437	2217.084961
   71.96	23877593	2217.090088
   67.65	23877747	2217.094971
   71.03	23877902	2217.100098
   68.53	23878056	2217.104980
   71.03	23878212	2217.110107
   68.53	23878366	2217.114990
   71.03	23878521	2217.120117
   68.53	23878676	2217.125000
   70.11	23878831	2217.129883
   71.03	23878985	2217.135010
   68.53	23879140	2217.139893
   71.96	23879295	2217.145020
   66.77	23879450	2217.149902
   71.96	23879605	2217.155029
   68.53	23879760	2217.159912
   71.03	23879915	2217.165039
   67.65	23880070	2217.169922
   71.96	23880224	2217.175049
   68.53	23880380	2217.179932
   71.03	23880534	2217.185059
   67.65	23880690	2217.189941
   71.96	23880845	2217.195068
   67.65	23881000	2217.199951
   71.96	23881155	2217.205078
   67.65	23881310	2217.209961
   71.96	23881465	2217.215088
   68.53	23881620	2217.219971
   71.03	23881775	2217.225098
   67.65	23881930	2217.229980
   71.96	23882085	2217.235107
   68.53	23882241	2217.239990
   71.96	23882395	2217.245117
   66.77	23882551	2217.250000
   71.96	23882705	2217.254883
   71.96	23882861	2217.260010
   68.53	23883016	2217.264893
   71.03	23883172	2217.270020
   68.53	23883327	2217.274902
   71.03	23883482	2217.280029
   68.53	23883637	2217.284912
   71.96	23883793	2217.290039
   68.53	23883948	2217.294922
   71.03	23884103	2217.300049
   67.65	23884258	2217.304932
   71.03	23884414	2217.310059
   68.53	23884569	2217.314941
   71.96	23884725	2217.320068
   68.53	23884879	2217.324951
   70.11	23885035	2217.330078
   68.53	23885189	2217.334961
   71.96	23885345	2217.340088
   68.53	23885500	2217.344971
   70.11	23885655	2217.350098
   67.65	23885810	2217.354980
   71.96	23885965	2217.360107
   68.53	23886120	2217.364990
   71.03	23886275	2217.370117
   67.65	23886430	2217.375000
   71.96	23886586	2217.379883
   71.96	23886740	2217.385010
   68.53	23886896	2217.389893
   71.03	23887050	2217.395020
   67.65	23887206	2217.399902
   71.96	23887361	2217.405029
   68.53	23887516	2217.409912
   71.96	23887671	2217.415039
   66.77	23887826	2217.419922
   71.96	23887981	2217.425049
   68.53	23888136	2217.429932
   71.96	23888291	2217.435059
   66.77	23888447	2217.439941
   71.96	23888601	2217.445068
   68.53	23888757	2217.449951
   71.96	23888911	2217.455078
   67.65	23889067	2217.459961
   71.03	23889221	2217.465088
   68.53	23889377	2217.469971
   71.96	23889532	2217.475098
   67.65	23889687	2217.479980
   71.96	23889842	2217.485107
   67.65	23889998	2217.489990
   71.96	23890152	2217.495117
   67.65	23890308	2217.500000
   71.96	23890463	2217.504883
   71.03	23890618	2217.510010
   68.53	23890773	2217.514893
   71.96	23890928	2217.520020
   67.65	23891083	2217.524902
   71.03	23891239	2217.530029
   68.53	23891393	2217.534912
   71.96	23891549	2217.540039
   68.53	23891703	2217.544922
   71.03	23891859	2217.550049
   68.53	23892014	2217.554932
   71.03	23892170	2217.560059
   68.53	23892325	2217.564941
   71.96	23892480	2217.570068
   67.65	23892635	2217.574951
   71.03	23892790	2217.580078
   68.53	23892945	2217.584961
   71.96	23893101	2217.590088
   68.53	23893256	2217.594971
   71.03	23893411	2217.600098
   67.65	23893566	2217.604980
   71.96	23893722	2217.610107
   68.53	23893876	2217.614990
   71.03	23894032	2217.620117
   68.53	23894187	2217.625000
   71.03	23894342	2217.629883
   71.96	23894497	2217.635010
   68.53	23894652	2217.639893
   71.96	23894807	2217.645020
   66.77	23894963	2217.649902
   71.96	23895117	2217.655029
   68.53	23895273	2217.659912
   71.96	23895428	2217.665039
   67.65	23895583	2217.669922
   71.03	23895737	2217.675049
   68.53	23895893	2217.679932
   71.96	23896047	2217.685059
   67.65	23896203	2217.689941
   71.03	23896357	2217.695068
   68.53	23896513	2217.699951
   71.96	23896667	2217.705078
   66.77	23896822	2217.709961
   71.96	23896977	2217.715088
   68.53	23897132	2217.719971
   71.03	23897286	2217.725098
   67.65	23897442	2217.729980
   71.96	23897596	2217.735107
   67.65	23897751	2217.739990
   71.03	23897906	2217.745117
   68.53	23898061	2217.750000
   71.96	23898215	2217.754883
   70.11	23898371	2217.760010
   68.53	23898525	2217.764893
   71.96	23898680	2217.770020
   68.53	23898835	2217.774902
   70.11	23898990	2217.780029
   68.53	23899145	2217.784912
   71.96	23899300	2217.790039
   67.65	23899455	2217.794922
   71.03	23899610	2217.800049
   68.53	23899765	2217.804932
   71.96	23899920	2217.810059
   67.65	23900075	2217.814941
   71.03	23900230	2217.820068
   68.53	23900385	2217.824951
   71.96	23900541	2217.830078
   68.53	23900695	2217.834961
   70.11	23900851	2217.840088
   68.53	23901005	2217.844971
   71.96	23901161	2217.850098
   68.53	23901316	2217.854980
   71.03	23901471	2217.860107
   67.65	23901626	2217.864990
   71.96	23901781	2217.870117
   68.53	23901936	2217.875000
   71.03	23902091	2217.879883
   71.03	23902246	2217.885010
   68.53	23902401	2217.889893
   71.96	23902556	2217.895020
   67.65	23902711	2217.899902
   71.03	23902866	2217.905029
   68.53	23903021	2217.909912
   71.96	23903176	2217.915039
   67.65	23903331	2217.919922
   71.03	23903486	2217.925049
   68.53	23903641	2217.929932
   71.96	23903796	2217.935059
   67.65	23903951	2217.939941
   71.03	23904106	2217.945068
   68.53	23904261	2217.949951
   71.96	23904416	2217.955078
   67.65	23904571	2217.959961
   71.03	23904726	2217.965088
   68.53	23904881	2217.969971
   71.96	23905036	2217.975098
   67.65	23905191	2217.979980
   71.96	23905346	2217.985107
   67.65	23905501	2217.989990
   71.96	23905656	2217.995117
   67.65	23905811	2218.000000
   71.96	23905966	2218.004883
   71.03	23906121	2218.010010
   68.53	23906276	2218.014893
   71.03	23906432	2218.020020
   68.53	23906586	2218.024902
   71.03	23906742	2218.030029
   68.53	23906896	2218.034912
   71.96	23907052	2218.040039
   67.65	23907207	2218.044922
   71.03	23907362	2218.050049
   68.53	23907517	2218.054932
   71.96	23907672	2218.060059
   68.53	23907827	2218.064941
   70.11	23907982	2218.070068
   68.53	23908137	2218.074951
   71.96	23908292	2218.080078
   68.53	23908447	2218.084961
   70.11	23908603	2218.090088
   68.53	23908757	2218.094971
   71.96	23908913	2218.100098
   68.53	23909068	2218.104980
   71.03	23909224	2218.110107
   68.53	23909378	2218.114990
   71.03	23909534	2218.120117
   68.53	23909688	2218.125000
   71.03	23909844	2218.129883
   71.96	23909999	2218.135010
   67.65	23910154	2218.139893
   71.96	23910309	2218.145020
   68.53	23910464	2218.149902
   71.96	23910619	2218.155029
   66.77	23910775	2218.159912
   71.96	23910929	2218.165039
   68.53	23911085	2218.169922
   71.96	23911239	2218.175049
   67.65	23911395	2218.179932
   71.03	23911550	2218.185059
   68.53	23911705	2218.189941
   71.96	23911860	2218.195068
   67.65	23912015	2218.199951
   71.96	23912170	2218.205078
   67.65	23912326	2218.209961
   71.96	23912480	2218.215088
   67.65	23912636	2218.219971
   71.96	23912791	2218.225098
   67.65	23912946	2218.229980
   71.96	23913101	2218.235107
   68.53	23913256	2218.239990
   71.03	23913411	2218.245117
   67.65	23913566	2218.250000
   71.96	23913721	2218.254883
   71.96	23913877	2218.260010
   68.53	23914031	2218.264893
   71.03	23914187	2218.270020
   67.65	23914342	2218.274902
   71.96	23914497	2218.280029
   68.53	23914652	2218.284912
   71.03	23914807	2218.290039
   68.53	23914962	2218.294922
   71.03	23915117	2218.300049
   68.53	23915272	2218.304932
   71.03	23915428	2218.310059
   68.53	23915582	2218.314941
   71.03	23915738	2218.320068
   68.53	23915892	2218.324951
   71.03	23916048	2218.330078
   68.53	23916202	2218.334961
   71.03	23916358	2218.340088
   68.53	23916512	2218.344971
   71.03	23916668	2218.350098
   68.53	23916822	2218.354980
   71.03	23916977	2218.360107
   68.53	23917132	2218.364990
   71.03	23917287	2218.370117
   68.53	23917442	2218.375000
   71.03	23917597	2218.379883
   71.96	23917752	2218.385010
   67.65	23917908	2218.389893
   71.03	23918062	2218.395020
   68.53	23918218	2218.399902
   71.96	23918372	2218.405029
   67.65	23918528	2218.409912
   71.96	23918682	2218.415039
   67.65	23918838	2218.419922
   71.96	23918993	2218.425049
   67.65	23919148	2218.429932
   71.96	23919303	2218.435059
   67.65	23919458	2218.439941
   71.96	23919613	2218.445068
   68.53	23919768	2218.449951
   71.96	23919923	2218.455078
   67.65	23920079	2218.459961
   71.03	23920234	2218.465088
   68.53	23920390	2218.469971
   71.96	23920544	2218.475098
   68.53	23920700	2218.479980
   71.03	23920855	2218.485107
   67.65	23921011	2218.489990
   71.96	23921165	2218.495117
   68.53	23921321	2218.500000
   71.96	23921476	2218.504883
   71.03	23921632	2218.510010
   68.53	23921787	2218.514893
   71.03	23921942	2218.520020
   68.53	23922097	2218.524902
   71.96	23922253	2218.530029
   68.53	23922407	2218.534912
   71.03	23922563	2218.540039
   67.65	23922718	2218.544922
   71.96	23922873	2218.550049
   68.53	23923028	2218.554932
   71.03	23923184	2218.560059
   68.53	23923338	2218.564941
   71.03	23923494	2218.570068
   68.53	23923648	2218.574951
   71.03	23923804	2218.580078
   68.53	23923959	2218.584961
   71.03	23924114	2218.590088
   68.53	23924269	2218.594971
   71.96	23924424	2218.600098
   67.65	23924579	2218.604980
   71.03	23924734	2218.610107
   68.53	23924888	2218.614990
   71.03	23925044	2218.620117
   67.65	23925198	2218.625000
   71.96	23925353	2218.629883
   71.96	23925508	2218.635010
   66.77	23925663	2218.639893
   71.96	23925817	2218.645020
   68.53	23925972	2218.649902
   71.03	23926127	2218.655029
   67.65	23926282	2218.659912
   71.96	23926436	2218.665039
   67.65	23926591	2218.669922
   71.03	23926746	2218.675049
   68.53	23926901	2218.679932
   71.96	23927055	2218.685059
   67.65	23927211	2218.689941
   71.03	23927365	2218.695068
   68.53	23927520	2218.699951
   71.03	23927674	2218.705078
   67.65	23927830	2218.709961
   71.96	23927984	2218.715088
   67.65	23928139	2218.719971
   71.03	23928294	2218.725098
   68.53	23928449	2218.729980
   71.96	23928603	2218.735107
   66.77	23928758	2218.739990
   71.96	23928913	2218.745117
   68.53	23929068	2218.750000
   71.03	23929222	2218.754883
   71.03	23929378	2218.760010
   68.53	23929532	2218.764893
   71.03	23929687	2218.770020
   67.65	23929841	2218.774902
   71.96	23929997	2218.780029
   68.53	23930151	2218.784912
   70.11	23930306	2218.790039
   68.53	23930461	2218.794922
   71.96	23930616	2218.800049
   67.65	23930771	2218.804932
   71.03	23930926	2218.810059
   68.53	23931081	2218.814941
   71.96	23931236	2218.820068
   67.65	23931391	2218.824951
   71.03	23931546	2218.830078
   68.53	23931700	2218.834961
   71.96	23931856	2218.840088
   67.65	23932010	2218.844971
   71.03	23932166	2218.850098
   68.53	23932320	2218.854980
   71.03	23932475	2218.860107
   68.53	23932630	2218.864990
   71.03	23932785	2218.870117
   68.53	23932940	2218.875000
   71.03	23933095	2218.879883
   71.03	23933249	2218.885010
   68.53	23933405	2218.889893
   71.96	23933559	2218.895020
   66.77	23933715	2218.899902
   71.96	23933869	2218.905029
   68.53	23934024	2218.909912
   71.03	23934179	2218.915039
   67.65	23934334	2218.919922
   71.96	23934489	2218.925049
   68.53	23934644	2218.929932
   71.03	23934799	2218.935059
   67.65	23934954	2218.939941
   71.96	23935109	2218.945068
   68.53	23935264	2218.949951
   71.03	23935419	2218.955078
   67.65	23935574	2218.959961
   71.96	23935729	2218.965088
   68.53	23935885	2218.969971
   71.03	23936039	2218.975098
   67.65	23936195	2218.979980
   71.96	23936349	2218.985107
   68.53	23936505	2218.989990
   71.96	23936660	2218.995117
   67.65	23936816	2219.000000
   71.96	23936970	2219.004883
   71.03	23937126	2219.010010
   68.53	23937281	2219.014893
   71.96	23937436	2219.020020
   67.65	23937591	2219.024902
   71.96	23937747	2219.030029
   67.65	23937902	2219.034912
   71.96	23938057	2219.040039
   68.53	23938212	2219.044922
   71.96	23938368	2219.050049
   67.65	23938522	2219.054932
   71.03	23938679	2219.060059
   68.53	23938833	2219.064941
   71.96	23938989	2219.070068
   68.53	23939144	2219.074951
   71.03	23939300	2219.080078
   68.53	23939455	2219.084961
   71.03	23939610	2219.090088
   68.53	23939765	2219.094971
   71.96	23939921	2219.100098
   68.53	23940076	2219.104980
   71.96	23940232	2219.110107
   67.65	23940387	2219.114990
   71.03	23940543	2219.120117
   68.53	23940698	2219.125000
   71.96	23940854	2219.129883
   71.96	23941009	2219.135010
   68.53	23941165	2219.139893
   71.96	23941320	2219.145020
   67.65	23941476	2219.149902
   71.96	23941631	2219.155029
   67.65	23941786	2219.159912
   71.96	23941941	2219.165039
   68.53	23942097	2219.169922
   71.96	23942252	2219.175049
   67.65	23942408	2219.179932
   71.03	23942563	2219.185059
   67.65	23942719	2219.189941
   71.96	23942873	2219.195068
   68.53	23943029	2219.199951
   71.96	23943184	2219.205078
   67.65	23943340	2219.209961
   71.96	23943495	2219.215088
   67.65	23943650	2219.219971
   71.96	23943805	2219.225098
   68.53	23943960	2219.229980
   71.03	23944115	2219.235107
   67.65	23944270	2219.239990
   71.96	23944425	2219.245117
   68.53	23944580	2219.250000
   71.03	23944735	2219.254883
   71.03	23944890	2219.260010
   68.53	23945045	2219.264893
   71.96	23945200	2219.270020
   67.65	23945355	2219.274902
   71.03	23945510	2219.280029
   68.53	23945664	2219.284912
   71.03	23945820	2219.290039
   67.65	23945974	2219.294922
   71.96	23946129	2219.300049
   68.53	23946284	2219.304932
   71.03	23946439	2219.310059
   67.65	23946594	2219.314941
   71.96	23946749	2219.320068
   68.53	23946904	2219.324951
   71.03	23947059	2219.330078
   67.65	23947214	2219.334961
   71.96	23947370	2219.340088
   68.53	23947524	2219.344971
   71.03	23947680	2219.350098
   68.53	23947834	2219.354980
   71.03	23947990	2219.360107
   68.53	23948145	2219.364990
   71.96	23948300	2219.370117
   68.53	23948455	2219.375000
   71.03	23948611	2219.379883
   71.03	23948766	2219.385010
   68.53	23948921	2219.389893
   71.96	23949076	2219.395020
   67.65	23949232	2219.399902
   71.96	23949386	2219.405029
   67.65	23949542	2219.409912
   71.96	23949697	2219.415039
   68.53	23949853	2219.419922
   71.96	23950007	2219.425049
   66.77	23950162	2219.429932
   71.96	23950314	2219.435059
   65.02	23950465	2219.439941
   69.19	23950615	2219.445068
   65.02	23950763	2219.449951
   68.27	23950909	2219.455078
   64.14	23951055	2219.459961
   66.42	23951198	2219.465088
   62.38	23951340	2219.469971
   65.50	23951480	2219.475098
   60.62	23951620	2219.479980
   64.58	23951757	2219.485107
   59.74	23951893	2219.489990
   62.73	23952028	2219.495117
   57.99	23952161	2219.500000
   60.89	23952292	2219.504883
   60.89	23952422	2219.510010
   56.23	23952550	2219.514893
   59.04	23952678	2219.520020
   56.23	23952803	2219.524902
   57.20	23952927	2219.530029
   53.59	23953049	2219.534912
   56.27	23953171	2219.540039
   52.72	23953290	2219.544922
   55.35	23953408	2219.550049
   50.96	23953525	2219.554932
   53.51	23953640	2219.560059
   50.08	23953753	2219.564941
   52.58	23953866	2219.570068
   49.20	23953976	2219.574951
   49.82	23954086	2219.580078
   47.44	23954194	2219.584961
   49.82	23954301	2219.590088
   46.57	23954405	2219.594971
   47.97	23954509	2219.600098
   44.81	23954611	2219.604980
   47.05	23954712	2219.610107
   43.93	23954811	2219.614990
   45.20	23954910	2219.620117
   43.05	23955006	2219.625000
   43.36	23955101	2219.629883
   44.28	23955195	2219.635010
   40.42	23955288	2219.639893
   42.44	23955378	2219.645020
   39.54	23955468	2219.649902
   41.51	23955556	2219.655029
   37.78	23955643	2219.659912
   39.67	23955728	2219.665039
   36.90	23955812	2219.669922
   38.75	23955894	2219.675049
   36.02	23955976	2219.679932
   37.82	23956056	2219.685059
   34.27	23956134	2219.689941
   35.98	23956211	2219.695068
   33.39	23956288	2219.699951
   35.06	23956362	2219.705078
   31.63	23956435	2219.709961
   33.21	23956507	2219.715088
   31.63	23956577	2219.719971
   31.37	23956646	2219.725098
   30.75	23956714	2219.729980
   30.44	23956781	2219.735107
   29.87	23956846	2219.739990
   29.52	23956909	2219.745117
   27.24	23956972	2219.750000
   28.60	23957033	2219.754883
   27.68	23957094	2219.760010
   26.36	23957152	2219.764893
   26.75	23957209	2219.770020
   24.60	23957266	2219.774902
   25.83	23957321	2219.780029
   23.72	23957374	2219.784912
   23.99	23957427	2219.790039
   22.84	23957478	2219.794922
   23.99	23957528	2219.800049
   21.09	23957577	2219.804932
   22.14	23957624	2219.810059
   21.09	23957671	2219.814941
   20.30	23957716	2219.820068
   20.21	23957760	2219.824951
   19.37	23957803	2219.830078
   19.33	23957845	2219.834961
   18.45	23957886	2219.840088
   17.57	23957925	2219.844971
   18.45	23957964	2219.850098
   15.81	23958001	2219.854980
   17.53	23958037	2219.860107
   15.81	23958073	2219.864990
   15.68	23958107	2219.870117
   14.94	23958140	2219.875000
   15.68	23958172	2219.879883
   13.84	23958203	2219.885010
   13.18	23958233	2219.889893
   13.84	23958262	2219.895020
   12.30	23958289	2219.899902
   11.99	23958316	2219.905029
   12.30	23958342	2219.909912
   11.07	23958367	2219.915039
   10.54	23958391	2219.919922
   11.07	23958414	2219.925049
   10.54	23958436	2219.929932
    9.23	23958456	2219.935059
    8.79	23958477	2219.939941
    9.23	23958495	2219.945068
    7.91	23958513	2219.949951
    8.30	23958530	2219.955078
    7.03	23958547	2219.959961
    7.38	23958562	2219.965088
    6.15	23958576	2219.969971
    6.46	23958590	2219.975098
    5.27	23958602	2219.979980
    5.54	23958613	2219.985107
    4.39	23958622	2219.989990
    4.61	23958630	2219.995117
    3.51	23958638	2220.000000
    3.69	23958646	2220.004883
    3.69	23958654	2220.010010
    2.64	23958661	2220.014893
    2.77	23958666	2220.020020
    1.76	23958670	2220.024902
    1.85	23958672	2220.030029
    0.00	23958672	2220.034912
    0.00	23958671	2220.040039
    0.00	23958671	2220.044922
    0.00	23958670	2220.050049
   -0.88	23958670	2220.054932
    0.00	23958669	2220.060059
   -0.88	23958669	2220.064941
    0.00	23958668	2220.070068
    0.00	23958667	2220.074951
   -0.92	23958665	2220.080078
   -0.88	23958664	2220.084961
   -0.92	23958662	2220.090088
   -0.88	23958659	2220.094971
   -0.92	23958656	2220.100098
   -0.88	23958654	2220.104980
   -1.85	23958652	2220.110107
    0.00	23958650	2220.114990
   -0.92	23958650	2220.120117
    0.00	23958650	2220.125000
    0.00	23958651	2220.129883
    0.92	23958651	2220.135010
    0.00	23958651	2220.139893
    0.00	23958651	2220.145020
    0.00	23958651	2220.149902
    0.00	23958651	2220.155029
    0.00	23958651	2220.159912
    0.00	23958651	2220.165039
    0.00	23958651	2220.169922
    0.00	23958651	2220.175049
    0.00	23958651	2220.179932
    0.00	23958651	2220.185059
    0.00	23958651	2220.189941
    0.00	23958651	2220.195068
    0.00	23958651	2220.199951
    0.00	23958651	2220.205078
    0.00	23958651	2220.209961
    0.00	23958651	2220.215088
    0.00	23958651	2220.219971
    0.00	23958651	2220.225098
    0.00	23958651	2220.229980
    0.00	23958651	2220.235107
    0.00	23958651	2220.239990
    0.00	23958651	2220.245117
    0.00	23958651	2220.250000
    0.00	23958651	2220.254883
    0.00	23958651	2220.260010
    0.00	23958651	2220.264893
    0.00	23958651	2220.270020
    0.00	23958651	2220.274902
    0.00	23958651	2220.280029
    0.00	23958651	2220.284912
    0.00	23958651	2220.290039
    0.00	23958651	2220.294922
    0.00	23958651	2220.300049
    0.00	23958651	2220.304932
    0.00	23958651	2220.310059
    0.00	23958651	2220.314941
    0.00	23958651	2220.320068
    0.00	23958651	2220.324951
    0.00	23958651	2220.330078
    0.00	23958651	2220.334961
    0.00	23958651	2220.340088
    0.00	23958651	2220.344971
    0.00	23958651	2220.350098
    0.00	23958651	2220.354980
    0.00	23958651	2220.360107
    0.00	23958651	2220.364990
    0.00	23958651	2220.370117
    0.00	23958651	2220.375000
    0.00	23958651	2220.379883
    0.00	23958651	2220.385010
    0.00	23958651	2220.389893
    0.00	23958651	2220.395020
    0.00	23958651	2220.399902
    0.00	23958651	2220.405029
    0.00	23958651	2220.409912
    0.00	23958651	2220.415039
    0.00	23958651	2220.419922
    0.00	23958651	2220.425049
    0.00	23958651	2220.429932
    0.00	23958651	2220.435059
    0.00	23958651	2220.439941
    0.00	23958651	2220.445068
    0.00	23958651	2220.449951
    0.00	23958651	2220.455078
    0.00	23958651	2220.459961
    0.00	23958651	2220.465088
    0.00	23958651	2220.469971
    0.00	23958651	2220.475098
    0.00	23958651	2220.479980
    0.00	23958651	2220.485107
    0.00	23958651	2220.489990
    0.00	23958651	2220.495117
    0.00	23958651	2220.500000
    0.00	23958651	2220.504883
    0.00	23958651	2220.510010
    0.00	23958651	2220.514893
    0.00	23958651	2220.520020
    0.00	23958651	2220.524902
    0.00	23958651	2220.530029
    0.00	23958651	2220.534912
    0.00	23958651	2220.540039
    0.00	23958651	2220.544922
    0.00	23958651	2220.550049
    0.00	23958651	2220.554932
    0.00	23958651	2220.560059
   