
    0.00	0.000000	5.000000	0.110000
    0.00	0.000000	5.000000	0.115000
    0.00	0.000000	10.000000	0.120000
    0.00	0.000000	10.000000	0.125000
    0.00	0.000000	15.000000	0.130000
    0.00	0.000000	15.000000	0.135000
    0.00	0.000000	20.000000	0.140000
    0.00	0.000000	20.000000	0.145000
    0.00	0.000000	25.000000	0.150000
    0.00	0.000000	25.000000	0.155000
    0.00	0.000000	30.000000	0.160000
    0.00	0.000000	30.000000	0.165000
    0.00	0.000000	35.000000	0.170000
    0.00	0.000000	35.000000	0.175000
    0.00	0.000000	40.000000	0.180000
    0.00	0.000000	40.000000	0.185000
    0.00	0.000000	45.000000	0.190000
    0.00	0.000000	45.000000	0.195000
    0.00	0.000000	50.000000	0.200000
    0.00	0.000000	50.000000	0.205000
    0.00	0.000000	55.000000	0.210000
    0.00	0.000000	55.000000	0.215000
    0.00	0.000000	60.000000	0.220000
    0.00	0.000000	60.000000	0.225000
    0.00	0.000000	65.000000	0.230000
    0.00	0.000000	65.000000	0.235000
    0.00	0.000000	70.000000	0.240000
    0.00	0.000000	70.000000	0.245000
    0.00	0.000000	75.000000	0.250000
    0.00	0.000000	75.000000	0.255000
    0.00	0.000000	80.000000	0.260000
    0.00	0.000000	80.000000	0.265000
    0.00	0.000000	85.000000	0.270000
    0.00	0.000000	85.000000	0.275000
    0.00	0.000000	90.000000	0.280000
    0.00	0.000000	90.000000	0.285000
    0.00	0.000000	95.000000	0.290000
    0.00	0.000000	95.000000	0.295000
    0.00	0.000000	100.000000	0.300000
    0.00	0.000000	100.000000	0.305000
    0.00	0.000000	105.000000	0.310000
    0.00	0.000000	105.000000	0.315000
    0.00	0.000000	110.000000	0.320000
    0.00	0.000000	110.000000	0.325000
    0.00	0.000000	115.000000	0.330000
    0.00	0.000000	115.000000	0.335000
    0.00	0.000000	120.000000	0.340000
    0.00	0.000000	120.000000	0.345000
    0.00	0.000000	125.000000	0.350000
    0.00	0.000000	125.000000	0.355000
    0.00	0.000000	130.000000	0.360000
    0.00	0.000000	130.000000	0.365000
    0.00	0.000000	135.000000	0.370000
    0.00	0.000000	135.000000	0.375000
    0.00	0.000000	140.000000	0.380000
    0.00	0.000000	140.000000	0.385000
    0.00	0.000000	145.000000	0.390000
    0.00	0.000000	145.000000	0.395000
    0.00	0.000000	150.000000	0.400000
    0.00	0.000000	150.000000	0.405000
    0.00	0.000000	155.000000	0.410000
    0.00	0.000000	155.000000	0.415000
    0.00	0.000000	160.000000	0.420000
    0.45	200.000198	160.000000	0.425000
    0.00	0.000000	165.000000	0.430000
    0.00	0.000000	165.000000	0.435000
    0.45	200.000198	170.000000	0.440000
    0.00	0.000000	170.000000	0.445000
    0.00	0.000000	175.000000	0.450000
    0.00	0.000000	175.000000	0.455000
    0.00	0.000000	180.000000	0.460000
    0.00	0.000000	180.000000	0.465000
    0.45	200.000198	185.000000	0.470000
    0.00	0.000000	185.000000	0.475000
    0.00	0.000000	190.000000	0.480000
    0.45	200.000198	190.000000	0.485000
    0.00	0.000000	195.000000	0.490000
    0.45	200.000198	195.000000	0.495000
    0.00	0.000000	200.000000	0.500000
    0.45	200.000198	200.000000	0.505000
    0.00	0.000000	205.000000	0.510000
    0.45	200.000198	205.000000	0.515000
    0.45	200.000198	210.000000	0.520000
    0.45	200.000198	210.000000	0.525000
    0.00	0.000000	215.000000	0.530000
    0.89	400.000397	215.000000	0.535000
    0.45	199.997803	220.000000	0.540000
    0.89	400.000397	220.000000	0.545000
    0.89	400.000397	225.000000	0.550000
    1.78	800.000793	225.000000	0.555000
    2.23	1000.000977	230.000000	0.560000
    2.67	1200.001099	230.000000	0.565000
    3.57	1600.001587	235.000000	0.570000
    4.46	2000.001953	235.000000	0.575000
    5.35	2400.002197	240.000000	0.580000
    5.79	2600.002441	240.000000	0.585000
    6.24	2800.002686	245.000000	0.590000
    6.68	3000.002930	245.000000	0.595000
    7.13	3199.964844	250.000000	0.600000
    8.02	3600.003418	250.000000	0.605000
    7.58	3400.003174	255.000000	0.610000
    8.02	3600.003418	255.000000	0.615000
    8.91	4000.003906	260.000000	0.620000
    8.91	4000.003906	260.000000	0.625000
    9.36	4200.003906	265.000000	0.630000
   10.25	4600.004395	265.000000	0.635000
    9.80	4400.004395	270.000000	0.640000
   10.70	4800.004395	270.000000	0.645000
   11.14	5000.004883	275.000000	0.650000
   11.14	5000.004883	275.000000	0.655000
   12.03	5400.005371	280.000000	0.660000
   11.59	5199.942871	280.000000	0.665000
   12.48	5600.005371	285.000000	0.670000
   12.92	5800.005371	285.000000	0.675000
   12.92	5800.005371	290.000000	0.680000
   13.37	6000.005859	290.000000	0.685000
   13.37	6000.005859	295.000000	0.690000
   14.26	6400.006348	295.000000	0.695000
   14.26	6400.006348	300.000000	0.700000
   14.71	6600.006348	300.000000	0.705000
   14.71	6600.006348	305.000000	0.710000
   15.60	7000.006836	305.000000	0.715000
   15.15	6800.006348	310.000000	0.720000
   16.04	7199.920898	310.000000	0.725000
   16.04	7200.006836	315.000000	0.730000
   16.49	7400.006836	315.000000	0.735000
   16.93	7600.007324	320.000000	0.740000
   16.93	7600.007324	320.000000	0.745000
   17.38	7800.007324	325.000000	0.750000
   17.83	8000.007812	325.000000	0.755000
   17.83	8000.007812	330.000000	0.760000
   18.27	8200.007812	330.000000	0.765000
   18.72	8400.007812	335.000000	0.770000
   18.72	8400.007812	335.000000	0.775000
   19.16	8600.007812	340.000000	0.780000
   19.61	8800.008789	340.000000	0.785000
   19.61	8799.903320	345.000000	0.790000
   20.50	9200.008789	345.000000	0.795000
   20.05	9000.008789	350.000000	0.800000
   20.94	9400.008789	350.000000	0.805000
   20.94	9400.008789	355.000000	0.810000
   21.39	9600.008789	355.000000	0.815000
   21.39	9600.008789	360.000000	0.820000
   21.84	9800.009766	360.000000	0.825000
   22.28	10000.009766	365.000000	0.830000
   22.73	10200.009766	365.000000	0.835000
   22.73	10200.009766	370.000000	0.840000
   23.17	10400.009766	370.000000	0.845000
   23.62	10599.883789	375.000000	0.850000
   23.62	10600.009766	375.000000	0.855000
   24.06	10800.010742	380.000000	0.860000
   24.06	10800.010742	380.000000	0.865000
   24.51	11000.010742	385.000000	0.870000
   24.96	11200.010742	385.000000	0.875000
   24.96	11200.010742	390.000000	0.880000
   25.85	11600.010742	390.000000	0.885000
   25.85	11600.010742	395.000000	0.890000
   25.85	11600.010742	395.000000	0.895000
   26.29	11800.011719	400.000000	0.900000
   26.74	12000.011719	400.000000	0.905000
   26.74	12000.011719	405.000000	0.910000
   27.63	12399.864258	405.000000	0.915000
   27.18	12200.011719	410.000000	0.920000
   28.07	12600.011719	410.000000	0.925000
   28.07	12600.011719	415.000000	0.930000
   28.52	12800.012695	415.000000	0.935000
   28.52	12800.012695	420.000000	0.940000
   29.41	13200.012695	420.000000	0.945000
   28.97	13000.012695	425.000000	0.950000
   29.86	13400.012695	425.000000	0.955000
   29.41	13200.012695	430.000000	0.960000
   30.30	13600.012695	430.000000	0.965000
   30.30	13600.012695	435.000000	0.970000
   31.19	13999.846680	435.000000	0.975000
   30.75	13800.012695	440.000000	0.980000
   31.64	14200.013672	440.000000	0.985000
   31.19	14000.013672	445.000000	0.990000
   32.09	14400.013672	445.000000	0.995000
   32.09	14400.013672	450.000000	1.000000
   32.98	14800.013672	450.000000	1.005000
   32.53	14600.013672	455.000000	1.010000
   32.98	14800.013672	455.000000	1.015000
   33.42	15000.014648	460.000000	1.020000
   33.87	15200.014648	460.000000	1.025000
   33.87	15200.014648	465.000000	1.030000
   34.31	15400.014648	465.000000	1.035000
   34.31	15400.014648	470.000000	1.040000
   35.21	15800.014648	470.000000	1.045000
   35.21	15800.014648	475.000000	1.050000
   35.65	16000.015625	475.000000	1.055000
   35.65	16000.015625	480.000000	1.060000
   36.10	16200.015625	480.000000	1.065000
   36.54	16399.625000	485.000000	1.070000
   36.54	16400.015625	485.000000	1.075000
   36.99	16600.015625	490.000000	1.080000
   37.43	16800.015625	490.000000	1.085000
   37.43	16800.015625	495.000000	1.090000
   37.88	17000.015625	495.000000	1.095000
   37.88	17000.015625	500.000000	1.100000
   38.32	17200.015625	500.000000	1.105000
   38.77	17400.015625	505.000000	1.110000
   39.22	17600.017578	505.000000	1.115000
   39.22	17600.017578	510.000000	1.120000
   39.66	17800.017578	510.000000	1.125000
   40.11	18000.017578	515.000000	1.130000
   40.11	18000.017578	515.000000	1.135000
   40.55	18200.017578	520.000000	1.140000
   41.00	18400.017578	520.000000	1.145000
   41.00	18400.017578	525.000000	1.150000
   41.44	18600.017578	525.000000	1.155000
   41.44	18600.017578	530.000000	1.160000
   41.89	18800.017578	530.000000	1.165000
   41.89	18800.017578	535.000000	1.170000
   42.78	19200.017578	535.000000	1.175000
   42.78	19200.017578	540.000000	1.180000
   42.78	19200.017578	540.000000	1.185000
   43.67	19600.019531	545.000000	1.190000
   43.67	19599.550781	545.000000	1.195000
   43.67	19600.019531	550.000000	1.200000
   44.56	20000.019531	550.000000	1.205000
   44.56	20000.019531	555.000000	1.210000
   45.01	20200.019531	555.000000	1.215000
   44.56	20000.019531	560.000000	1.220000
   45.90	20600.019531	560.000000	1.225000
   45.45	20400.019531	565.000000	1.230000
   46.35	20800.019531	565.000000	1.235000
   45.90	20600.019531	570.000000	1.240000
   46.79	21000.019531	570.000000	1.245000
   46.79	21000.019531	575.000000	1.250000
   47.24	21200.019531	575.000000	1.255000
   47.68	21400.019531	580.000000	1.260000
   47.68	21400.019531	580.000000	1.265000
   48.13	21600.021484	585.000000	1.270000
   48.57	21800.021484	585.000000	1.275000
   48.57	21800.021484	590.000000	1.280000
   49.02	22000.021484	590.000000	1.285000
   49.02	22000.021484	595.000000	1.290000
   49.91	22400.021484	595.000000	1.295000
   49.91	22400.021484	600.000000	1.300000
   49.91	22400.021484	600.000000	1.305000
   50.36	22600.021484	605.000000	1.310000
   51.25	23000.021484	605.000000	1.315000
   50.80	22799.478516	610.000000	1.320000
   51.69	23200.021484	610.000000	1.325000
   51.69	23200.021484	615.000000	1.330000
   51.69	23200.021484	615.000000	1.335000
   52.14	23400.021484	620.000000	1.340000
   53.03	23800.023438	620.000000	1.345000
   52.58	23600.023438	625.000000	1.350000
   53.48	24000.023438	625.000000	1.355000
   53.03	23800.023438	630.000000	1.360000
   53.92	24200.023438	630.000000	1.365000
   53.48	24000.023438	635.000000	1.370000
   54.37	24400.023438	635.000000	1.375000
   54.37	24400.023438	640.000000	1.380000
   55.26	24800.023438	640.000000	1.385000
   55.26	24800.023438	645.000000	1.390000
   55.70	25000.023438	645.000000	1.395000
   55.70	25000.023438	650.000000	1.400000
   56.60	25400.023438	650.000000	1.405000
   56.15	25200.023438	655.000000	1.410000
   57.04	25600.025391	655.000000	1.415000
   56.60	25400.023438	660.000000	1.420000
   57.49	25800.025391	660.000000	1.425000
   57.49	25800.025391	665.000000	1.430000
   58.38	26200.025391	665.000000	1.435000
   57.93	26000.025391	670.000000	1.440000
   58.82	26399.396484	670.000000	1.445000
   58.82	26400.025391	675.000000	1.450000
   59.27	26600.025391	675.000000	1.455000
   59.27	26600.025391	680.000000	1.460000
   60.16	27000.025391	680.000000	1.465000
   59.71	26800.025391	685.000000	1.470000
   60.61	27200.025391	685.000000	1.475000
   60.16	27000.025391	690.000000	1.480000
   61.50	27600.025391	690.000000	1.485000
   61.05	27400.025391	695.000000	1.490000
   61.50	27600.025391	695.000000	1.495000
   61.94	27800.027344	700.000000	1.500000
   61.94	27800.027344	700.000000	1.505000
   62.39	28000.027344	705.000000	1.510000
   62.83	28200.027344	705.000000	1.515000
   62.83	28200.027344	710.000000	1.520000
   63.73	28600.027344	710.000000	1.525000
   63.28	28400.027344	715.000000	1.530000
   64.17	28800.027344	715.000000	1.535000
   64.17	28800.027344	720.000000	1.540000
   64.62	29000.027344	720.000000	1.545000
   64.62	29000.027344	725.000000	1.550000
   65.51	29400.027344	725.000000	1.555000
   65.06	29200.027344	730.000000	1.560000
   65.95	29600.027344	730.000000	1.565000
   65.51	29399.326172	735.000000	1.570000
   66.84	30000.029297	735.000000	1.575000
   66.40	29800.029297	740.000000	1.580000
   67.29	30200.029297	740.000000	1.585000
   66.84	30000.029297	745.000000	1.590000
   67.74	30400.029297	745.000000	1.595000
   67.74	30400.029297	750.000000	1.600000
   68.18	30600.029297	750.000000	1.605000
   68.18	30600.029297	755.000000	1.610000
   69.07	31000.029297	755.000000	1.615000
   69.07	31000.029297	760.000000	1.620000
   69.07	31000.029297	760.000000	1.625000
   69.52	31200.029297	765.000000	1.630000
   70.41	31600.029297	765.000000	1.635000
   69.96	31400.029297	770.000000	1.640000
   70.86	31800.031250	770.000000	1.645000
   70.41	31600.029297	775.000000	1.650000
   71.75	32200.031250	775.000000	1.655000
   70.86	31800.031250	780.000000	1.660000
   72.19	32400.031250	780.000000	1.665000
   71.75	32200.031250	785.000000	1.670000
   72.64	32600.031250	785.000000	1.675000
   72.19	32400.031250	790.000000	1.680000
   73.08	32800.031250	790.000000	1.685000
   73.08	32800.031250	795.000000	1.690000
   73.97	33199.238281	795.000000	1.695000
   73.53	33000.031250	800.000000	1.700000
   74.42	33400.031250	800.000000	1.705000
   74.42	33400.031250	805.000000	1.710000
   74.87	33600.031250	805.000000	1.715000
   74.87	33600.031250	810.000000	1.720000
   75.76	34000.031250	810.000000	1.725000
   75.31	33800.031250	815.000000	1.730000
   76.20	34200.031250	815.000000	1.735000
   76.20	34200.031250	820.000000	1.740000
   76.65	34400.031250	820.000000	1.745000
   76.65	34400.031250	825.000000	1.750000
   77.54	34800.031250	825.000000	1.755000
   77.09	34600.031250	830.000000	1.760000
   77.99	35000.035156	830.000000	1.765000
   77.99	35000.035156	835.000000	1.770000
   78.43	35200.035156	835.000000	1.775000
   78.43	35200.035156	840.000000	1.780000
   79.32	35600.035156	840.000000	1.785000
   78.88	35400.035156	845.000000	1.790000
   79.77	35800.035156	845.000000	1.795000
   79.77	35800.035156	850.000000	1.800000
   80.21	36000.035156	850.000000	1.805000
   80.21	36000.035156	855.000000	1.810000
   81.11	36400.035156	855.000000	1.815000
   80.66	36199.171875	860.000000	1.820000
   82.00	36800.035156	860.000000	1.825000
   81.11	36400.035156	865.000000	1.830000
   82.44	37000.035156	865.000000	1.835000
   81.55	36600.035156	870.000000	1.840000
   82.89	37200.035156	870.000000	1.845000
   82.44	37000.035156	875.000000	1.850000
   83.78	37600.035156	875.000000	1.855000
   82.89	37200.035156	880.000000	1.860000
   83.78	37600.035156	880.000000	1.865000
   83.78	37600.035156	885.000000	1.870000
   84.67	38000.035156	885.000000	1.875000
   84.22	37800.035156	890.000000	1.880000
   85.12	38200.035156	890.000000	1.885000
   84.67	38000.035156	895.000000	1.890000
   86.01	38600.035156	895.000000	1.895000
   85.12	38200.035156	900.000000	1.900000
   86.45	38800.035156	900.000000	1.905000
   86.01	38600.035156	905.000000	1.910000
   86.90	39000.039062	905.000000	1.915000
   86.45	38800.035156	910.000000	1.920000
   87.34	39200.039062	910.000000	1.925000
   86.90	39000.039062	915.000000	1.930000
   87.79	39400.039062	915.000000	1.935000
   87.79	39400.039062	920.000000	1.940000
   88.68	39799.089844	920.000000	1.945000
   88.24	39600.039062	925.000000	1.950000
   89.13	40000.039062	925.000000	1.955000
   88.24	39600.039062	930.000000	1.960000
   90.02	40400.039062	930.000000	1.965000
   89.57	40200.039062	935.000000	1.970000
   90.46	40600.039062	935.000000	1.975000
   90.02	40400.039062	940.000000	1.980000
   90.91	40800.039062	940.000000	1.985000
   90.91	40800.039062	945.000000	1.990000
   91.35	41000.039062	945.000000	1.995000
   91.35	41000.039062	950.000000	2.000000
   92.25	41400.039062	950.000000	2.005000
   91.80	41199.058594	955.000000	2.010000
   93.14	41801.035156	955.000000	2.015000
   92.24	41399.050781	960.000000	2.020000
   93.59	42001.042969	960.000000	2.025000
   92.69	41599.046875	965.000000	2.030000
   94.48	42401.050781	965.000000	2.035000
   93.14	41799.042969	970.000000	2.040000
   94.92	42601.054688	970.000000	2.045000
   94.03	42199.035156	975.000000	2.050000
   95.37	42801.062500	975.000000	2.055000
   94.92	42599.023438	980.000000	2.060000
   95.81	43001.066406	980.000000	2.065000
   94.92	42599.023438	985.000000	2.070000
   96.70	43401.074219	985.000000	2.075000
   95.81	42999.015625	990.000000	2.080000
   97.15	43601.082031	990.000000	2.085000
   96.25	43199.011719	995.000000	2.090000
   97.60	43801.085938	995.000000	2.095000
   97.15	43599.003906	1000.000000	2.100000
   99.82	44801.109375	1000.000000	2.105000
   97.59	43798.996094	1005.000000	2.110000
   98.93	44401.101562	1005.000000	2.115000
   98.04	43998.992188	1010.000000	2.120000
   99.38	44601.105469	1010.000000	2.125000
   98.48	44198.988281	1015.000000	2.130000
  100.27	44998.968750	1015.000000	2.135000
   99.38	44601.105469	1020.000000	2.140000
  100.27	44998.968750	1020.000000	2.145000
  100.27	45001.117188	1025.000000	2.150000
  100.71	45198.964844	1025.000000	2.155000
  100.72	45201.121094	1030.000000	2.160000
  101.60	45598.957031	1030.000000	2.165000
  100.72	45201.121094	1035.000000	2.170000
  102.49	45998.945312	1035.000000	2.175000
  101.61	45601.128906	1040.000000	2.180000
  102.94	46198.941406	1040.000000	2.185000
  102.05	45801.136719	1045.000000	2.190000
  103.38	46398.937500	1045.000000	2.195000
  102.94	46201.144531	1050.000000	2.200000
  103.83	46598.933594	1050.000000	2.205000
  103.39	46401.152344	1055.000000	2.210000
  104.72	46998.925781	1055.000000	2.215000
  103.84	46601.156250	1060.000000	2.220000
  105.17	47198.917969	1060.000000	2.225000
  104.73	47001.164062	1065.000000	2.230000
  105.61	47398.914062	1065.000000	2.235000
  105.17	47201.171875	1070.000000	2.240000
  106.50	47798.906250	1070.000000	2.245000
  105.62	47401.175781	1075.000000	2.250000
  106.95	47998.902344	1075.000000	2.255000
  106.06	47598.910156	1080.000000	2.260000
  107.85	48401.199219	1080.000000	2.265000
  106.50	47798.906250	1085.000000	2.270000
  108.29	48601.207031	1085.000000	2.275000
  107.40	48198.898438	1090.000000	2.280000
  108.74	48801.210938	1090.000000	2.285000
  107.84	48398.890625	1095.000000	2.290000
  109.18	49001.214844	1095.000000	2.295000
  108.73	48798.882812	1100.000000	2.300000
  109.63	49201.218750	1100.000000	2.305000
  109.18	48998.878906	1105.000000	2.310000
  110.52	49601.230469	1105.000000	2.315000
  109.62	49198.875000	1110.000000	2.320000
  111.41	50001.238281	1110.000000	2.325000
  110.07	49398.871094	1115.000000	2.330000
  111.41	50001.238281	1115.000000	2.335000
  111.41	49998.855469	1120.000000	2.340000
  111.86	50201.246094	1120.000000	2.345000
  111.41	49998.855469	1125.000000	2.350000
  112.75	50601.253906	1125.000000	2.355000
  112.30	50398.847656	1130.000000	2.360000
  113.19	50801.257812	1130.000000	2.365000
  112.74	50598.843750	1135.000000	2.370000
  114.08	51201.269531	1135.000000	2.375000
  113.19	50798.835938	1140.000000	2.380000
  114.08	51198.828125	1140.000000	2.385000
  114.08	51201.269531	1145.000000	2.390000
  114.97	51598.820312	1145.000000	2.395000
  114.08	51201.269531	1150.000000	2.400000
  115.86	51998.808594	1150.000000	2.405000
  114.98	51601.281250	1155.000000	2.410000
  115.86	51998.808594	1155.000000	2.415000
  115.87	52001.289062	1160.000000	2.420000
  116.75	52398.800781	1160.000000	2.425000
  115.87	52001.289062	1165.000000	2.430000
  117.64	52798.792969	1165.000000	2.435000
  116.31	52201.292969	1170.000000	2.440000
  118.09	52998.785156	1170.000000	2.445000
  117.20	52601.304688	1175.000000	2.450000
  118.54	53198.781250	1175.000000	2.455000
  117.65	52801.308594	1180.000000	2.460000
  119.43	53598.773438	1180.000000	2.465000
  118.10	53001.312500	1185.000000	2.470000
  119.43	53598.773438	1185.000000	2.475000
  118.99	53401.324219	1190.000000	2.480000
  120.32	53998.765625	1190.000000	2.485000
  119.43	53601.328125	1195.000000	2.490000
  120.76	54198.757812	1195.000000	2.495000
  120.32	54001.339844	1200.000000	2.500000
  121.21	54398.753906	1200.000000	2.505000
  120.76	54198.757812	1205.000000	2.510000
  121.66	54601.355469	1205.000000	2.515000
  121.65	54598.750000	1210.000000	2.520000
  122.55	55001.363281	1210.000000	2.525000
  121.65	54598.750000	1215.000000	2.530000
  123.44	55401.375000	1215.000000	2.535000
  122.10	54798.746094	1220.000000	2.540000
  123.89	55601.378906	1220.000000	2.545000
  122.99	55198.738281	1225.000000	2.550000
  124.33	55801.382812	1225.000000	2.555000
  123.44	55398.730469	1230.000000	2.560000
  124.78	56001.386719	1230.000000	2.565000
  124.33	55798.722656	1235.000000	2.570000
  125.67	56401.398438	1235.000000	2.575000
  124.33	55798.722656	1240.000000	2.580000
  126.56	56801.410156	1240.000000	2.585000
  125.22	56198.714844	1245.000000	2.590000
  127.01	57001.414062	1245.000000	2.595000
  125.67	56398.710938	1250.000000	2.600000
  127.01	57001.414062	1250.000000	2.605000
  126.56	56798.699219	1255.000000	2.610000
  127.90	57401.421875	1255.000000	2.615000
  127.00	56998.695312	1260.000000	2.620000
  128.35	57601.429688	1260.000000	2.625000
  127.45	57198.691406	1265.000000	2.630000
  128.34	57598.683594	1265.000000	2.635000
  127.90	57401.421875	1270.000000	2.640000
  129.68	58198.667969	1270.000000	2.645000
  128.79	57801.433594	1275.000000	2.650000
  130.12	58398.664062	1275.000000	2.655000
  129.24	58001.437500	1280.000000	2.660000
  130.57	58598.660156	1280.000000	2.665000
  130.13	58401.449219	1285.000000	2.670000
  131.01	58798.652344	1285.000000	2.675000
  130.57	58601.453125	1290.000000	2.680000
  131.90	59198.644531	1290.000000	2.685000
  131.02	58801.457031	1295.000000	2.690000
  132.35	59398.640625	1295.000000	2.695000
  131.91	59201.468750	1300.000000	2.700000
  132.80	59598.636719	1300.000000	2.705000
  132.36	59401.472656	1305.000000	2.710000
  133.69	59998.625000	1305.000000	2.715000
  132.80	59601.476562	1310.000000	2.720000
  134.13	60198.621094	1310.000000	2.725000
  133.25	59801.484375	1315.000000	2.730000
  135.02	60598.613281	1315.000000	2.735000
  133.69	60001.488281	1320.000000	2.740000
  135.47	60798.609375	1320.000000	2.745000
  134.58	60401.496094	1325.000000	2.750000
  136.36	61198.597656	1325.000000	2.755000
  134.58	60398.617188	1330.000000	2.760000
  136.81	61401.523438	1330.000000	2.765000
  135.91	60998.605469	1335.000000	2.770000
  136.81	61401.523438	1335.000000	2.775000
  136.81	61398.593750	1340.000000	2.780000
  137.70	61801.531250	1340.000000	2.785000
  137.25	61598.589844	1345.000000	2.790000
  138.60	62201.542969	1345.000000	2.795000
  137.70	61798.585938	1350.000000	2.800000
  139.49	62601.550781	1350.000000	2.805000
  138.59	62198.578125	1355.000000	2.810000
  139.49	62601.550781	1355.000000	2.815000
  138.59	62198.578125	1360.000000	2.820000
  140.82	63201.566406	1360.000000	2.825000
  138.14	61998.582031	1365.000000	2.830000
  140.82	63201.566406	1365.000000	2.835000
  139.93	62798.562500	1370.000000	2.840000
  141.71	63601.578125	1370.000000	2.845000
  140.37	62998.558594	1375.000000	2.850000
  142.16	63801.582031	1375.000000	2.855000
  140.82	63198.554688	1380.000000	2.860000
  142.61	64001.585938	1380.000000	2.865000
  140.37	62998.558594	1385.000000	2.870000
  142.61	64001.585938	1385.000000	2.875000
  141.71	63598.542969	1390.000000	2.880000
  143.04	64198.531250	1390.000000	2.885000
  142.16	63801.582031	1395.000000	2.890000
  143.49	64398.527344	1395.000000	2.895000
  142.16	63801.582031	1400.000000	2.900000
  143.49	64398.527344	1400.000000	2.905000
  142.61	64001.585938	0.000000	2.910000
  133.24	59798.632812	0.000000	2.915000
  129.68	58201.441406	0.000000	2.920000
  119.43	53598.773438	0.000000	2.925000
  108.74	48801.210938	0.000000	2.930000
   99.82	44798.976562	0.000000	2.935000
   90.02	40401.000000	0.000000	2.940000
   82.89	37199.148438	0.000000	2.945000
   74.87	33600.832031	0.000000	2.950000
   68.18	30599.298828	0.000000	2.955000
   61.94	27800.689453	0.000000	2.960000
   56.59	25399.417969	0.000000	2.965000
   52.14	23400.580078	0.000000	2.970000
   47.24	21199.515625	0.000000	2.975000
   43.67	19600.486328	0.000000	2.980000
   40.55	18199.583984	0.000000	2.985000
   37.43	16800.416016	0.000000	2.990000
   35.20	15799.638672	0.000000	2.995000
   32.53	14600.362305	0.000000	3.000000
   30.75	13799.684570	0.000000	3.005000
   29.41	13199.698242	0.000000	3.010000
   27.63	12400.307617	0.000000	3.015000
   26.29	11799.729492	0.000000	3.020000
   25.40	11400.282227	0.000000	3.025000
   24.06	10799.752930	0.000000	3.030000
   23.17	10400.257812	0.000000	3.035000
   22.28	9999.771484	0.000000	3.040000
   20.95	9400.233398	0.000000	3.045000
   20.94	9399.785156	0.000000	3.050000
   20.05	9000.223633	0.000000	3.055000
   19.61	8799.798828	0.000000	3.060000
   18.72	8400.208008	0.000000	3.065000
   17.82	7999.816895	0.000000	3.070000
   17.38	7800.193359	0.000000	3.075000
   17.38	7799.821289	0.000000	3.080000
   16.49	7400.183594	0.000000	3.085000
   15.60	6999.839844	0.000000	3.090000
   15.60	7000.173340	0.000000	3.095000
   14.71	6599.849121	0.000000	3.100000
   14.71	6600.163574	0.000000	3.105000
   13.81	6199.857910	0.000000	3.110000
   13.81	6200.153809	0.000000	3.115000
   12.92	5799.867188	0.000000	3.120000
   12.48	5600.138672	0.000000	3.125000
   12.03	5399.876465	0.000000	3.130000
   12.03	5399.876465	0.000000	3.135000
   11.59	5200.128906	0.000000	3.140000
   10.69	4799.890137	0.000000	3.145000
   10.25	4600.114258	0.000000	3.150000
   10.25	4599.894531	0.000000	3.155000
    9.36	4200.104004	0.000000	3.160000
    9.36	4199.903809	0.000000	3.165000
    8.47	3800.094238	0.000000	3.170000
    8.47	3799.913086	0.000000	3.175000
    8.02	3600.089355	0.000000	3.180000
    7.58	3399.922119	0.000000	3.185000
    6.68	3000.074463	0.000000	3.190000
    7.13	3199.926758	0.000000	3.195000
    6.24	2800.069336	0.000000	3.200000
    5.79	2599.940430	0.000000	3.205000
    4.90	2200.054443	0.000000	3.210000
    4.90	2199.949707	0.000000	3.215000
    4.46	2000.049561	0.000000	3.220000
    4.90	2199.949707	0.000000	3.225000
    4.01	1800.044678	0.000000	3.230000
    3.56	1599.963379	0.000000	3.235000
    2.67	1200.029785	0.000000	3.240000
    2.67	1199.972534	0.000000	3.245000
    2.23	1000.024780	0.000000	3.250000
    2.67	1199.972534	0.000000	3.255000
    2.23	999.977112	0.000000	3.260000
    2.67	1200.029785	0.000000	3.265000
    2.67	1199.972534	0.000000	3.270000
    2.23	1000.024780	0.000000	3.275000
    0.89	399.990845	0.000000	3.280000
    0.00	0.000000	0.000000	3.285000
   -0.45	-199.995422	0.000000	3.290000
   -1.34	-600.014893	0.000000	3.295000
   -0.89	-399.990845	0.000000	3.300000
   -1.78	-800.019836	0.000000	3.305000
   -1.34	-599.986267	0.000000	3.310000
   -0.45	-200.004959	0.000000	3.315000
   -0.45	-199.995422	0.000000	3.320000
    0.00	0.000000	0.000000	3.325000
    0.45	199.995422	0.000000	3.330000
    0.45	200.004959	0.000000	3.335000
    0.45	199.995422	0.000000	3.340000
    0.00	0.000000	0.000000	3.345000
    0.00	0.000000	0.000000	3.350000
    0.00	0.000000	0.000000	3.355000
    0.00	0.000000	0.000000	3.360000
    0.00	0.000000	0.000000	3.365000
    0.00	0.000000	0.000000	3.370000
    0.00	0.000000	0.000000	3.375000
    0.00	0.000000	0.000000	3.380000
    0.00	0.000000	0.000000	3.385000
    0.00	0.000000	0.000000	3.390000
    0.00	0.000000	0.000000	3.395000
    0.00	0.000000	0.000000	3.400000
    0.00	0.000000	0.000000	3.405000
    0.00	0.000000	0.000000	3.410000
    0.00	0.000000	0.000000	3.415000
    0.00	0.000000	0.000000	3.420000
    0.00	0.000000	0.000000	3.425000
    0.00	0.000000	0.000000	3.430000
    0.00	0.000000	0.000000	3.435000
    0.00	0.000000	0.000000	3.440000
    0.00	0.000000	0.000000	3.445000
    0.00	0.000000	0.000000	3.450000
    0.00	0.000000	0.000000	3.455000
    0.00	0.000000	0.000000	3.460000
    0.00	0.000000	0.000000	3.465000
    0.00	0.000000	0.000000	3.470000
    0.00	0.000000	0.000000	3.475000
    0.00	0.000000	0.000000	3.480000
    0.00	0.000000	0.000000	3.485000
    0.00	0.000000	0.000000	3.490000
    0.00	0.000000	0.000000	3.495000
    0.00	0.000000	0.000000	3.500000
    0.00	0.000000	0.000000	3.505000
    0.00	0.000000	0.000000	3.510000
    0.00	0.000000	0.000000	3.515000
    0.00	0.000000	0.000000	3.520000
    0.00	0.000000	0.000000	3.525000
    0.00	0.000000	0.000000	3.530000
    0.00	0.000000	0.000000	3.535000
    0.00	0.000000	0.000000	3.540000
    0.00	0.000000	0.000000	3.545000
    0.00	0.000000	0.000000	3.550000
    0.00	0.000000	0.000000	3.555000
    0.00	0.000000	0.000000	3.560000
    0.00	0.000000	0.000000	3.565000
    0.00	0.000000	0.000000	3.570000
    0.00	0.000000	0.000000	3.575000
    0.00	0.000000	0.000000	3.580000
    0.00	0.000000	0.000000	3.585000
    0.00	0.000000	0.000000	3.590000
    0.00	0.000000	0.000000	3.595000
    0.00	0.000000	0.000000	3.600000
    0.00	0.000000	0.000000	3.605000
    0.00	0.000000	0.000000	3.610000
    0.00	0.000000	0.000000	3.615000
    0.00	0.000000	0.000000	3.620000
    0.00	0.000000	0.000000	3.625000
    0.00	0.000000	0.000000	3.630000
    0.00	0.000000	0.000000	3.635000
    0.00	0.000000	0.000000	3.640000
    0.00	0.000000	0.000000	3.645000
    0.00	0.000000	0.000000	3.650000
    0.00	0.000000	0.000000	3.655000
    0.00	0.000000	0.000000	3.660000
    0.00	0.000000	0.000000	3.665000
    0.00	0.000000	0.000000	3.670000
    0.00	0.000000	0.000000	3.675000
    0.00	0.000000	0.000000	3.680000
    0.00	0.000000	0.000000	3.685000
    0.00	0.000000	0.000000	3.690000
    0.00	0.000000	0.000000	3.695000
    0.00	0.000000	0.000000	3.700000
    0.00	0.000000	0.000000	3.705000
    0.00	0.000000	0.000000	3.710000
    0.00	0.000000	0.000000	3.715000
    0.00	0.000000	0.000000	3.720000
    0.00	0.000000	0.000000	3.725000
    0.00	0.000000	0.000000	3.730000
    0.00	0.000000	0.000000	3.735000
    0.00	0.000000	0.000000	3.740000
    0.00	0.000000	0.000000	3.745000
    0.00	0.000000	0.000000	3.750000
    0.00	0.000000	0.000000	3.755000
    0.00	0.000000	0.000000	3.760000
    0.00	0.000000	0.000000	3.765000
    0.00	0.000000	0.000000	3.770000
    0.00	0.000000	0.000000	3.775000
    0.00	0.000000	0.000000	3.780000
    0.00	0.000000	0.000000	3.785000
    0.00	0.000000	0.000000	3.790000
    0.00	0.000000	0.000000	3.795000
    0.00	0.000000	0.000000	3.800000
    0.00	0.000000	0.000000	3.805000
    0.00	0.000000	0.000000	3.810000
    0.00	0.000000	0.000000	3.815000
    0.00	0.000000	0.000000	3.820000
    0.00	0.000000	0.000000	3.825000
    0.00	0.000000	0.000000	3.830000
    0.00	0.000000	0.000000	3.835000
    0.00	0.000000	0.000000	3.840000
    0.00	0.000000	0.000000	3.845000
    0.00	0.000000	0.000000	3.850000
    0.00	0.000000	0.000000	3.855000
    0.00	0.000000	0.000000	3.860000
    0.00	0.000000	0.000000	3.865000
    0.00	0.000000	0.000000	3.870000
    0.00	0.000000	0.000000	3.875000
    0.00	0.000000	0.000000	3.880000
    0.00	0.000000	0.000000	3.885000
    0.00	0.000000	0.000000	3.890000
    0.00	0.000000	0.000000	3.895000
    0.00	0.000000	0.000000	3.900000
    0.00	0.000000	0.000000	3.905000
    0.00	0.000000	0.000000	3.910000
    0.00	0.000000	0.000000	3.915000
    0.00	0.000000	0.000000	3.920000
    0.00	0.000000	0.000000	3.925000
    0.00	0.000000	0.000000	3.930000
    0.00	0.000000	0.000000	3.935000
    0.00	0.000000	0.000000	3.940000
    0.00	0.000000	0.000000	3.945000
    0.00	0.000000	0.000000	3.950000
    0.00	0.000000	0.000000	3.955000
    0.00	0.000000	0.000000	3.960000
    0.00	0.000000	0.000000	3.965000
    0.00	0.000000	0.000000	3.970000
    0.00	0.000000	0.000000	3.975000
    0.00	0.000000	0.000000	3.980000
    0.00	0.000000	0.000000	3.985000
    0.00	0.000000	0.000000	3.990000
    0.00	0.000000	0.000000	3.995000
    0.00	0.000000	0.000000	4.000000
    0.00	0.000000	0.000000	4.005000
    0.00	0.000000	0.000000	4.010000
    0.00	0.000000	0.000000	4.015000
    0.00	0.000000	0.000000	4.020000
    0.00	0.000000	0.000000	4.025000
    0.00	0.000000	0.000000	4.030000
    0.00	0.000000	0.000000	4.035000
    0.00	0.000000	0.000000	4.040000
    0.00	0.000000	0.000000	4.045000
    0.00	0.000000	0.000000	4.050000
    0.00	0.000000	0.000000	4.055000
    0.00	0.000000	0.000000	4.060000
    0.00	0.000000	0.000000	4.065000
    0.00	0.000000	0.000000	4.070000
    0.00	0.000000	0.000000	4.075000
    0.00	0.000000	0.000000	4.080000
    0.00	0.000000	0.000000	4.085000
    0.00	0.000000	0.000000	4.090000
    0.00	0.000000	0.000000	4.095000
    0.00	0.000000	0.000000	4.100000
    0.00	0.000000	0.000000	4.105000
    0.00	0.000000	0.000000	4.110000
    0.00	0.000000	0.000000	4.115000
    0.00	0.000000	0.000000	4.120000
    0.00	0.000000	0.000000	4.125000
    0.00	0.000000	0.000000	4.130000
    0.00	0.000000	0.000000	4.135000
    0.00	0.000000	0.000000	4.140000
    0.00	0.000000	0.000000	4.145000
    0.00	0.000000	0.000000	4.150000
    0.00	0.000000	0.000000	4.155000
    0.00	0.000000	0.000000	4.160000
    0.00	0.000000	0.000000	4.165000
    0.00	0.000000	0.000000	4.170000
    0.00	0.000000	0.000000	4.175000
    0.00	0.000000	0.000000	4.180000
    0.00	0.000000	0.000000	4.185000
    0.00	0.000000	0.000000	4.190000
    0.00	0.000000	0.000000	4.195000
    0.00	0.000000	0.000000	4.200000
    0.00	0.000000	0.000000	4.205000
    0.00	0.000000	0.000000	4.210000
    0.00	0.000000	0.000000	4.215000
    0.00	0.000000	0.000000	4.220000
    0.00	0.000000	0.000000	4.225000
    0.00	0.000000	0.000000	4.230000
    0.00	0.000000	0.000000	4.235000
    0.00	0.000000	0.000000	4.240000
    0.00	0.000000	0.000000	4.245000
    0.00	0.000000	0.000000	4.250000
    0.00	0.000000	0.000000	4.255000
    0.00	0.000000	0.000000	4.260000
    0.00	0.000000	0.000000	4.265000
    0.00	0.000000	0.000000	4.270000
    0.00	0.000000	0.000000	4.275000
    0.00	0.000000	0.000000	4.280000
    0.00	0.000000	0.000000	4.285000
    0.00	0.000000	0.000000	4.290000
    0.00	0.000000	0.000000	4.295000
    0.00	0.000000	0.000000	4.300000
    0.00	0.000000	0.000000	4.305000
    0.00	0.000000	0.000000	4.310000
    0.00	0.000000	0.000000	4.315000
    0.00	0.000000	0.000000	4.320000
    0.00	0.000000	0.000000	4.325000
    0.00	0.000000	0.000000	4.330000
    0.00	0.000000	0.000000	4.335000
    0.00	0.000000	0.000000	4.340000
    0.00	0.000000	0.000000	4.345000
    0.00	0.000000	0.000000	4.350000
    0.00	0.000000	0.000000	4.355000
    0.00	0.000000	0.000000	4.360000
    0.00	0.000000	0.000000	4.365000
    0.00	0.000000	0.000000	4.370000
    0.00	0.000000	0.000000	4.375000
    0.00	0.000000	0.000000	4.380000
    0.00	0.000000	0.000000	4.385000
    0.00	0.000000	0.000000	4.390000
    0.00	0.000000	0.000000	4.395000
    0.00	0.000000	0.000000	4.400000
    0.00	0.000000	0.000000	4.405000
    0.00	0.000000	0.000000	4.410000
    0.00	0.000000	0.000000	4.415000
    0.00	0.000000	0.000000	4.420000
    0.00	0.000000	0.000000	4.425000
    0.00	0.000000	0.000000	4.430000
    0.00	0.000000	0.000000	4.435000
    0.00	0.000000	0.000000	4.440000
    0.00	0.000000	0.000000	4.445000
    0.00	0.000000	0.000000	4.450000
    0.00	0.000000	0.000000	4.455000
    0.00	0.000000	0.000000	4.460000
    0.00	0.000000	0.000000	4.465000
    0.00	0.000000	0.000000	4.470000
    0.00	0.000000	0.000000	4.475000
    0.00	0.000000	0.000000	4.480000
    0.00	0.000000	0.000000	4.485000
    0.00	0.000000	0.000000	4.490000
    0.00	0.000000	0.000000	4.495000
    0.00	0.000000	0.000000	4.500000
    0.00	0.000000	0.000000	4.505000
    0.00	0.000000	0.000000	4.510000
    0.00	0.000000	0.000000	4.515000
    0.00	0.000000	0.000000	4.520000
    0.00	0.000000	0.000000	4.525000
    0.00	0.000000	0.000000	4.530000
    0.00	0.000000	0.000000	4.535000
    0.00	0.000000	0.000000	4.540000
    0.00	0.000000	0.000000	4.545000
    0.00	0.000000	0.000000	4.550000
    0.00	0.000000	0.000000	4.555000
    0.00	0.000000	0.000000	4.560000
    0.00	0.000000	0.000000	4.565000
    0.00	0.000000	0.000000	4.570000
    0.00	0.000000	0.000000	4.575000
    0.00	0.000000	0.000000	4.580000
    0.00	0.000000	0.000000	4.585000
    0.00	0.000000	0.000000	4.590000
    0.00	0.000000	0.000000	4.595000
    0.00	0.000000	0.000000	4.600000
    0.00	0.000000	0.000000	4.605000
    0.00	0.000000	0.000000	4.610000
    0.00	0.000000	0.000000	4.615000
    0.00	0.000000	0.000000	4.620000
    0.00	0.000000	0.000000	4.625000
    0.00	0.000000	0.000000	4.630000
    0.00	0.000000	0.000000	4.635000
    0.00	0.000000	0.000000	4.640000
    0.00	0.000000	0.000000	4.645000
    0.00	0.000000	0.000000	4.650000
    0.00	0.000000	0.000000	4.655000
    0.00	0.000000	0.000000	4.660000
    0.00	0.000000	0.000000	4.665000
    0.00	0.000000	0.000000	4.670000
    0.00	0.000000	0.000000	4.675000
    0.00	0.000000	0.000000	4.680000
    0.00	0.000000	0.000000	4.685000
    0.00	0.000000	0.000000	4.690000
    0.00	0.000000	0.000000	4.695000
    0.00	0.000000	0.000000	4.700000
    0.00	0.000000	0.000000	4.705000
    0.00	0.000000	0.000000	4.710000
    0.00	0.000000	0.000000	4.715000