115882
60564
55318
569998
300229
269769
501269
266411
234858
500288
263230
237058
1071078
564868
506210
2633028
1368039
1264989
2379014
1223231
1155783
1824339
955672
868667
1720601
916825
803776
1656355
884231
772124
1628804
861742
767062
1347008
691118
655890
1204596
597114
607482
751256
368042
383214
516364
243021
273343
504005
235799
268206
386374
187209
199165
199673
94819
104854
77475
34359
43116
20345
8256
12089
4064
1505
2559
552
146
406
0.13%
0.023%
0.00959%
0.0152%
0.000167
0.00015
0.000168
0.000222
0.00047
0.00084
0.00150
0.00257
0.0037
0.0063
0.0111
0.0211
0.0376
0.0669
0.11302
0.189
0.265
0.4583